id 	 Predicted_Is_Paraphrase 
65977 641bc8de-b905-4ae4-a0ee-abea15fbc88e, 3919 
176826 a9b4a342-5a5c-4f99-a104-9d1c4f26e0ab, 3919 
77211 fc32b44b-5288-48c5-b66d-a8342838b907, 8505 
382066 460899e7-a67f-41db-b204-e2d77f8efb78, 3919 
237122 b3549639-8557-4848-9ea7-c48b27dcdb39, 8505 
382296 828ef916-678f-43e3-8916-e08d0fdaeed0, 3919 
368297 4198fb98-259f-4e4c-8d45-ef2347920fad, 8505 
244653 f4b9daac-cdf7-4a0a-bfa2-053cbc897eaf, 8505 
198670 4d73c0ee-af51-47cb-ac46-63ae68714fd1, 3919 
105747 45f73b82-e328-4280-a8f7-1f1871a224e0, 3919 
62002 fde68963-f10c-4ea9-982c-36d15eadd35b, 3919 
202487 d1a76779-a446-4eda-8cd1-779b3f6f967a, 3919 
25443 d6c665f6-a519-43d5-9c88-cc3b4c4d7e26, 8505 
309525 0d95b42d-c100-47c3-bf64-43a12b60babb, 8505 
145364 daa94242-ffcd-45f1-90ea-cb7fa9405783, 3919 
8899 26e6aa68-7d4e-408b-9df8-c8f887b32c50, 3919 
394539 adbe3715-546d-4a07-8149-0f7da4dd4e15, 3919 
346292 f6fcebad-9ce4-4657-bd6a-94e49f44725c, 3919 
100497 f7bb98b6-06f7-4d10-865a-6c4a01470948, 3919 
308397 ea724735-c23a-44a5-9edc-a2916c81db48, 3919 
276714 4004c030-d018-4e7b-a739-5001ad8165e3, 3919 
376549 b5902792-81ca-4194-aaa6-6a9feaf931da, 3919 
116431 258b88b1-e68c-49ee-b7b1-d0a0b87efc60, 8505 
143569 63f1daa2-2bf9-4bc5-889f-cc964d47399d, 8505 
90580 98f8aa06-815d-4121-8f35-ce69ae4f0877, 3919 
192610 f5ffe1e1-1895-470c-a53a-1b0596592d8f, 8505 
370206 521f8313-070c-4a48-b70b-c8b5f42eeda2, 8505 
319137 0b44e1b1-a1da-4edb-bc89-021e66554558, 3919 
251569 fb659d5c-fb28-490d-b420-b3b0889fb323, 3919 
142925 14e82952-df38-486b-aabf-fb97840d98e6, 3919 
143464 d2d2ffc2-f1ee-4db9-8b97-4e6765d1e28c, 3919 
281139 bcb31d03-6c33-4a1a-b4fe-817c4cb88bd0, 8505 
102651 b25cf6ed-cb8f-4d77-ae22-f59ec149517d, 8505 
349737 41dc21b2-4eff-4177-be8f-8cd3df8a1a2a, 3919 
170002 88d88abb-96dd-4da2-8b7d-fcb120305b8f, 8505 
246168 e739bb19-17aa-4c34-9c89-f608255837ba, 8505 
62325 256895e0-61f2-461c-a572-268fdf791755, 3919 
378 c5105fa0-8830-46ec-a114-17bff2179b40, 3919 
16800 f60487ed-06b3-4e29-a86e-4958802d7ca9, 3919 
37264 7cebd65d-88b7-43c7-8f9d-8e5ed25c9f6e, 3919 
235285 a5eae436-4d49-4c67-a91d-21d2a5d72dd1, 3919 
142649 c8390ed8-5ac6-4578-8ed7-2ac02310f184, 3919 
194883 46134b68-66c6-437d-97c9-6c9468516fd3, 3919 
250957 aa531d67-703e-45eb-b7e2-cc32976a172e, 3919 
241285 429bf3f2-2efe-4b4c-ae51-79c9ea87f4ef, 8505 
42974 1fbab8be-a8d1-4dbe-be3c-0c8e3afbda0d, 8505 
144008 4f5527ec-3bdd-49f8-b6a3-a28ac6d166d8, 3919 
84915 f35beca1-a647-46d1-ae82-5531670d632e, 3919 
337109 c5af0827-bda7-4855-8b8e-354377c7b544, 8505 
351038 c8c5288b-7c00-4d24-871c-dd76a72ac8c4, 8505 
381517 d7e07df8-917e-42ab-994d-5fe49a625b2d, 8505 
385320 48c84051-c4fe-4476-bb16-e70ccc929122, 3919 
371206 a0b5c0b8-6c69-4578-aba5-e6012979a9ff, 8505 
133754 f3139797-f63d-423d-9cc7-b9a2eb38f6d4, 8505 
38301 10c15535-8098-4fa5-b9c9-c9f20c4cebff, 8505 
95322 0f859148-d7d3-464d-82a6-ade467d57f36, 8505 
371055 1e7a8c96-5f6a-4598-982d-ff38cfb82ae7, 8505 
269727 7c94b8d9-8a10-4699-a2bb-524a0434c5c6, 8505 
121338 a0d07f4a-244f-461d-b4e1-c2e7acd59a64, 3919 
110669 dbab0077-5cbe-45cf-9dc4-2f865987a88a, 3919 
299372 2d6844a8-1844-4581-8023-c06d1873b20e, 3919 
317236 f01b727d-4bb5-41de-a143-d3275517146b, 3919 
111202 398959c6-3c36-471f-9ab1-08bfcf2834de, 8505 
87670 0ab6d391-b768-4223-ab7b-aa0e52f34d64, 8505 
313997 bc6822bf-e9b2-4e8d-887b-a06821fd20b8, 8505 
301680 b8e41994-524a-4edc-91a8-ec177df50d4b, 8505 
270002 b3a4369a-1607-435e-8fcc-54985dd14166, 3919 
47118 82458c61-48c8-4ee4-8b83-b4017de8fc71, 3919 
142923 6194727a-960a-4557-b6a2-b6446551f09c, 8505 
317775 04a4a722-e132-4f01-b44e-a5138f13d199, 3919 
69281 9c2693a0-1601-4594-bf24-d7d96bd98377, 3919 
290600 fabbcfd1-2bb4-4d81-a571-ed596708f4ee, 8505 
357323 0d9e69a3-da6a-48ea-a9f8-a90fd0b745b4, 8505 
336296 3f1013ae-f1ad-45bd-8c7b-4270945cce62, 3919 
119563 9cc99563-078d-4b92-8871-385a42932a1d, 3919 
22780 40e86d17-2455-4c7c-97ab-e0c31ec39757, 3919 
51518 5a3c31aa-b062-4514-9275-14b928012286, 3919 
249304 78f253b6-d2f8-4f16-a6fd-8107553fddb7, 8505 
363953 23c4fb5d-df7c-4abf-b33c-d5a44723ec13, 8505 
23497 d5b7ae66-459f-44dc-b588-06e9f991f7a9, 3919 
29149 266021bc-c06e-4595-bc4a-2d4f13432ab9, 8505 
81134 1cade740-0b3f-48e0-9108-a63bb930dedf, 8505 
125551 2018e5dc-ba5e-497d-9032-5bd23b12eb4f, 8505 
287550 44f621ee-3ad5-4616-ad6c-33c9f1ce8c58, 3919 
219948 02139b97-cd65-476d-9404-a98ac5a4792a, 8505 
187926 f875f138-4702-4ba3-baca-606708c49a93, 8505 
258594 88bce142-eb46-49f4-b739-39ac29a18576, 8505 
233508 093862e5-670d-4c0e-9323-f654b900a4b8, 3919 
233837 d8c2bd8f-52f2-4805-b85a-73192a1f55e7, 3919 
241579 be975a61-0346-45e5-be3f-74d9df73ae8c, 3919 
96055 ba64bf7e-a9fd-486f-af6f-f8f084a87be9, 3919 
44083 cfa7e39b-885a-400b-9324-df78724054dd, 8505 
374199 89b3c741-d697-4e4a-bdb4-32bbd2024725, 3919 
238531 ee7b4c39-9335-448c-8e9d-3199547920c2, 3919 
169197 9fd61b8d-0285-463a-9093-6aa17b46b8ca, 3919 
183488 25f80a27-761f-4097-ba15-943bb7e2a6bf, 3919 
211163 fc7f486d-8b03-4457-a33e-94acc929535b, 8505 
311922 96592372-17b2-489c-9eeb-7afefb835f68, 3919 
131336 b78d2b98-064d-43e2-b724-65ec49e04e08, 8505 
147115 a05cd901-1fea-4c31-9dcc-1ef71a513c7f, 3919 
17498 081d8cb7-43b8-42c6-8e5e-c1e3777119b7, 3919 
223446 7f558529-ec37-4630-9727-f06e33e05b32, 8505 
100020 1969af4f-ff16-4e89-a6c0-5e2e9122aabc, 8505 
39272 0283d1c8-c318-4128-826e-7a1b879e9dcc, 8505 
52611 0c664e11-95c7-4054-a543-5936379303a3, 3919 
8948 9e4364c6-c01e-4510-b52b-6bc503a460d4, 3919 
198746 fe566847-017a-4b50-8c7e-1954e04b6f25, 8505 
264172 02145e80-98b4-427a-8405-6caa13347aea, 8505 
360510 ed9ea969-f317-4c2e-bc30-0d35a33bb3f6, 8505 
188087 bab6a5d5-16bb-4b7f-aaab-6d9cac3343db, 3919 
67702 b92e883f-ff98-429b-bb8c-21e4a0afaff0, 3919 
264452 184e6252-c178-4448-8534-3c5c6cf7541f, 8505 
91925 0ff7b70b-a08a-47bd-8be8-cd5b13bf5bd0, 3919 
348943 bb59e376-9cb6-4035-987a-fd0eabd4b7cf, 8505 
14763 510b8d49-7ce0-4a8a-a2d4-55fbb2d264b7, 3919 
384195 54bbef83-43a3-40a3-bf5e-331cb356372f, 8505 
30637 24f67279-fc06-4060-8143-0d568c1068b4, 3919 
314689 8413d1bb-fff3-4f0a-a134-4d2574929104, 8505 
107941 ba5d6c3d-8c7a-465c-bc2a-ec24f3c7ee36, 8505 
351304 4de53136-b4c4-4f66-afd4-14617638449d, 3919 
3473 606b595c-1e93-4fdc-95f1-8b3365870521, 3919 
329212 756baaa3-8dba-4a7f-8668-8007da685ce8, 3919 
232432 5857b5b8-25ba-4850-9809-a8f4105877a8, 3919 
330281 029f39a1-60b0-47d4-8f48-f79474e9eb31, 3919 
199644 73a01272-a959-4648-93bc-eddf61b8c484, 8505 
364207 df0896e2-b636-4596-b2ab-c45b520151bb, 3919 
324309 ac067bad-b9d0-4353-952c-1fd7ee1dd5b4, 3919 
180405 e63114ee-9fda-477a-a900-ddfbbba9e6da, 8505 
264965 c80b3c70-45fb-490e-bbf5-d335e72d11e7, 3919 
109905 f94d2273-129d-4395-b5f9-ca5b7a74748a, 3919 
358978 e0c1bf5e-8991-42d5-bd14-c0707014242a, 3919 
227869 367a36b7-2747-47b4-b83d-30a795acbe87, 8505 
19357 0908eea4-792d-426c-90b9-fa657b3effa3, 3919 
269203 0e383224-474c-4a63-a799-a8d777900ecd, 3919 
394032 a648149c-7c40-473d-b960-090caf605716, 3919 
290931 d15a49ee-2430-4637-8ed3-b83999a0a971, 8505 
352418 c9f785fd-8feb-484f-bac1-34f9baf56ae9, 3919 
329872 a684ae93-3d20-4656-aa41-3111540f607e, 8505 
204624 76266169-906a-4057-b965-bc75a0b05197, 8505 
149630 2c0a4908-0e6f-4db2-83ef-3bfd05b9bb3b, 3919 
20743 b6345f50-f9ea-4f81-bc1e-764dc46fbc98, 8505 
230020 5b00db65-ad8c-44fa-b78f-bfb7f17f6894, 8505 
280503 877f5247-60fc-4df4-810f-4f34bc1c627c, 3919 
344429 98223f2b-7553-4daf-aa57-2a95503aa33f, 3919 
404014 2effa069-76d6-437f-b172-5949a0005d1f, 8505 
394235 4ae254bb-664a-46ff-8e11-771af1283717, 8505 
76612 b5282044-b5c2-46dc-b0c7-6ccf7c1b303b, 8505 
148172 916cc9d4-4a89-4b50-945c-9027f40e81ff, 3919 
325828 30b8b6a0-cfa8-4917-af8c-484cdef9a2c7, 8505 
189120 ffacb58d-ad2f-4841-aa06-ddfe40a638e5, 3919 
318992 5a19f8f3-5a5f-42c6-88d0-2365df2eb4e1, 8505 
59355 52652080-1b4f-4f22-9cdc-824f0f1dd700, 3919 
204455 6934c25e-bdb1-4dfb-9f17-28f0a760d00b, 8505 
49606 abb6b749-b4b7-4308-a2d3-2a2a512f258a, 8505 
361267 78e2c10f-1252-4d2b-9b5f-f2a421efe5af, 3919 
142120 869a9ca6-9550-4b44-81a0-dee2d4c7babb, 3919 
160149 90441247-6cb6-4a00-af4e-49afb1b1ed76, 3919 
299443 6a9b5cc2-50ef-4db2-9d72-4516795e3145, 3919 
284517 e698707b-688a-4a10-8948-4f2b9ffa7196, 3919 
318274 1d51705e-429e-4553-9635-30ae0898673f, 3919 
327669 af9dd52f-b9cf-4ef7-97c1-e22dc42fa7d7, 3919 
306040 db1a2cc2-f6ec-4700-b2d7-64e515b10177, 3919 
212653 89bd84e5-7ce9-4548-b4ce-d6f3d5004ea2, 8505 
21669 d1b46766-1449-4ecc-a783-dac1c34368a1, 8505 
129310 7e97f190-2f03-4b01-90e8-c2a0c17d15f8, 3919 
289135 9cb8cb5a-1cc1-4b84-8ef5-7c28bf94deca, 3919 
100302 5c9a002d-12e1-49e3-904c-cc25f9b7226f, 3919 
234571 bbca30d7-aaa5-46c0-9eda-70c156fab967, 8505 
133879 d5092590-c086-47b3-b1e6-9218100e223a, 3919 
241106 fea56d9f-ef97-4ba4-bcc6-facdb54e9e05, 3919 
220423 b6521f05-931b-4988-b421-78116d2ba3ff, 8505 
88270 afa8bf6e-c1de-4ac8-9a04-ff3b8b9a64b3, 3919 
183818 0de04dcd-1abb-44d1-a01f-20b6c33a0917, 3919 
151625 99901828-4020-4141-8f2d-01e4bc41e186, 8505 
173765 599de331-e71d-40e8-9f0c-5c4325b3d138, 3919 
100062 61b6b253-a018-46a8-8950-130776234175, 3919 
51168 2a41a29f-5b01-4338-9bbf-b223feeef431, 3919 
211988 6855d322-2a83-4d75-8590-6212740dbda9, 8505 
288239 b7e620a2-1b5c-4c65-8567-0f19b74e80aa, 8505 
102618 5cb36bfe-7f03-40c0-84f7-e72fbcf9ac5e, 3919 
91631 48684501-3e58-4379-bc7f-2381e1a451b7, 3919 
123799 6ed474fb-d684-4e7c-a1b2-c9c759882a41, 3919 
165641 ab67e810-2ada-4408-8929-387e95947ecb, 3919 
378230 e52e477a-b902-4197-8ce7-69e7f8d811cc, 3919 
392434 66aba952-002c-4e72-a27d-3675624dc600, 8505 
270030 aa9bffb9-21b5-4d6d-aeaf-366bf1636481, 3919 
229274 8dad0e08-4dac-4ed5-8513-adbb6d353e18, 3919 
125867 42e881e2-bc42-4da1-bc3b-1533936fd14f, 8505 
148944 a57e47a0-e2ad-445c-a120-c6609ad5612f, 3919 
127748 e2735698-0aa7-4c48-890b-994c9d8450d4, 3919 
225636 ea127fea-d75a-4c0f-8c1e-600d06dfdec6, 8505 
262765 0d157bd2-3d53-4aa0-8e33-149d90c56497, 3919 
19783 a3641aa8-1f5e-470f-94e3-aabf6eb70951, 3919 
89973 a74116de-0edc-4bf0-9ff9-fdee8fc83b6b, 3919 
147489 02fcc709-4ccb-4e6e-8a6e-95b6604660ce, 3919 
300941 65f1cb9e-ad93-4e27-9f90-b8709d48431e, 3919 
72171 808197f2-f736-463b-a304-3e7bcef73609, 3919 
309849 7543783b-feab-4a32-8976-ecf2e552068f, 8505 
141236 966d287c-d648-49fb-a920-b1193ec2403a, 3919 
266610 40307167-2f74-49e7-8336-3da957e2f6d3, 3919 
40697 841776f0-0b5e-48bc-b4f0-51d8e12a5449, 8505 
280020 f0f6fab4-f8cb-4917-8b59-c4c7fa607a59, 3919 
333712 098cf64f-23aa-4b7f-9c2b-ea2639130133, 3919 
78763 97f02f33-01a5-44e6-a3c9-cc08a456c3d7, 3919 
93295 66572985-7707-46e8-b5f9-61a9b3ee14d2, 3919 
136249 10efde03-338f-4062-871c-76b44a0568db, 8505 
200982 4e93bb12-ffd6-4292-a77e-43b601838eda, 8505 
21665 23fc70e0-904a-4a10-96ae-977b92b312b3, 3919 
366683 d20d2486-7b13-447e-a708-4e44736c8515, 3919 
36859 1d2ed55f-56cc-4dc0-8ee7-ccf8eefe56f8, 8505 
289820 1fbad419-10a6-4000-93ce-07bb05be4148, 3919 
318005 8c864f30-e2b1-428b-a6e6-803a7ef66808, 8505 
208849 e5329997-e879-45cf-a40e-eed7ad9d504c, 8505 
289421 ecd17d8b-ec97-4926-a83e-cfb6ff70fc99, 8505 
388333 956fe226-cfb4-4899-9f54-c93860f5db9f, 3919 
214643 3b908368-dfef-4677-94ca-8201aa008829, 8505 
286679 6af90157-0777-40e5-9126-36a6ae8c1681, 3919 
306121 05e1b6fd-7525-4b73-bbfc-118648422197, 3919 
1133 c50548c2-7713-410b-80ad-d8f12fdb672d, 3919 
273995 b022526a-8629-40b7-a4b5-3d43af3de776, 3919 
230636 fb94271a-5090-4bd6-a7ab-e2c0612f83df, 3919 
359028 0cfdeb86-1bc1-4828-a555-347417be0598, 3919 
364728 e5447b3c-e2c5-4c2c-ac2c-05084de2dec7, 8505 
8970 a81fb9f2-2be5-4fc3-8adf-c7be97242dcd, 8505 
326134 e2439108-4a36-4915-af9b-b5b7ec7f1941, 3919 
77793 660770dd-eaef-4385-ab56-4be5f4ef0ffe, 3919 
154055 934ecc8e-6b6c-490e-8110-f29d5c8644d0, 3919 
196105 6c6ec72a-74c5-4906-9bd5-52ad13906f8f, 3919 
108306 e3eaa26d-b70f-4f8b-806f-400a8d38be99, 3919 
123846 e33e7349-b6a5-4748-9983-9059fcf2a24b, 8505 
31380 398304f8-5092-4274-b029-e3d6a8f5ec6c, 3919 
206727 ac5e92d4-f8f6-46f4-a72a-9ba0643ad7a4, 8505 
101238 43f84ca3-dfd7-44e6-a31f-9346dda1aa50, 8505 
281400 4f081ac1-33a4-4f20-a84e-48f63cb224f6, 3919 
318261 777c8f52-e346-4ba7-a1fd-ba7673078ae5, 3919 
289979 9c3692b2-e818-4e2c-817b-a4b08d9c0c18, 3919 
103407 24d108eb-de85-4357-86cc-d8cc2c8c4b48, 8505 
279743 40b03847-a22d-44b4-b84a-79379b300ae5, 3919 
195862 408bdc76-8612-4adf-bcf8-58f3c70e7a2a, 3919 
92814 e0fd18e5-df1a-44fa-b6d3-29d71e275255, 3919 
313260 95a419d4-7b4c-488e-bedf-4120f2916e5d, 3919 
184937 3418d21f-f65e-40ef-b3ff-87896543c41b, 8505 
295654 04d241f6-5637-408d-a404-d6e4c0a5a783, 3919 
204657 dbf23734-34fe-4a50-86cc-410f1e840905, 3919 
209450 f00697da-3960-4a89-8c1d-e7be98fb7285, 8505 
157602 e070fd58-ab8a-4e76-b728-10771418d21b, 3919 
181244 4a7fd954-f9d7-4722-b66f-64edf861a94a, 3919 
281306 c83dc8d5-411e-4bf1-9da6-f7628bffba58, 8505 
160754 5927fd4a-9137-4727-8186-2631f9f41652, 3919 
363784 8a79728e-cd90-4ab7-acba-a12d9c9e8b6e, 8505 
199795 7c50a56c-202e-488f-9579-f10b33233914, 3919 
344042 3954a802-ed3d-4dd8-8bc1-3b25955afcdb, 8505 
127213 10b521da-5135-4e04-8d1b-3c565304451c, 3919 
385229 7f35fe81-e0fd-464c-8826-fcb247f0e47d, 8505 
84446 1fcd1304-79df-4f10-8c6b-dde44d6a2622, 3919 
168348 f2d9db07-c730-485a-963c-afe5d0a1f0f0, 3919 
392779 1f95c5c7-3121-4b2a-98c2-3884b56d3209, 8505 
18424 0319b9d6-2424-4993-8881-52f5973b70d3, 8505 
186846 bd4d40cc-f93b-4add-a714-02c7aa899b43, 8505 
139755 d6f69a5f-5fd3-4934-97a0-ffee627836e1, 3919 
268780 8c84fb2c-13cc-4901-b835-836b2f19b001, 3919 
10812 160cb0d2-dedb-42b9-96d2-e5bb4fea8797, 8505 
185316 c378039e-7836-4a87-afe7-49ada7300f67, 3919 
371311 7e74f36e-b410-4af1-b60f-8714b274e30e, 3919 
128336 998ec2ce-9f49-4e9c-9614-6d77d68b0061, 3919 
337870 f4cfede9-99f8-4d18-a6c3-df6526f03b46, 3919 
399468 e4ebbd05-eed5-4724-bbdc-684e418f04cb, 8505 
143781 454389dd-7176-4076-8276-e671161eda18, 8505 
33962 e51d7cc4-d0c3-4767-b9ed-adb67317a0f5, 3919 
181906 7bf986bb-8a67-4d83-8e82-753c436e47b0, 3919 
276287 58169afe-29f5-4d9d-8b29-05dfabae3391, 8505 
290693 0a6a0fed-163b-46a6-b0db-bf76e8c9ad25, 3919 
157887 10182b7f-e9b6-4da9-845e-22016489b8ef, 3919 
305240 ff3fa81f-679f-4818-9282-a83476fdc3bc, 8505 
186252 96506ec5-f7e2-41d8-9cc6-bad3501b1592, 3919 
52946 81ef0c15-44b7-46f9-94e3-a443768253f8, 3919 
123646 58c6e930-5805-4276-b70c-58f273b4fd3f, 3919 
251452 a200dc00-a530-4fb0-81c5-4af3df3d647c, 3919 
398390 a0cface1-d98a-4ccb-9cec-8c0b333b95b7, 8505 
304544 7d7f0311-09d0-45e0-a1ca-e94eedd173b2, 3919 
261788 6fa81e5c-aaf0-4e62-afbe-e93668438398, 3919 
204335 49a37b5b-2924-4fe9-b326-932322b46816, 3919 
136250 0a488422-7ebc-4b78-8086-15a7d17f9c10, 3919 
358956 39577c00-b12a-4c23-a412-f1f83b6ab63f, 3919 
170350 154e65c8-993c-4f2b-af6e-648b1adf1510, 8505 
162869 8ff9e36d-90a8-42f7-8ed8-082d9e4d6007, 8505 
177771 09b456b2-847f-42ad-821f-a61a397f9795, 3919 
289002 b9a95341-ca35-42f0-9dd4-3e0a38b07d41, 3919 
130850 b6588617-e216-4db7-bcfc-cee312619a0c, 3919 
390479 c0a1da96-67dc-4e69-9cc3-5d3f37ba663a, 3919 
132860 09280050-5459-4fad-9f5d-d8cba6e61858, 3919 
355025 e93f6dac-9067-4251-8c9b-4eb098c033a6, 3919 
357883 086934d2-74f5-4e6d-9766-47da5363f8be, 3919 
131910 f0060ef8-094b-4f6e-b05b-6acea8dc62ea, 8505 
138885 c6aadeda-4e19-4fba-af86-afb3ea0440e1, 8505 
349294 9ed42ccb-e978-46fe-8ce1-130ed1d86f5b, 3919 
194840 23eb2383-e1ae-4895-9ed1-8d8c335cb51f, 3919 
33860 457e422d-453c-4398-a166-99efbdb7387f, 3919 
369740 9113f507-4166-4d94-ae84-ffe60954b48d, 8505 
25442 45aeabaa-0d35-4607-a474-3c9a737a2c3e, 8505 
312339 0018cd30-95d6-42c5-941f-c370e33c21f7, 8505 
218311 b6f3182a-7bea-4da3-ad5a-06d58a647569, 3919 
156360 61c5f117-f691-4e9b-977c-43741412ce43, 8505 
194257 69e62f79-1e37-45e9-8ef4-80dfea4e9b03, 3919 
179173 8adb1227-56f0-4be9-91cf-5cb503988294, 8505 
276815 74d300d7-2273-4d94-81fb-01f2151e2b15, 3919 
207380 1ee85547-15c1-4736-819a-56389986f905, 3919 
24395 fa1a9257-6d98-439a-bbc7-3ca21beb8ec2, 3919 
29965 c6f00cf3-9014-4f64-975b-54e2c96a6d68, 3919 
24726 e1e68c19-4eb7-4438-8bcb-b7358541498e, 3919 
304613 abe42ed2-c0f6-4b5e-ba86-d0a67d9f5fac, 3919 
180398 d5d07e00-4828-42c8-b216-d9624fbf8cfb, 8505 
228359 661e029d-b6fb-4aba-9ffa-0aaf5d84234a, 3919 
46189 aa33ab38-7e9f-4d52-a26d-13a581f4e1d3, 3919 
377794 6199cf9a-8d0b-4732-b28f-90710ed34dd2, 8505 
57973 53478157-bc7f-4ac7-8eb2-c4c045f1beca, 3919 
247490 9d9b8423-bd6c-423c-be70-cc3173f16db3, 3919 
98679 5b38e0f1-b279-438e-b8b1-e3e71c40485b, 8505 
328530 2559ba6d-d415-479a-b779-64d34f93b895, 8505 
165514 bf4a022a-78ea-4bcd-aeea-144efffd3459, 8505 
162407 9a4707f9-a17d-4f01-8fef-7cac767296a6, 8505 
230373 dd665f40-bd1b-4197-89b0-b659ad196867, 8505 
216018 81aeb953-7451-4f3e-ac8c-bd602a4366aa, 3919 
143151 5222afcb-4e77-4c7d-a432-631fed099852, 3919 
382330 8c6367db-e0f4-4d12-8d99-0d605afb4564, 3919 
337537 62a7e930-2057-4af9-b7e7-254e73a7e47e, 3919 
354861 77b004ce-21f2-4152-b1fd-660a1d2776f8, 3919 
8361 8854f0a5-4706-4d6e-8b5f-a257190b7a52, 3919 
259375 62c7796b-6bf0-43e9-bfdb-41f813839ab9, 8505 
232701 b75e28f8-cac2-4514-9d59-6462454461d5, 3919 
66968 671a43f3-bf8d-4aa3-b40b-e6c886b6d6cb, 3919 
212533 83e87605-0ef3-4aaa-ab33-ffe0ef7ebc00, 3919 
328527 afa85544-02fe-4e5a-8c9d-eda83f8c80d0, 3919 
48079 0a38ed5c-d6ab-45bf-8b65-a013f5c3c46b, 8505 
340772 e2f1a328-8eee-4e0d-a0c3-ed1f2f77a7a9, 8505 
115600 afbd38d5-9d23-47a2-8d2a-68a4c1ca7a00, 3919 
193762 364f6c9a-f819-4470-b75d-595e47772978, 8505 
115396 0d8aeaaa-4565-47e0-abb2-ae58c10f1736, 3919 
399051 c79c2136-f9e9-4e36-848d-1729564dea44, 8505 
238918 623bdf5a-5859-4aa3-b291-cdb89455a5e9, 8505 
5501 230f7ac3-0393-4a1f-9787-c0d0266eda1a, 8505 
274149 1d1a4fbd-35f3-4cd6-b8c1-e4c228efad4e, 8505 
371136 68588eef-4515-4c44-9679-652e9e227a77, 3919 
360390 188ff6dd-0f46-4c11-81be-bb37923faba4, 3919 
281900 0efc8ff2-6f75-4cdb-8811-53c5703920f2, 8505 
241834 d6bfc693-6ee3-4f34-bc2c-15e358d3ac1a, 3919 
207061 a85a42c4-3cf6-4e20-ab2b-5684f70b9a29, 8505 
164893 32084dcc-4b09-416c-ad69-2ca4f01a96b8, 3919 
358446 fe9df3f9-8c5d-422d-8bd3-1babb333dc53, 8505 
17051 a97199f4-caae-497f-8bf3-4be210a5b652, 8505 
14486 84f31079-ec75-4cdc-9d55-d80c4e9f73d5, 3919 
62140 871b1ec8-6a46-4864-b66b-d7b09fbdcd2f, 8505 
392406 c654c836-6a0f-4c42-bfed-c7b5f53be994, 3919 
372322 cc03f78f-8bbc-4f97-adbe-dcaf5e732193, 3919 
17712 f748607a-5c5e-44cc-9d3e-2cb0cfe8f7d7, 3919 
55138 4f2e36a0-92a2-4b57-831c-78f3b7cd2665, 3919 
30825 dee3f32b-cc05-44a6-a91c-5344578f6988, 3919 
72447 6a82b77c-ed0e-4ea9-bbe8-f218bc27f15e, 3919 
33870 da55f381-ec9b-42b8-bf17-e73924aab7c1, 8505 
243130 bd131d5d-7ac0-4ebb-922f-803a49436a09, 8505 
291033 3f8f25e0-bb24-47d7-b3be-8b5f26273901, 8505 
346873 497faa2c-eeda-413f-bae4-9f18fd34cef6, 3919 
219319 2d7f9c4f-0956-4bb1-b061-3c7a7b1fe6fb, 3919 
117623 80f607a3-55bb-4f61-aa4e-329280f20f7c, 3919 
20139 e8875bf2-9a9b-4245-94f8-b1ecc1ed4f3f, 3919 
84164 c9a745df-c699-4073-94c9-d5678a2621fd, 8505 
214027 b6518fff-d784-4099-aba8-88cd77c5bd1f, 3919 
370006 8d7dad38-b69d-45ff-8dac-4a3aad6f6d35, 8505 
251037 5fed50f2-8497-47c4-8ff4-a34ebfbf943e, 3919 
26969 eff468d7-9b3f-490d-b3f5-a526348f8ee5, 3919 
155095 d8a9c881-9510-4913-bd84-dcb0b818d97b, 3919 
81851 22fecf75-a6b3-421c-a121-6dadf9ced957, 3919 
18159 22fc5d26-7ef6-4176-9e86-3b97250d4d60, 3919 
88632 bbc590b5-f2df-4024-8a6d-748799988388, 8505 
239291 dba39ab1-73dd-41c0-8664-93c57cde7fcd, 8505 
208580 b6f3e503-0ca6-4936-bbd7-2130fc95ad23, 3919 
36185 5d748b7c-ce9e-4155-a462-98a2fe43bbb8, 8505 
205115 eda1b6e6-43e7-4a9b-a18c-87f81107a348, 8505 
192717 86e0d19f-61c6-4f7f-a1e5-9e6de0d9f3e9, 3919 
240650 cbc1ee11-2014-47bf-b028-67c548213a5d, 3919 
319329 ab3f519c-1fbb-43ca-8d35-220cc39679c0, 8505 
74139 143540c0-0f46-407b-b3bf-fe22369716f3, 3919 
56343 795cb6a3-5a47-4d23-aa1b-4ab7a55b40c7, 3919 
171470 04647873-3716-4c9f-9d26-44932b8b7f5e, 3919 
327834 b0ad4cbb-b8f5-4277-9e2c-1adef92eb1ea, 3919 
364405 c070d04a-787c-4cc6-b4c4-13842d89d783, 3919 
205532 35e3dd1a-3885-4d49-b095-d5eb00ae7f2d, 3919 
402612 876ead4a-a9db-4a22-999a-31909f2baa59, 3919 
327319 5e5d8fc2-eedd-4ca6-9fd9-7b5663bbd92b, 3919 
392898 4e3ae360-198f-42ac-8706-f0a3f2b3c562, 3919 
364107 31aaebfe-984b-43da-9d28-5b780707e75b, 8505 
389789 e7f3d1eb-5d37-4881-a350-e73334059e1e, 3919 
93062 18260118-ff32-4b03-9902-d49017b3d0f9, 3919 
402788 73d5f7b2-2614-4996-ad04-68fd9fa37f42, 3919 
266479 31d0f88d-973a-4d55-b6dd-7fe2f0e856de, 3919 
390730 48a735d4-3e5c-451e-9655-8b157fcb1952, 8505 
61041 a7d3c496-ecb3-4aea-9463-8a0131fef82f, 8505 
203639 b06857e3-21fe-41b0-adfa-aba1dc1c361d, 3919 
229498 31a07eb9-bb3d-4879-975e-17d8f98d6745, 8505 
183277 61d11f4c-7e63-4731-940c-26e6216d53e8, 8505 
5278 e7575431-4796-482c-93d8-9d82e2e66862, 3919 
356177 0ee9b0d1-d144-4a5d-a3bb-a83ae6a0730c, 8505 
379932 889e7994-7924-4cce-8390-0d8bd389460d, 3919 
21969 823b14ef-13d4-41b2-b4e8-c8c5f6222806, 3919 
53624 6c19e643-6c34-4f22-bce8-d7de60422826, 3919 
125176 a2f88a71-23be-4599-bdf9-eb95fa0fa21a, 3919 
131901 629be5e4-f134-4001-a4ec-ddbcfee49a66, 3919 
131761 07da60cb-f70d-440b-9655-11e5fe012fe1, 8505 
392576 75de84e9-84fd-477a-9450-55be76b2d705, 8505 
281452 d6049471-2aa5-4c30-b74a-81537d2d9510, 8505 
299214 9b44cb38-ef03-43c4-98f1-107e60846d9b, 8505 
33649 431c7196-14f3-4721-94ee-963e12ab5ef5, 3919 
153346 981441b8-15e1-4ff9-8871-1b5bac97a867, 3919 
371325 ae4ef2d2-459c-42e3-ae31-2a05c32ad3b0, 3919 
141680 70173849-9ad9-45e5-a105-a733f75e1eb5, 3919 
27631 7579803e-1477-4fbe-bd1d-2b7d6afa5d19, 8505 
274374 cae22c2a-0635-4e25-9b0e-427dfb3b773e, 8505 
192231 54c0bc15-2f65-4aa4-90a9-d7244fa2bf73, 3919 
222388 653f5086-18ff-4e1f-a02d-2e01923cea17, 3919 
346318 bc2e0ed0-8818-4084-8c7b-bcd1f1106578, 3919 
292728 9f59aeab-673f-4231-8f18-6d3d33d7e842, 8505 
674 9cd9e9df-ee1e-4ca3-a0d2-bed8b41914cd, 3919 
138018 0f14712c-57ac-4084-a004-5b3aa980948c, 8505 
371347 987ed835-93e5-4d98-80a1-2bf86836fb06, 3919 
280120 5356716e-c37f-4126-b61a-2b45fad368fb, 3919 
295153 ef4891b3-3256-4972-9a13-8ff55c083915, 8505 
8808 acb76832-48ee-4af5-9562-ace53a70f5d7, 8505 
389820 1eaa93ec-bf62-47a3-881e-2c1861a87b9d, 3919 
359206 4d16cca0-785f-4429-ab37-293dc692609f, 3919 
87013 98c956a8-d3ec-4e02-a6ef-3eabccc23e14, 3919 
99724 ad2c5f18-900a-415d-8373-cbba0aa2e505, 3919 
63405 12591e66-d380-452f-82ed-269df53580e2, 3919 
205452 d0d21de8-5e37-40c6-beea-0de24ef1d4c9, 3919 
290189 f3aab382-d62c-47bd-92b3-650542100692, 8505 
326919 b195df70-eed2-41f2-9dd5-11c5cba422b8, 3919 
21379 f16438fa-1b06-4d60-b1e8-5de50f415f9b, 8505 
381820 498ced18-8ada-4b9b-b43c-c48386cc3c0c, 3919 
248283 a5c634c9-19ef-4af0-a9a7-96a5e8719972, 8505 
65263 2fd12bb4-1e7f-4ed6-a6fe-08c37725afe9, 8505 
17765 11cc01b3-d1fb-4f15-9e1e-180f534cf98e, 3919 
246341 f2825070-40d2-4f40-8b35-f00aa5acf8e4, 8505 
190455 01d91da0-1637-4541-bf44-b6b6b55f42f5, 3919 
178556 3315ecb6-39ff-4754-86b2-b4058b437565, 3919 
25919 0df65b1f-0c8c-4884-8988-5e42918fb4fd, 8505 
321531 7f7ecef8-1b78-4d21-a20b-13a514d24580, 8505 
68056 941f9d6e-009b-4e7c-a20f-b7c4211706fc, 3919 
146759 f1b72908-3076-412d-b2cc-50b55cc49b9e, 3919 
116926 4e30346c-f74d-41ac-9168-a5105b43cc4d, 8505 
13296 af6e58b7-e32a-4730-98a0-550654c8c7f6, 3919 
12136 3dc86daf-c0a5-4883-93e2-8863fb6e796f, 3919 
73669 7b69f68f-2530-4292-aec2-913ac1370741, 8505 
89621 003d0aaf-fe2a-41a8-8c5b-80964079867f, 8505 
336906 0e6b781a-a5c6-4a00-8199-626f91097e42, 3919 
51309 b2a5c567-6cc7-49f7-acf6-d90360dcd117, 3919 
286566 9e9d71d1-46fa-4e75-9e60-9a8d6965b4ba, 3919 
30405 dcee326c-de52-4843-96b5-c9a9c132b562, 8505 
271419 a1b1e2b0-b1c9-4eee-a2b9-e8cbbb24abc4, 8505 
401255 daef6bcf-0d57-42d8-b866-91e35ab2e743, 3919 
249547 3bd92a47-2f17-4c7c-a900-804e0dcbd6a6, 3919 
69895 0dbf2f86-49ce-47ff-8400-6a272751d143, 3919 
285643 9122ed7d-2682-48d6-8f98-400306f13c71, 3919 
347691 930ad8d2-690a-4da2-a3fd-9c536a49b514, 8505 
372726 b9c482ef-0a7a-48fb-841f-6bafd24c0d27, 3919 
144877 04e41dfc-924b-4fc7-a7b2-1af8be696c57, 3919 
28043 efe4fa34-22ef-4c45-a224-d50dc8c34094, 3919 
145484 845b5e46-26e3-4cb4-989d-376238ea5a73, 3919 
256470 c76f18ad-74f0-4463-9f40-c14c0aff07b6, 8505 
98291 cd947522-d7fc-4184-b70f-fa838946b0f4, 3919 
173433 71355d33-cfdf-4fda-b6e7-93496675654a, 3919 
282850 dce9e5a7-cc8f-49da-840f-37a1475a0579, 3919 
132920 869ed747-a7b4-484e-bd1c-6639d740959b, 8505 
96239 62df84e3-88ba-4702-a44c-f62e4330792f, 8505 
59964 d8dc9bb7-0f37-4885-9a9d-13c33906c6b7, 8505 
149468 005dad40-fd63-42ed-b1d6-793ba91bc41b, 8505 
388522 83c6ad68-372f-4350-bd20-e51cf53c252a, 8505 
38574 0c5d5b66-1509-48fc-b31d-2d41696a8ecc, 3919 
305857 c8a9f80c-fc8c-4d89-bf0e-4a5661ea4aba, 8505 
215880 14bb3500-861e-4fc4-ae29-4ecbb2a5a259, 8505 
280946 3c62bf78-fdbd-4692-8274-243468cfe2d6, 3919 
247672 73fff96a-a530-4e59-87c9-c3c48b756263, 8505 
251963 5cdbc61b-873a-412c-a493-28856747375d, 3919 
109527 f0755639-4049-42b9-ad14-d4d2f21728cf, 3919 
173503 69b57043-c328-4667-84df-00cbef3c344e, 8505 
165403 ab58188d-edf9-4b79-89b7-1756bbaef060, 8505 
160368 48cbfc7b-2ea5-4d13-b4b8-54b7fec7a454, 3919 
267292 4c436f85-450e-4a48-91c4-93a497ef7fc8, 3919 
65202 6ce3da20-1518-4359-bf2b-d5e491f08df9, 8505 
244306 82c50006-2800-4cc4-8ad6-e65ef17177a1, 8505 
374083 1dd8da21-ff79-4390-a994-2281bf7f9a72, 3919 
94688 28d7df1f-0b32-4df6-8261-425903d30313, 3919 
295230 a623573c-4e81-42c0-8fc1-71d281e9a0b5, 3919 
54103 994117d6-b153-4c22-a5e7-87eaf862c02b, 3919 
244125 2d1d7ea3-4e08-4ddc-9fc8-581d9c607313, 8505 
175200 7d54889e-9b47-4a8a-ab7b-b10bea9fdf60, 3919 
14662 99288955-dec1-4001-af37-82b901f0e24c, 8505 
90128 3bc78d39-b44e-4c58-ac8e-d3fd24ebb6db, 3919 
361271 15c4d227-8027-4b36-b3c1-a08c57236e99, 3919 
8760 2977f7f8-b680-41e0-a9f7-c6558396643f, 8505 
743 9bc4ac8a-5b90-47b6-aefd-62f517fc40c6, 3919 
206039 173dc2eb-7e74-4ccf-b2da-1aa9b3a404b8, 8505 
241570 9c7e754c-8e7e-4f31-9106-b2c3e332df3b, 8505 
185885 9156dfd6-8523-4438-89b2-e92cc553738e, 8505 
231470 9d08dc54-b11a-49fd-8d21-d85e3090fcba, 3919 
233552 08e2f487-fc05-4245-8488-5e1f9e2f3f00, 3919 
187012 74b50819-8f65-4dd2-b97c-01252bbefdf5, 3919 
332771 64dd0be8-f91f-47a1-950a-cabcfd861d6c, 8505 
357266 ebc19f14-49aa-4f41-b271-9bef7f594dd6, 3919 
228839 316bde00-17fa-4492-86c5-12d16381d255, 8505 
185338 94e55f3e-0753-4be6-88ca-d3dd2dbf040a, 8505 
272952 1d782a45-ac92-401e-9ce2-7105c82ce9da, 3919 
271480 b24876b5-8a88-481f-8cb6-db2d69a7f967, 3919 
403008 6d9c6ed5-983d-44c5-91fc-70a2871e7bc6, 3919 
6751 ec7600c9-14e6-4ce8-a40e-4ff5df4dd3eb, 3919 
309230 332ccd4b-1c6b-47ae-a3df-852029f46e3e, 8505 
189233 e01e6374-a3d5-4f2e-82cb-7b904357acf9, 3919 
314252 295b57d5-287f-4870-9ed3-2d1f914f09c4, 8505 
143059 a398f3d1-5700-4f8b-92f9-55f457e8abb0, 3919 
371931 9b3ce9ca-e7c4-46ec-b706-b779c5c67f01, 8505 
226967 c6c3a2b9-f1af-4e9e-8576-8af874d74f4a, 3919 
209056 b39a4232-2a91-4346-9db4-85424d8e341a, 3919 
325826 e054dcf4-41f2-427b-ac2f-e6d483c6f072, 3919 
339563 2fe71368-2320-44cd-818f-a014f460a38d, 8505 
25399 16c3ff7c-11ab-4dc0-908b-3d22a81962f2, 3919 
191614 11368744-acab-401d-af75-d839ff759c84, 3919 
119534 84acf6ff-9851-4db2-8b71-9491040d5d24, 8505 
397000 2f28634a-be94-46f2-a681-6fcf1f4bedf1, 3919 
216342 9397a864-985e-4998-8449-563dc011cf04, 8505 
340147 7f1a120c-0d17-4f0b-a0d2-8f617321f887, 8505 
191627 575ae3a4-44fe-44ed-a756-6fccb09f7b5b, 8505 
322016 5f703d5e-3b39-4e81-a9e7-165ab15799d4, 8505 
156802 f9ed3d8f-8a5d-4183-912a-3545ebb7bb80, 3919 
300032 0973b563-ce95-42ff-821f-3e8640fb1fc8, 3919 
234590 9d1510cc-91ef-4b50-af19-4b78082533b2, 3919 
165947 3bc26ae8-158f-4c1a-8559-1fb640c67bf7, 3919 
320513 d54dbf4c-5c77-4e1a-a3b1-81d438624aab, 3919 
45126 314887b3-b81e-4d26-b23b-265defac065a, 8505 
193000 85c850ee-4fa9-497e-bbb9-8b570608e136, 3919 
266892 e967ffdc-c5ad-4f27-8a53-c303144bdaad, 8505 
19820 2e61d03b-0c38-4a63-9a7e-7c6e51f7816d, 3919 
359668 c37c1bb6-1035-4ade-8faf-20c3c3303d41, 3919 
207317 1093d161-47fe-4541-ae74-dd3252177b2e, 3919 
313374 256906cc-3649-4387-b53e-7e101d269ac3, 3919 
100535 db4d64fd-c91b-468e-be04-7f56f074305f, 3919 
39098 2377439f-e261-419d-9d8c-19aa37b8a591, 3919 
363920 5e3ebaf2-006f-4dde-a77b-c6d6aba7a27f, 8505 
222447 7c0b7bda-f3af-4a9d-9cef-a0ed2502688a, 8505 
22653 5a047def-f24e-4a2d-8636-b6fff66f3346, 3919 
222559 087478da-40c9-4a33-89f7-0dbccf0ffb5d, 3919 
126844 143ae5e4-2c2e-43d9-a409-f6fcbdfc15dd, 8505 
377470 404ae700-8146-457f-b307-84495a1bd5f2, 8505 
130565 2661d3c5-1520-4904-821e-ca925463f1ac, 8505 
255901 66678695-90c3-4eef-9b9b-de6a90d056a9, 8505 
168307 2969ced2-cceb-455b-910d-24cbfa005f7e, 8505 
133772 25166d58-c15a-4d73-aac7-2e7112abcdf4, 3919 
322054 7a8949be-345f-4be1-8899-28d4ea171d63, 8505 
140706 3e016e99-a8cc-4185-8a54-f5d8814aa3a6, 3919 
20125 3b2047d5-061a-4fdb-9802-e49a8cb87f8d, 3919 
362204 f4dd4835-6e8c-4299-9039-7497e39d8eb5, 3919 
30579 303b7007-904f-4b6f-a3c9-02157ae12d72, 8505 
194713 c03f75fd-efde-46a7-8cd6-26770002b82f, 3919 
323995 c59665fa-eca9-448f-a04c-f4f704c4cce7, 3919 
387367 49c7736a-9326-4389-b594-deaaca3aefe3, 8505 
359343 5bc11feb-3eac-4f46-920a-46dda936542f, 3919 
260560 9c29c6d3-c915-49ac-8017-1a4201444c21, 3919 
317843 81f1560c-c073-4cbb-b3a9-602dac3a1d7f, 8505 
44764 f6761eb5-8643-4632-aad0-6643f0aec1b4, 8505 
339543 a218d17d-4112-4369-aa2a-f0076d5632c6, 8505 
393038 49849d5e-cf90-4942-9013-bfccf9ca54c9, 8505 
121545 04c9ac8f-efd7-41e5-b801-536a7fd094af, 3919 
154948 5f7ef031-173a-456a-9e4f-93e1e035027d, 8505 
12858 8b3effce-b076-4e84-af6e-573c4db14b6a, 8505 
284712 f48d13f2-abc9-42ad-a050-729b93dc24da, 8505 
39517 072236dc-9e7f-425a-a66a-81d37a234875, 8505 
289965 f0d38785-06d7-461c-99c9-ee35df980e2d, 3919 
42501 4ee4f6c8-58c7-4016-895b-80aec666d635, 8505 
107372 b3a58975-417d-4671-8f27-7b8f5bdc59dd, 3919 
239270 25f0adaa-e7c6-4e48-b2f9-829064c72b1d, 3919 
251167 4ad70e45-2ef4-4dff-a9f0-2d8ad8f32d64, 3919 
195753 48f0d952-f8c6-4395-8118-bc07acbd511b, 8505 
369829 aaf09ccb-6332-4719-b8a7-a5af2c805ea7, 8505 
261049 51a8f7f4-6bc5-4cf0-b639-d6b6301b4bf5, 3919 
255399 523f5132-b76b-49bd-a56d-fa269533252f, 3919 
301107 8a46df20-9390-4273-a386-d5091a5e47e2, 3919 
242464 e559d1b5-9610-4489-bd58-00ef312f60ee, 3919 
133692 7a2b8322-071c-487a-92f2-cbe7c1482d47, 3919 
28050 1fc2f2a7-e364-4f7b-a739-55d330aa4d79, 3919 
363275 7515c51c-6e44-4b26-8631-2f4b6dd64b70, 3919 
353722 6e1e96a6-98e9-4b2b-b23c-0029c12d8527, 3919 
56885 914d8870-fb26-4600-a044-4442195941fa, 8505 
48820 724aac5a-1749-4bf0-b367-d602bc2cae46, 8505 
228479 d1261020-7a4c-489c-b5ee-5f8cfc5ac94e, 3919 
388875 e7030cfb-b425-44fd-b900-3a4c5576c08d, 3919 
215574 1dff1e60-35ae-48f0-939f-870c889a535f, 8505 
215833 c1d10612-522b-49f3-a293-9039efa82b3c, 8505 
115758 2be0c31d-7185-429f-82ef-81c9baa0d9ce, 3919 
359260 f7cdffc1-3f6b-4651-9363-95c7ce8816f1, 8505 
327218 09662974-739c-42e5-a2d7-7141e857c372, 8505 
4352 04d0fca2-449f-4b52-abd0-eab18ea5a046, 3919 
282683 8827c239-5cad-4bb6-ac60-337c8157900f, 8505 
123133 be55ae30-3007-4f8c-8726-f4c88fb7bcbd, 3919 
115314 c9d4840b-166e-423d-91e4-00e8e412334d, 3919 
193838 394d7216-f226-43d2-ad25-3f7a49989f7c, 8505 
216650 36908fc4-1458-44bc-acd6-a58352a62fb9, 8505 
60809 7fca250f-8109-4b01-bd6b-a1189bb77c8f, 3919 
309323 1c6d1e3b-2eec-4e52-9363-f58c8acb0e9e, 8505 
268097 a41c0be2-33a7-4da8-8659-be92d9ecec91, 3919 
111939 230cfd1b-156b-46e3-8a57-a12b1bd291cd, 3919 
182511 c0193a3a-79e8-46e2-a015-191094b34395, 3919 
78779 b9653952-180d-4572-83d4-b5b8cf7d5de8, 3919 
219925 b8c4e0a1-c211-42ae-9086-d2b846fef7eb, 3919 
265557 be90c50e-e046-4328-879a-bd7bdb102b67, 8505 
343447 5e0566ec-326b-48ef-933a-49302a1c5752, 3919 
224637 afd54d2d-1e36-4f43-b3e0-dd4a817ddbcc, 3919 
86389 f6831554-7eda-46b7-b357-36af6cfbb1c2, 3919 
282539 9dd1a350-99ff-4b4d-8cfe-393e81e4ffbb, 3919 
378329 93bbc8e5-0a2e-4c27-a00b-0028d51d297c, 3919 
59484 75e9541a-7ccc-47a7-8226-47e82fa91a73, 3919 
185818 d5a0d74e-0fbf-49c9-8cbb-196267a54417, 3919 
323244 0b0d8331-5a98-423b-a784-2ac981786678, 3919 
358057 b0a9a74a-e363-4574-a045-9c4fb115dce3, 3919 
298671 bd7ca4b8-1840-481f-b410-f6bfc503f26d, 3919 
68206 96992cca-81ad-4d88-b12a-f66470ccf0ed, 8505 
303937 7d3c5fce-8fef-452b-b700-3ceaab58a6ef, 8505 
169739 a4445a0f-67d9-4adf-a481-18d1b7536ecb, 3919 
177354 520b91cb-94c8-4cc3-8987-7d17605b74cf, 3919 
94171 7e0f6bcf-11ad-496c-ba29-86e41ee0b44e, 3919 
257949 233fc53f-b53a-41cc-8fa2-8a44d5204c4d, 3919 
181134 32295e5b-befb-4397-b4eb-dfd7fb36d99f, 3919 
159161 51bbf492-46be-4c03-83b7-a5b743c340b0, 3919 
162136 57e6a7ac-7224-4181-ab46-e3c4e821d01d, 3919 
365689 dc844412-172a-4848-a473-dd8152bf394b, 3919 
351184 1e665fa2-3152-46b6-8c95-75b8ae2af94d, 8505 
111854 0fa463fb-14c6-455b-8f5c-f90cebbb6ef9, 8505 
74127 0e35fa96-6e20-407a-bd83-6a6d431f809d, 8505 
10518 16085c40-0463-4763-99f8-ef2ec4e0c433, 3919 
86087 519d7d19-1174-4a35-af08-d812c2c6a970, 3919 
200779 166711d3-3a42-4aa7-93de-39a6af89cb38, 8505 
325106 31e7db30-80c9-48b1-98c3-27a3f5fe85fd, 3919 
75294 fab6ee9c-7760-4aab-8d89-e07d173b2885, 3919 
98711 952e86b1-6217-4d22-900f-553c1f927897, 3919 
206276 8d8d0294-b035-4fcf-aac4-49928c33bce0, 3919 
9584 c3b268f6-b84a-4f55-80b7-5c577a412373, 8505 
69106 1d5e9e94-1400-47de-b8d1-f7c0c813689c, 3919 
159819 16a0e391-e712-4a20-b1ec-c27667c917ed, 3919 
318908 2b77deca-594a-4529-b50c-81570042e35c, 8505 
378368 6354c419-f309-4aaf-83c4-c6478063aeac, 8505 
294325 298e00af-1985-483d-a3db-e24c97ba04d5, 3919 
282723 6208c6bc-f7b4-4e77-a5a7-0f8a65edb127, 3919 
154031 7200a890-07ba-422e-af9a-8ce8fca193f0, 3919 
22162 eb27bedb-6096-4b0e-a13d-1469173e4a1f, 8505 
42867 ae7dcea0-bf98-4ec9-ba17-659a12f90fc9, 8505 
117816 ed833b1c-041e-4871-be14-019476924b1a, 3919 
378285 20b4df2c-5e8d-4284-a915-07d813de931e, 3919 
110836 053346ac-c48a-4cd9-82ef-3b73560b66ca, 3919 
159930 1917bcbd-cee8-4bc7-8030-d2bb8fd7472f, 8505 
83593 d3fe5422-9c21-497f-b3f2-a6954d465c32, 8505 
194331 ad111774-966b-45ae-a74d-6029d0167e51, 3919 
89029 99aa2bad-c924-4f59-89b2-4090f3c5f9f9, 3919 
185512 4686301a-d4df-4f31-8008-ca0bfd388c74, 3919 
77200 42b729bb-5b2e-4d05-a167-8b1cc5e0285a, 3919 
324621 11b193ec-fb20-4965-9d67-0d93d80060a2, 3919 
162038 b6d07c14-a94c-4463-9828-6e05accc74f9, 3919 
23588 721996d6-b26b-45b8-ab99-707080c60ec1, 3919 
299880 c387c363-e855-47b8-b07d-92d7d57e948b, 3919 
250804 10f4bfb9-038f-4ba2-8592-3688e8cfef31, 3919 
257685 3c397927-f34c-483e-966e-afd880fdf176, 3919 
39541 e98d1eb9-8230-4a8a-a811-2732967f9f4f, 3919 
89734 088c2038-1afa-40e8-afcb-78c280f9eb0b, 8505 
276172 481c35a9-43f8-4dc6-a082-3369ae8abb35, 3919 
332965 c55fed2f-5c28-44f2-940b-87289ba64e7c, 3919 
27122 17dc6c8f-2556-4672-b0fe-94d919dfd0c8, 3919 
206644 2d9d0f6b-8253-4348-b212-da8146f87562, 8505 
374679 c950d0e4-9a2b-4ba2-8833-0dfe9157cd01, 3919 
339610 3877cc15-f741-4505-86c6-40c29516e396, 8505 
273014 cc398247-7ddb-46c2-a81d-ac4f09a7241f, 3919 
54343 fd1e8b67-9b4e-41fd-ac3a-5fb85eea4551, 8505 
270085 41b2599b-d910-4a67-b44e-ab86a1883566, 3919 
213387 121c7899-ead8-4601-b767-e8cfa009b337, 8505 
327348 98266f52-bc02-4faf-b12f-1aef7c02b039, 3919 
64371 c813afea-671e-4188-9ea5-6afd984a8f5f, 3919 
343625 49f161b7-b1ae-475f-b74c-f8a8814fa03c, 8505 
265887 d03c0620-e611-4100-8166-89d47aa85c1d, 3919 
155093 29efb264-a94d-4bc7-b24b-160561b4ed35, 3919 
70093 8aef0e33-1636-4e80-bd25-74ac7f1f8834, 3919 
302320 e6f8691f-9c66-40df-b1f6-8559c529e0da, 8505 
401260 b997e607-a13f-4ce2-9955-1a82afa27df1, 8505 
352514 b131d093-e5c7-4570-8046-b805c73a892e, 8505 
166081 f070078b-2f02-467f-bb7c-b05157b0db4c, 8505 
231996 58e825d6-2e2a-40fc-833d-adb9ef811986, 8505 
278802 1a8c8834-76fa-4094-b529-72c8e7049842, 3919 
43106 a6d6bf4b-77ab-4b2a-87d7-749ef368cf6a, 3919 
263440 fc472713-b120-4fbe-bb70-5ef0954d7109, 8505 
359852 58dd9cbd-e3e5-4d1d-94a4-628488e11b32, 8505 
283663 ec7e9d7c-b3ae-412b-91c3-e909ce29cfed, 8505 
163677 868e360f-9ecb-4644-ba16-151efd450f15, 8505 
118566 dfecc226-4d3e-4fb9-9e03-db29d46bb078, 8505 
84759 7ae36a6b-b886-4517-9309-5f5aa8d419d6, 8505 
112600 695de4df-9d08-4755-9325-226a31407289, 3919 
44312 55a7e747-52bc-41cc-b19f-9e33bed0ea8d, 8505 
183812 fc405979-3420-4358-a24d-6a4d567722ef, 3919 
138975 a493b6c2-819c-46a6-b37a-9e50fda24a4b, 8505 
286594 a27bd930-baf0-4290-a5a6-0566266bf600, 3919 
77844 f58eb8a5-456d-4d78-be65-dc25e68a8a03, 3919 
342541 253edf09-c7c0-44cb-9b2a-91cea8a2c4a0, 8505 
291509 f4250e1a-6999-48f5-8307-2e06677ad613, 8505 
373830 7938d25e-7906-436b-b087-1e0f806de73c, 3919 
342317 885514ca-8ba9-421b-9d63-9b32177f2a0e, 8505 
379956 0e4c85ae-f5d2-4dd5-8ad4-a71a5786966f, 3919 
180541 0553e279-c5ab-4391-bdea-5fdc28663a69, 3919 
263374 c5467d32-0c9d-4d8a-9eac-67a23a5680cd, 8505 
72397 ffcbb6fd-f3bd-4444-8474-a789400a3757, 8505 
269377 625f8caa-b9c4-4eea-91c5-b340dfa0253f, 8505 
192922 b2b60ee9-5eb3-41cc-84e9-d4e4865f9238, 3919 
389993 abe7ef3f-0b40-47fd-9b0f-d9643b77679a, 3919 
253068 17f2067c-c6a5-4183-ae32-7b2049ba1656, 3919 
381434 ff0a5fa6-d151-431c-9bdc-9d3cf2f60835, 3919 
188214 9ec0942b-e92e-41a9-9027-efcc03f16a8d, 3919 
40019 092a9021-79e3-4851-99cd-3c1032a57939, 8505 
347269 3895ec71-9bcd-41d6-9864-5ccb699bcdf9, 3919 
225632 3ad7ebc5-8165-4965-8d7c-bec68afe226b, 3919 
283765 488a2481-19f6-4fd1-92ec-9c231cf75c3f, 8505 
348858 28455746-9c2f-4349-a237-1731a79c9428, 8505 
170991 b95d91ee-625b-4da4-938b-349adf1411a5, 3919 
360902 5c75b8e4-8797-4293-8cf2-1994b3803b71, 3919 
207545 636f3705-b11d-4bff-b449-03523e631968, 3919 
28865 d229b9e1-af32-43e3-815e-392e86b62cf1, 3919 
182684 a3ff0734-1ff5-4be0-a715-1b1463fad4ef, 3919 
284441 04e96cd3-6565-4b80-aaf1-e08458f3dae8, 3919 
53551 26f170f0-e657-4173-9aa5-74c7abd3645e, 3919 
373545 9771e502-a8a7-428d-a58e-2a2d606359d9, 8505 
76040 a9a9fa32-d3a5-49be-b2c7-452d77fe10e9, 3919 
126375 ffb4c5c5-82cc-4ac1-87f5-11092fd6df9a, 3919 
123419 9da855cd-1b81-485e-89d1-555af5514ca7, 3919 
130707 3eedfd75-20a9-4d5c-adc0-41e6a446f7d1, 8505 
121050 7eefcd3f-38f9-4f85-bbd0-bcf8624a8505, 3919 
89915 10f2060a-65e9-453f-9582-7e07536fe0b5, 8505 
197375 b1dbd393-f9f2-47be-ad55-06c0048ef1bd, 3919 
162438 8b1901f8-8115-494a-a169-1741bbfa2ce2, 3919 
6373 527e18ab-6327-46ae-9cb1-2ce55fd4907e, 3919 
315130 21af0a54-7d4b-4955-93cc-b9bfe62a85e0, 3919 
333164 1815258b-1ba6-49f1-a80d-5d9a24f09987, 8505 
269929 733a0e27-f0cf-427e-8af1-b535de625733, 3919 
295929 b43f9c01-05f1-4f80-9404-ab47f4369696, 3919 
312541 ebd50a64-3138-42e9-9888-8fba89571bbf, 3919 
108798 5244b115-e58f-481b-9c12-9fca4048b29d, 3919 
300855 5e1d9a3b-e012-4ca4-9cfa-684f06b5aa6d, 8505 
401610 8eff4798-7601-408f-a28e-172e7e8015e0, 3919 
332397 5a749840-7b29-4592-be7f-c047c98a5c1a, 8505 
180472 78673aae-e0f7-46c1-9fce-da435d59b28f, 3919 
4958 b6d12cf9-e975-4f93-b73a-f99cb284a74e, 3919 
191343 2bb9fca3-7d5b-4866-8ac2-4d8e58ca28a3, 8505 
241826 a77d5182-bc5e-43c1-8801-ada19bcf6348, 8505 
184301 8c7584b2-1639-4819-82f4-f9e3e7667bef, 3919 
233502 ff4c2727-525d-426e-8818-f09d624aac03, 8505 
60140 52c74778-c2b0-47f1-8629-d1127819116e, 3919 
49815 9c3a48ab-af26-477e-b0bf-1631bdffb397, 8505 
356691 665a31da-7efc-472c-9f43-2d90b19af579, 3919 
98116 d9293838-cb87-45a2-ab89-8089e82d9c7c, 3919 
35871 5fa345ca-a569-45d1-ac10-40ce73485b8b, 8505 
76189 c01032ad-2905-41d9-a434-057c827cefa3, 8505 
220226 0684c99f-6d37-4ef6-b45a-7793a8848956, 8505 
115909 fc1a4e87-9dc9-4f3a-9230-7c4fc32e7350, 3919 
93670 cc697f44-d26b-4ee2-aab6-e898b21f70ed, 3919 
291678 3756d4be-103d-469c-9747-739eafacf699, 3919 
388387 0ad6f30a-33af-4cfa-9f2a-562104c16ea1, 8505 
219071 3914b8a5-75c5-4b7f-a4a0-b37eec10be06, 8505 
74355 0683aec4-769a-41c5-bdef-17358e4529b6, 8505 
275643 a3417896-7b4b-44e9-9ce2-f6f739282ec4, 8505 
394003 dd49f0f7-d8f4-42ff-b1da-bb86c3a2f1de, 3919 
375901 0617771c-fc5d-4d55-af96-6b8c9ca7a7ad, 3919 
206410 4f5cf4cc-8639-4664-9cdf-7573902e485f, 8505 
94523 77502545-2284-4427-b01e-d0c258351488, 3919 
197047 c89fae5f-033a-462d-8137-dbfc8d285c1b, 3919 
6499 ce03e405-d96a-4c90-82b6-1b4feee0a557, 3919 
285779 94f4c596-8004-4c75-808b-e10f355885c1, 8505 
43310 1de85322-ffc6-40cc-b1ca-71264b4138a2, 8505 
362877 00c9eddd-178c-4396-9746-329ee01780e8, 8505 
212977 fbdda00a-3dd3-4f05-95a5-6cdc71dc7928, 3919 
54960 4e599680-5950-4d6d-b031-34448fb56b6c, 8505 
109796 d765e0ee-bff7-458f-9f3a-77095107b6f1, 8505 
273274 60c716d8-424a-422d-8c8e-4be1d71757cb, 3919 
244823 69a97897-0003-451f-8cf3-8d0b4ea00de6, 8505 
398206 9df63ede-e2f6-44a8-bdf0-0b8cc9cf4f3d, 3919 
75341 bcd183bf-06c3-4830-95c0-996642aa638c, 3919 
386246 e866aaae-076f-4f48-952b-3d1e0268e6cb, 8505 
192575 4a7ef57f-60a9-458c-851e-f0e9b75a1fa4, 3919 
147142 97bde860-8df8-498d-8d29-5dc26fd004ba, 3919 
200355 2a0a9e0d-c4d9-4f7e-97ae-d58d4ca424c6, 3919 
256276 eff36938-6d90-40eb-94c0-7640f89688c2, 3919 
260365 9929f2db-159f-4012-a354-449094088393, 8505 
323338 34814940-3aef-425b-bb0c-2842e7f31c05, 3919 
296191 125c3735-e236-4c82-9a80-66ed023a2b85, 8505 
219990 cb9d6f4f-56a5-41f2-84b7-5703282730c5, 3919 
273072 edf336b7-ea2a-4a0b-9baf-43a66e336f12, 8505 
271726 9e4faf10-365f-4b9a-a4fe-4f115f7b3579, 3919 
308667 920aed6f-b368-4f74-afc4-05eae855bf83, 8505 
252095 7b116fb1-cd7d-44c3-ae74-17ee1922f719, 8505 
173132 1e271e5b-0385-4029-8bb4-4c73e81af5b0, 3919 
4648 48175b40-dd30-4ce8-bc7c-6cd3aacf6bbe, 8505 
270779 e9fbfb38-c18f-4f28-b2d7-2f41d5452347, 8505 
60769 70f45ec8-3a3e-4de8-a1ca-7afea63a5ce9, 3919 
72119 19e78541-d954-44c3-ae25-84ae579e1dd8, 3919 
34730 bf5bec83-6252-4892-870b-5d2c12a03efc, 8505 
374521 2a0f5107-ac2c-46f6-ae3d-11613de5e10f, 3919 
225307 ecc0275c-bda2-4cd8-9f2c-2aa0794c8312, 3919 
299006 8a219ace-3c4b-4a17-847c-4d487321c8bc, 3919 
309304 51a40f25-c00d-4040-aa2b-6d180bd6f4c9, 8505 
284127 feddb101-bff8-464f-aaa8-ae7a13592acb, 3919 
244785 10288565-4445-4ee5-b932-d9430ab435aa, 3919 
111582 bce79d6f-9a7c-4366-9098-117ebbc21463, 3919 
71466 bc18dcfb-8035-4ed0-ab92-5bdb1f31fc27, 3919 
10972 b895ae95-e917-4e72-81e5-ee498df7f18d, 3919 
176082 52e31b81-aec5-4e7a-a393-8a20a4c42fc2, 8505 
195334 716f26dc-c6ed-41ee-84e4-52442855d65c, 8505 
349505 ea567e13-6fc3-4d9c-b8cd-cdc726f1d448, 3919 
96901 aee89afb-135b-4aba-b36e-cb3137b0f6ae, 3919 
213132 99506027-ba55-4560-ba78-c481ddda7622, 3919 
121069 748b62e7-895a-4b3b-a433-fbdfa703d49d, 8505 
196796 c0d198b1-720a-4605-8cc5-57a2e0e02b59, 8505 
211666 1958494c-3d24-4155-a807-59234c0f0997, 3919 
9530 eaa19e5d-5616-4317-8ea6-fd51671c38a1, 3919 
173709 fe24b105-5c3a-44fd-8b0d-744f08effab8, 3919 
88399 bf93012a-6f39-4616-8209-f4cddc88c301, 3919 
175492 3839aec6-778e-4ea1-9d1d-4751b72b823d, 3919 
8453 7172d449-9fbc-4f84-936a-dfc499789061, 3919 
176914 68d91561-adb5-4d98-b4eb-eb448860d8b1, 3919 
271718 d65b246c-5bdf-4590-b087-98b983bb4830, 3919 
125837 f796e877-3a48-4bc0-9291-58274b5d5de6, 3919 
157728 9b788f4c-3deb-49c0-be5e-91b7119e0b86, 8505 
200479 e6460b55-bfb1-4e40-b72e-20a92765b63d, 8505 
100147 8fe6b3e6-819a-4169-ac94-4a2365fd13d9, 8505 
98369 3105b0fa-c509-4731-9453-d0bb7654c1f8, 3919 
403013 00adc6bb-cbef-44ab-a4f0-06e41c3369cb, 8505 
267422 e5a18fb7-f76e-43b7-807f-91fbea2667ae, 3919 
216938 9e5cb5bb-2b53-4c7d-a46a-01513d3932a9, 3919 
310083 f347136d-4d3a-41b4-a6da-beed9345ede1, 8505 
272610 bbea2819-4b64-4b58-ad28-e5c4bec52793, 3919 
362475 1454e93a-8d53-4aa2-8f36-06279361c5af, 3919 
73501 9e262522-a1ad-46c2-af82-18c4f079400b, 3919 
45138 1df4cbae-9eeb-4376-ac2e-c493e8fcb0dc, 3919 
190554 9a335dcc-5034-47b7-86cb-946f31867e65, 8505 
276281 f39f12b8-f6a3-4549-ab96-3142d76b1999, 3919 
386856 c57ac2b3-7bb6-40d4-b2c9-55f85303b3ed, 3919 
70366 3f0ec2e6-8cd9-4480-8d3b-73ed8d3d4fb9, 8505 
44843 b86a1a12-1462-4b95-b57f-dddbc74b65b4, 8505 
324231 057fb1e3-bdc0-4834-965c-bc5bdf22b613, 8505 
222185 61c190d9-525d-4a3c-b0eb-9bedcb629e10, 3919 
41540 5383107d-ca27-4154-9fd8-6cdf08e7d079, 8505 
235749 388ce92b-19c2-439d-8b28-a9473c3554fc, 3919 
195414 03ed9007-4d37-4ac3-ada5-fdfed4e00a24, 8505 
4049 f02c8161-d3b0-4e9b-bea1-c601d9da2bee, 3919 
158713 d6327a4a-721c-4bb8-b96d-2d8f513237b0, 3919 
234164 eb25f19d-09d7-4fc3-8644-3eac6570ca7e, 3919 
73324 43f43945-e20f-4ae0-a1fb-dd957c8d43b2, 3919 
145561 0ee91258-bd57-48dc-ab66-d1ef66b97806, 3919 
185598 aa74321e-37df-44f4-9e19-d6d33a0707dd, 3919 
47371 b5d7f82c-8343-4712-a0aa-dfb3fe318a84, 3919 
377471 fe4ea5da-51c6-45e7-becb-8c93151da683, 8505 
154950 e5cef4f5-0e7d-48c6-adc3-d851979246d2, 8505 
22971 15300b70-6d2f-49e9-97ec-753354957d0b, 3919 
262001 518da41a-0ab7-4ee6-98eb-47c186da6566, 3919 
165631 7621e295-7cc7-4ad1-9b0d-f0400e43a372, 3919 
291573 3cc8abd1-4688-4ceb-9575-49d4991184ed, 3919 
168050 f6c4bcb1-735e-4bde-a496-c1565d4a694e, 3919 
368141 61b047b0-6f90-4832-ad5c-ece246235c4d, 3919 
312969 4ad8b61a-8c1b-469d-b546-c8f4f2db8329, 8505 
99721 2fcb1056-5002-46ce-9d11-cbb936528e3c, 3919 
219543 9789c942-5549-4447-b6f7-870fc05dbac2, 3919 
111996 249dea0c-6d8c-4471-b47d-9a7d5d53d494, 8505 
1490 eabaffe7-7960-4692-a0eb-98d912fdddba, 8505 
78683 6439353e-ec8f-4d63-8396-d752dc369086, 3919 
271396 067a76d9-c6d2-4d28-b69f-cac2497dffce, 8505 
168255 1444079a-9fab-4bfb-80e3-a8f327861bfa, 8505 
321580 6b6d870c-af85-45b6-82ba-d2db97b0aa7f, 3919 
62750 48780af9-592e-473c-8bd0-5a20f2e174fa, 8505 
56140 8ef68663-6e6a-497f-9b4c-8c71eeea28d1, 3919 
243361 21b82ca3-90b4-4795-b83e-ed67a3c61104, 3919 
79370 a1be4f3e-3dc6-467d-b0e1-0b3f64e155ad, 8505 
63817 d8816e96-3818-4ad0-bdfb-569624c1f6fb, 8505 
390909 7300bf9a-d8dd-4255-93ac-17f53459a746, 3919 
5187 74d83de8-8b7c-48dd-8b52-b6c405aaccdb, 3919 
315720 75eeed8b-e523-422c-808a-4df8a5dc3796, 3919 
111114 885012e4-2b67-4974-84e9-05b1551a58b5, 3919 
139198 0023189d-f977-48e9-969a-c47c3ddd465f, 3919 
308202 52687fa0-cdf4-4c2f-bb34-9799a9659143, 8505 
127058 e3805290-bc24-431c-b749-89ef374dea67, 3919 
315345 0f662604-e92b-40e0-9b10-e4abea5c8447, 3919 
358220 01bc4b03-8d8d-4313-8fcf-adb31549ea9d, 3919 
74336 0dc4a82b-ab96-410a-ab41-c07900063cb6, 8505 
290544 019c0494-be6d-4986-b48a-c7f9785e3856, 3919 
217753 63460b0b-e1c9-4ef7-9c4f-92e336065187, 3919 
155062 06018110-8c8a-4788-96f4-30aa2c7fc360, 3919 
223806 77d5935c-c2f6-48f4-8696-6248d2c95226, 3919 
265798 5b0f1ddb-5bf9-4a71-bf0e-eac11dde9148, 3919 
269939 14f84e06-bd62-4fa7-9f29-5e7bddf28148, 8505 
129075 bf31ebb4-5251-4cc0-8a27-58e16db371ea, 3919 
117725 3f619b0e-85d5-4ef0-950b-5b37d8685a22, 3919 
324515 4d2a82b9-2ad5-4b8d-a7fa-5c9193d7670a, 8505 
158832 92eed688-28c1-4079-b5bd-b46bd04ef08e, 3919 
71239 6802683b-5898-4aa8-aa0e-0095fd5aa912, 3919 
388165 1df4c93c-38b1-4612-b091-da8d872c0ef3, 3919 
58473 ff446879-0414-4db7-a5f1-8aa02fe4739b, 3919 
165011 7d6183f3-2cc6-4520-9b01-376965029596, 8505 
36449 69dc7ff5-65d4-4d45-8ae3-c1c04be6e619, 3919 
258314 01b6c1c4-1592-4b01-b7a6-cb2006d59926, 3919 
344246 73b4bcdc-9d5c-451a-8372-bf2dd9be45d6, 3919 
395617 710a8628-1f94-40aa-8eb2-6172497c5627, 3919 
192355 a37185a8-5c9b-4515-9590-39bdb390b15a, 3919 
312751 9203f1a0-a92f-4c21-b99e-728a9808c0a0, 8505 
52486 d369fa7f-f734-4bd4-a57c-fa2d5fb52900, 3919 
154663 7c85d290-8bf6-415b-bd45-13e6d9929453, 3919 
145270 84c2c9f0-0589-4af8-bf5c-719f03a6b8db, 3919 
43841 98d23f23-d39d-458e-aab8-16dc7495f8d1, 8505 
199471 984f7686-268a-46e6-b3c8-e68c74ab057b, 8505 
110488 31dacce3-4019-4aa2-b3f7-b694610e2aca, 3919 
393008 0a017ddc-c448-4900-92db-e87e30300337, 8505 
263150 e61bf09d-4919-4200-8457-5a851dac32ac, 8505 
313018 cb00d712-d9c7-4856-a7dc-7d96776de997, 8505 
388514 dfaebe20-7b2b-43c4-a823-603a099be78a, 3919 
339734 f637ef44-2829-4d04-8239-cf57a43df162, 8505 
219491 94177b4f-4cc8-4108-aa3f-f7ecda338a9b, 3919 
355906 1ff18980-4ea2-42bf-bdf4-24e6fee3b03a, 8505 
69427 fbb28fa4-f6b4-4667-8501-b529b41d0044, 3919 
26370 e5936107-a1d1-4968-9109-55f73bff1a5b, 3919 
17472 449d831e-feab-42ad-ac40-57ec75cab5b2, 8505 
65052 b6affe97-3a5b-4594-900e-cac4f27b6224, 3919 
40828 4fa7a179-fae8-4560-a800-ff797ccc4a32, 8505 
222004 631cb305-b037-4d2f-8c48-5e605d5585cd, 3919 
94653 889b0222-0817-4202-b11e-6516fda8090b, 8505 
297075 1ec445c5-9411-414b-a6f5-02a33410692c, 3919 
249424 66502e50-bd0b-4073-b3c7-f01c9ae86247, 3919 
60054 c2d0648b-9370-4361-8a3d-7ab7f4a82e9a, 8505 
329052 920cda4a-fa76-4d23-91bf-1b59ba07cccc, 3919 
198035 fef09e9c-cbad-46e9-a62b-a2e982e22112, 3919 
234306 a070b1ed-fab4-4802-aa82-2b1041a3ffdd, 3919 
272836 cca7c5a2-7045-4807-ab8c-7f0507a67f24, 3919 
329391 b23550b6-6c45-427a-a841-7988e24c9257, 8505 
378328 919ed736-b1db-41cb-b4d3-86d2ce585997, 3919 
335005 541ddd17-3157-42b5-ba30-c596996ae53d, 3919 
180079 e55e000a-6fd8-448e-8cbe-c1c6ad2ab7b4, 3919 
292426 ed1eda42-54d4-4b11-87a0-be14d5e1a64b, 3919 
10781 003782e7-15bb-4a16-b910-43a286bbf6f3, 8505 
16942 15777a41-340f-4c5c-b5aa-a02df660a322, 3919 
346856 733e21b8-a65d-455e-816f-5641eb01e2e4, 3919 
403435 205e960d-de66-4dce-a27d-2cf65d8c6ea9, 8505 
241912 0c43f129-3173-4e18-96aa-b0b824ed8b28, 8505 
22068 b65cbbd5-e818-40ee-b9bb-1c0da013bc91, 8505 
46272 883e175b-ac8e-49b5-9266-61170ad4e435, 3919 
2893 d0b9afda-4fde-4472-8186-a65b4708a2e9, 8505 
44462 91e0c1bd-4313-48e6-b5d0-aa0b4d2179cd, 3919 
353798 c188d67e-cbe8-4417-9840-2785fbdca505, 3919 
349287 bc033787-1613-4ff8-83c2-07173f4a085b, 8505 
317574 fe6f012c-b069-4882-abe7-be7e10ddbfcd, 3919 
254872 5a666e17-b9d2-4465-90eb-1e25e8136624, 3919 
152402 f878d426-0739-4a7b-b6ce-f631fdf9ecb3, 3919 
330203 97ed46bc-a86f-4810-991e-6e8e69d732f7, 3919 
357689 f3316cbc-e6e2-4440-9311-5432ae859768, 3919 
275789 bf83ab79-9e3e-4243-92f9-d204b5afc450, 8505 
353835 673bee7d-bc92-4580-9e27-a0be1efce9b0, 8505 
300518 68e51654-4175-496b-b37f-fc1c516b4590, 8505 
354332 03b60218-0e19-45b5-9bc0-06e7c58dfee6, 8505 
169193 44b68385-4a7e-46f6-a52a-d6ac98fe5866, 3919 
123069 a642fcdc-dfb6-49c0-a735-9fb1338e402d, 3919 
99013 616204cd-52e5-4c73-a0da-d7cdc377f6ca, 8505 
118519 878e9c60-ec1c-4011-8bd3-1c3b1f33cf7a, 3919 
190278 16a5ab3c-f598-4068-9ada-ecdc77e79ebf, 8505 
287236 bbd1e960-a109-4660-9c97-984fe22d9a43, 3919 
18130 6baa8534-1a6e-47c6-b4d8-668dd02604a7, 3919 
87442 691d4bed-eb26-43ac-8949-191e2a2e59d0, 3919 
103574 dcb29fc0-3a8b-4db9-a841-489af778ca46, 8505 
234515 99057c0c-acff-4ef4-b08e-19f646079d09, 3919 
29200 139b8363-3389-440a-8c05-08846cc84e5f, 3919 
289159 b3312c72-5ff3-4eec-a2ee-72862664db1e, 3919 
189195 000fd287-1428-4737-8694-b105ee2608a6, 3919 
400739 40cf0a28-bb32-408b-8d7c-dbefb1900b85, 8505 
48481 4beb90f2-38b0-474d-911f-9880f9907e03, 8505 
5025 77403787-16ca-4bc4-88d5-86e999731723, 8505 
217646 50cd854b-8b60-4014-99b2-79e616b96564, 3919 
167521 05d6f0c0-86fe-4e7c-b1e6-4feb9937b620, 8505 
101327 f811e7a4-1ecb-4e0b-b5c6-57d01f7e9965, 8505 
4469 0a3887b8-1eab-4b0a-91d9-2de3e04f1a89, 8505 
32353 3f5c67fd-0e76-4f22-887e-4c63f05897cb, 8505 
217994 5e53ef67-e4bc-4b3d-9445-a8985b8c5808, 8505 
64695 5ae04df2-300e-49cd-b17f-662955b2decd, 3919 
16804 107290ed-552f-46be-92bc-1bc9636df8d3, 3919 
184647 c05bea96-b07a-4134-849d-aeb9b859d6c0, 3919 
137046 503c3e18-5c33-4395-90c5-251018d52bbf, 3919 
288615 5d9ab468-ae2a-40b7-94fb-d2fd565af6d9, 3919 
366681 4b4621b2-cc57-4d25-9a7f-922f4198a2e4, 8505 
388881 8fb4db57-de04-4deb-af3b-417b6c873057, 3919 
302429 14d913d1-47a5-4451-99bd-2a19dd287c31, 8505 
170103 f7269cdc-0f60-4059-a713-529f3ffcd579, 3919 
177113 2d9aac1a-ab04-405a-9425-4b9992bd71e3, 3919 
391620 39dbf02d-871b-4b43-8812-8c4c190f9905, 3919 
378489 ddbef576-8e62-4790-885a-ada5a5694f08, 3919 
86442 bb513914-3355-4d56-9f3f-44775c9b0752, 3919 
43011 14f14e3e-2008-4156-8e89-233467bc3229, 3919 
124195 da1adb9a-9e90-4a51-96c0-e2d35e938fa3, 3919 
112693 264450c8-0c77-49a1-aa11-2d1d53f07759, 8505 
19603 ef44f4f4-95e9-4d36-83f4-201c09216727, 3919 
77271 d9c8379c-680a-4ae8-a031-843c2f096206, 3919 
65489 41df42a8-a944-4416-acf7-dab1013c9c27, 3919 
332736 54ad9e79-f35a-4bf7-8f34-09381b34e02c, 3919 
353368 e2eb5ee7-5d2f-41df-843a-ce5e27d1676d, 8505 
390963 bfb48adc-c544-47d7-ba68-bbb52e5c762b, 3919 
250039 01a12403-dc00-444e-ba83-66112ff15195, 8505 
195144 8acdc7d5-1cae-4b97-bc67-500388e7b228, 8505 
214339 ab1d269d-e12f-48dc-a1ff-b786b9e4bc08, 8505 
275835 492287b7-0d9e-490f-9d60-9e6d8b8fbde2, 8505 
350681 db0824f2-b886-47c7-8164-68bdbcc411d8, 3919 
113617 da420878-a081-4811-a3b4-3c69d3e44153, 8505 
278488 e1f774ec-62e4-4113-b9cb-845f9b8796ab, 8505 
53581 0a868b2c-ab5b-4fa9-a7b9-55d9df778fc2, 8505 
343963 da771439-db36-4058-b474-238bcb226367, 3919 
248926 37501453-fbb0-45dd-9ada-652cd9d50dd2, 8505 
247911 2d745009-34dc-4ddb-b908-8356fe802959, 3919 
263734 5092948b-0b68-4682-9a4a-7cd41ac5f6cd, 3919 
212342 c8a1590b-cd9e-4aa7-be8c-804afdbd1d02, 3919 
108895 dc28cb9d-2ca7-4ea1-b404-f957478125db, 3919 
158411 a4385295-4727-4baf-9216-471e8ae595d4, 3919 
289475 8f6462ab-f089-4f7e-8555-429238721c7c, 3919 
353487 9e0b2f4c-6003-4438-8ab8-1b7c9b810459, 3919 
337497 1485b3b2-3298-4459-9d87-a27fe03dc9d7, 3919 
306942 6f5f0aa2-89e9-4cb5-b93b-833d07d7644c, 3919 
342840 100dd358-4b21-4da7-9e6e-69128bf76c84, 8505 
257921 a61f1501-c6e0-4cf1-a494-cc5ddf07b073, 8505 
6362 eda41a35-a0d3-4b82-8cf5-fc5795210876, 3919 
104721 a0965691-6bc2-45d2-a00f-2c18141edadc, 3919 
223012 25833698-4a24-4da6-8031-4aef35fdb53b, 8505 
50991 90718af9-ce76-417c-a0a2-95da7119b2b2, 3919 
201536 7c49e8a8-eccd-43ed-99a2-b24ee17b7686, 8505 
60346 c1bc5f7c-a40c-45b2-a719-caef4df3d4f8, 8505 
124440 81c10f7c-1917-4bc4-93c3-6e696f196688, 3919 
24917 c27d7983-83c7-47e0-a72b-5dc68164ac75, 3919 
327281 a968c9b8-8171-47df-9eae-ed1b10cfe5f1, 3919 
278858 abb58a5c-0f1c-4f43-987d-cf6b1b47f790, 3919 
147787 21d4aaa8-34db-43bf-bfc0-3acc4b048c13, 8505 
94989 f964cb9f-340a-4ab2-84e5-9a0662d90b04, 3919 
249807 e8ace441-249a-4d6c-95a6-2c85da086bfe, 3919 
239713 0dddb516-532d-43e6-b91b-c6099d9ba415, 8505 
51050 946260ac-c9fa-4286-b063-d37974685e54, 8505 
40875 4c00b2b9-1247-4df0-b99a-bca67f4233e1, 3919 
78467 6ac2a46c-231c-4646-91c0-694bb4e69222, 8505 
92907 62086707-ae22-4655-b28b-64217f1e05ba, 3919 
324269 d52bcc0b-f022-4fdf-8883-ee316abadbf6, 8505 
78292 792d7a2c-97b6-46c2-99d7-e5ea93ddf353, 3919 
351368 cd8d63a7-282c-45da-8fbd-35d824e971be, 3919 
75134 680a8d87-a853-43be-98e6-552d276dcc15, 3919 
142167 155c29ee-76ed-43c0-b2db-800c8c43a4dd, 3919 
395078 54cc29b2-0286-4dc8-9abe-d653df4b0a48, 3919 
262975 b62e4a43-08c0-4f7a-8eab-82bb30f9392b, 3919 
55591 b0aa2cf1-4cd7-455d-ad05-7596c5867adf, 8505 
364054 8b62f5c1-7cf6-4000-87df-a5ddae7f5739, 3919 
126584 fcfe51f7-b593-4843-888a-57f37475f4ca, 3919 
9193 f0751c85-c14c-4083-9ee5-16f0e9194c06, 3919 
212971 a1f0a017-fed5-4a02-b93e-c48640bc6b55, 3919 
261419 d89ceb06-3b7f-4248-997f-bd01a3c1eb88, 3919 
275727 403da71d-d352-45af-bcf3-2e933da3773d, 8505 
69014 34cee428-03a2-4c39-90a4-f375a6eceec9, 8505 
275697 22665f41-68a0-406f-9c04-59fd635d2a22, 3919 
203036 296bde23-b0fd-4469-a636-bd5a300bc3d4, 8505 
300417 8741c9e7-7418-4329-9705-91fb93165897, 3919 
34605 3d591dcb-6018-437b-a8e5-944731a28c09, 8505 
240711 ebeebaa8-cc54-44be-b93a-176db16dca19, 8505 
147933 d5bd4fe2-f119-4289-be11-aa0346937ee1, 8505 
289746 80471e52-bc4c-4848-9b7d-447b4538223f, 8505 
145513 d24f99de-8e90-4fa5-8b20-2f3278f5d6f8, 3919 
21328 108cfbde-cad1-4397-a5b9-b23926acf33e, 8505 
331732 3b9fc597-be02-424a-9efb-2891b3331297, 8505 
182246 9dc75cb6-5c8c-4a9d-a7ed-5f09d0a69815, 3919 
374709 63e6c396-09c4-4dca-bf94-8058bb02ea64, 8505 
279662 ca7c3d99-ad29-4d6e-b197-598c85674705, 3919 
355919 addf79e7-ee6c-46a2-8b77-c116d1e40539, 3919 
19652 31e49a8c-ac46-45a1-94cb-86b10989db15, 8505 
65946 90537a38-6177-4dd7-a5e3-9f0153552842, 8505 
321433 70b19318-509d-4b37-a3e6-cfecbc4dea0a, 3919 
138194 7116b68f-935d-42c8-927f-170e7b025673, 3919 
46731 4daa8119-512a-4c9d-80d2-1b9f5178e865, 3919 
369166 c9b33ff0-e218-4ea6-9f1c-cf0f41efb4c4, 8505 
203082 b12d1458-7a0e-48a7-a4a0-7a6c7a73b403, 8505 
257891 a03b28ae-611f-4958-a677-a00f2c393b0d, 3919 
340349 a89c6393-3836-4c11-85f0-58d33b6516a9, 8505 
390318 bb7f114e-8ea8-4085-b8d6-90fe067d8d66, 3919 
209266 9edb1cd3-3fbc-4b82-909b-b9f910a83632, 8505 
144242 27348a1f-9824-414f-b2a7-1e586b83f00d, 3919 
155204 05902234-5192-4b81-b932-7f13b4e5a4da, 3919 
112273 96e64e9b-21b5-42e8-88da-53b6914066f1, 3919 
305465 de13119f-ca6d-4f0a-928e-0c3caf7bda85, 3919 
261814 5ff748f2-a3e6-4e5e-ab77-60d527c411e4, 3919 
230372 cb04c100-7b4b-4a47-9d7d-54af0a2e1aaf, 3919 
384123 29cf1c8e-5be1-4516-ab9a-7dddf950e426, 3919 
25342 9974d4f5-3fdb-45e7-9071-de7d6c2d6b65, 3919 
232629 a95c6c26-a032-4351-adb9-31c294f54f77, 8505 
307298 02c68aa1-55ae-495c-90b5-da23f8c7db5d, 3919 
272533 c1ff152b-d172-430d-ae90-08e3da91d1ac, 3919 
314994 5a267f00-2fa5-4d05-b229-3b2e996370ac, 8505 
248996 e80e26cb-96f6-41b9-aac1-8fb75b196fae, 8505 
198062 873b8f33-02ff-4906-80eb-118f65cf4bdb, 8505 
237254 aed2fc6c-9f2f-416a-93d2-13477fa18cab, 3919 
40787 89be4dc9-ab55-4330-bf09-27b3fb9faa8c, 3919 
297879 99cc438f-69a4-4081-9a5d-e72aee6ed89b, 3919 
368577 52fc8882-9244-4dfa-81f7-455c05d51e50, 3919 
111301 6230b9a9-6e01-4828-a106-1fe299236193, 8505 
140837 7862d535-5ec0-4e97-a47b-826effa39abd, 3919 
196024 c38a53fa-ae2b-4282-8005-aa479c60a94e, 8505 
383661 6e86254c-df16-4e25-bb2e-2c56ffd40e02, 8505 
237804 874332cc-2f27-448b-a7a2-09f27a2b86b0, 3919 
110100 9424b628-9455-408e-9747-b3d4d145f25e, 8505 
36531 2cf247b4-8945-496f-9549-d246fc804c3f, 3919 
127452 05774a9a-50e5-4a47-ae69-0591899f2dbc, 3919 
402183 47bb0b9c-665e-48ed-8738-d8b04c7ea9ce, 3919 
125007 aefff039-bb4f-467f-a0e0-b0020390df9d, 8505 
147147 955be526-0f1a-4020-b3b4-33a8ec1292d2, 8505 
37840 5bf4da7b-0b09-49cb-9d6d-ef24a109b4e2, 8505 
266917 3f064ecc-6e29-4e51-b20a-5f71b29aa1ba, 3919 
210772 21db05f4-431d-4751-9dd3-050ca20f3c62, 3919 
155458 da963bc4-db2e-4da8-92fa-dd9af2bb278d, 3919 
57904 827129cf-4b34-4921-82ad-388faa61f565, 8505 
387521 68dd1026-89ab-4841-b2a9-27cb4390d42a, 8505 
205341 3e018807-f82e-45f7-80ac-610a46586acf, 8505 
49052 38c2b213-fa99-4e37-9f25-e581fefacf59, 8505 
299987 f343febe-b328-4b37-b07f-bcb35877ceac, 8505 
352991 6926071d-b56a-448f-837e-3744fef743e1, 3919 
186237 13d01f39-4fcf-40a5-8481-39b774777d4a, 3919 
325627 f715b7fb-56bb-4f6c-a45a-b31d541e82cb, 8505 
359082 0476bd95-b6b5-4300-a05b-58e6abb6c1f0, 3919 
314462 03edf1e6-7d13-4d0c-84b6-27c494e089e6, 3919 
279372 423bd1f2-f7ea-4ad3-8657-6c7ec36b163d, 8505 
390720 4595143e-46a4-465d-9cc6-83fa9998e3d8, 8505 
335658 6ee0ed70-864b-4bd4-b953-f0cd84bd6e01, 8505 
287633 5a216a76-a80a-4935-8d33-cf0b02e7846e, 8505 
131663 912a9750-e828-43b3-811e-c551784c9446, 8505 
183848 378ea127-ae87-4059-967d-3a951ddd39de, 3919 
19536 c985be94-3116-4d1c-933a-48261cb959da, 3919 
395847 2d2472fc-3baf-44d9-a406-c558ed6e29e8, 3919 
286951 01ee86fc-e381-4529-86a7-8747ec289d54, 3919 
152995 ba2e3b43-a770-49fa-99de-0f27d7a5cd10, 8505 
158985 909a6f76-d504-41d3-82b3-e7c7e7a3d41d, 3919 
311580 8e1045cf-d464-46e8-accd-50b2d3fa1bb1, 3919 
123593 ceeb51c0-2f2e-4414-95df-30fea20d1eae, 3919 
145762 868c91b9-bcab-4c1f-b952-608bead1fcd3, 3919 
47158 fccff515-4d28-4a65-ac19-721e5eb4a48b, 3919 
108193 b10366ed-abd7-4690-bfc8-6f400dab00ca, 8505 
157890 9add6515-a4ca-4760-85e2-8ffd3c9b64d4, 3919 
330139 ad4c6b07-d198-4520-afd8-22d42bb54209, 3919 
384878 1aa90d61-3eae-411b-8e97-641b3b31d79e, 3919 
343287 01808b03-24b6-4159-9938-016c26061725, 3919 
222805 8a3c1072-6b61-4882-8bf6-5bb17226b407, 8505 
229132 1fc7feea-dfd7-4308-8684-8f1b37d19e0e, 3919 
222664 babce723-ea80-4eac-8cea-15d22faa57d5, 3919 
198681 0a08da2a-dae2-41b3-8337-0b3fcb182ad3, 8505 
322764 840c2925-6a47-4671-8b2c-b4b37d1edbb4, 3919 
44556 68d98c05-663e-4ab4-9e59-dc2fee7a067e, 8505 
92573 39132183-b9c0-4578-9560-bffc0996faa9, 3919 
166589 3ee17a49-1804-46f2-9ade-e0b75c7886b9, 3919 
182966 58dbcfce-5fa0-450f-9c4d-ce1cb0f2b1cf, 3919 
260009 ffb9dfcc-cc5f-4251-82bb-ed85fa1be33a, 8505 
187127 0af46b5b-f2d5-4575-adae-f1bf7900f8c3, 8505 
300202 9d763f65-bb35-4b2f-afb8-ef33f2cbd56f, 3919 
255536 eab5ab82-ebe9-4391-9b62-6790fb635841, 3919 
737 88462acb-2162-41c7-ac09-6dbe71670642, 3919 
1151 1fe62a8d-a911-43d1-b2ae-380fe205913d, 3919 
3574 81f0bf41-6f8a-4813-b6c2-d30650a20090, 3919 
34422 a1c1b10c-1c13-4e54-ad28-35b8bc9dae90, 3919 
217833 c311246d-1b96-4405-9000-fc72f068c6df, 3919 
37148 ac3d28e4-bed7-4ff6-a531-7300b668ed91, 3919 
182787 4386b8bf-4ab4-456e-bd05-c4465a9ca41f, 8505 
119556 0cc89539-1ede-4141-8efd-8b4978ce10f2, 8505 
336845 590b3f5e-a4c2-454f-83b0-47048309b7b3, 8505 
254112 9e70942d-f4e0-46b2-90ee-50c3b2c69c01, 3919 
303214 d5dd7e71-2d18-4982-92c1-591846787d0b, 3919 
260832 b8e559d8-70a9-4ea3-844c-299df3dd4214, 3919 
248964 7c8cd3d4-31fb-44f9-aaa2-e26fabbe852b, 8505 
218 08037147-3dd7-40c1-a8d3-2172f04e07cb, 3919 
133519 b3b25f50-bf43-4bbe-87d7-0420b41ef6e3, 3919 
282147 a802e93e-999d-4df6-a74b-fc27f7702cbb, 3919 
292258 d8607cbf-4896-4cfb-a114-a292f5d1c5ba, 8505 
137893 efdc3f04-af4a-41b5-83df-63dd5c571ff4, 3919 
185161 160f6dc6-3f79-47d1-a69b-9265526b8623, 8505 
153606 e2ac981b-e8d8-45f6-bd03-d608cef58110, 8505 
210548 1d8a49a3-30ef-4614-9bed-7aecf93ef577, 3919 
360194 b3c4d4d6-e880-4bf6-9c99-cc321ee259bb, 3919 
308725 e3e40c8c-22da-4a53-80f8-c4cbf6740c71, 3919 
24801 1c94125f-7c7c-4df4-90a7-51f68a91c959, 3919 
80999 ee1438de-9891-4be0-800a-a2704fd808e5, 3919 
113071 4c1a7fac-409b-4a59-ae0a-91aa176dfc62, 3919 
356605 c26e9369-d919-4e81-bc4e-cf47e34df8a7, 8505 
142715 d1af753c-49f1-48fb-8059-e6e7664f7bba, 8505 
364647 a2bda6e4-d71c-4fcc-af97-5d9b9bc59fce, 8505 
20423 b5ba3204-e89f-4bb8-80d1-f8b94a69570f, 3919 
135660 6ce7f990-d023-40d3-9b18-26f3c64338b5, 3919 
14185 4ad095df-3693-4438-9253-7a36659e2556, 8505 
164148 a3537616-5e72-42cf-a4b8-1a4eec6c77a9, 8505 
324384 c51cf70f-3b53-40e6-af40-239ea29f3e69, 8505 
39959 12c2fe8b-f619-4a65-b46d-d7de4f1ee85c, 3919 
5529 737950cb-7d1b-47ce-9b12-148995c19205, 3919 
389274 ae73f8d5-015e-4ae2-8a27-cf3f5e7c4323, 3919 
98872 0ea19da1-524c-4f68-ab40-cb34688adf14, 8505 
349862 03b23fcb-38df-4dbc-9b89-0dc8c39d9ad1, 3919 
83307 a04e3801-3601-496c-98a4-d782edae73f7, 3919 
78580 805d2327-8e2c-4dff-98d5-f06b46cada07, 3919 
365675 23d0babd-ae15-4a47-a4e0-1565b18b317b, 8505 
199077 0fb36611-de17-48d4-92a1-b041c3cd50db, 3919 
126365 4b63b1f5-8ab7-4dad-b3f3-1b0095b3154e, 3919 
93165 c8e409fe-7c76-4925-a48f-951b457818dd, 3919 
201728 2cc60ca1-8b6a-4d62-8012-c980fbe8d7e5, 3919 
338896 81936c41-6a0e-4be2-85d7-e301cd5ffcf4, 8505 
9798 7a2c0ab2-5513-4e6f-a9c3-a070a11e2233, 8505 
189490 bf5b795a-89f6-4465-9465-5bffbf2ef9f3, 3919 
72701 20165133-003f-48d5-9c9e-52e0d79382b6, 3919 
286370 72a21e18-3e28-4e10-b28f-d9854d58b516, 8505 
135399 0188f4dd-d6d1-4df5-81f3-54e4abc6370d, 8505 
18274 4574b5d2-9962-4589-afd3-1e0de76e636a, 8505 
269795 d656798f-2cc6-41e5-b967-f43223f21154, 8505 
265393 ead7c25c-494c-4915-b2a8-191ca302df54, 3919 
242269 fdcf0ba7-ebc4-40bb-91b8-a5e687cffa67, 3919 
154422 ab05d28c-aa0a-4ef5-98ca-5371d747b106, 8505 
330250 c32a05b2-0439-4ebe-affd-822b27704bbc, 3919 
9186 2b67c73d-2927-4417-b25f-b28618cf295b, 3919 
190877 aa122b0e-f82b-4fe5-be5b-f36203180c74, 3919 
310883 7d8d7aec-2859-4202-9737-892c6ea9d784, 3919 
117747 a6d6035a-3b8f-4dbe-b2d7-a3fb924bed9a, 8505 
245420 155d9c81-e27a-4d6d-aa14-2a5a2fac7bce, 3919 
332175 65abc17a-9697-4675-951a-13be38e58192, 3919 
167552 35131b25-16d9-4705-8775-4d1c909e75c8, 8505 
351603 d60170e3-c030-4a7d-908c-16d8f9ad72f3, 3919 
375503 6d6551f4-5d89-463e-b1ec-b9ba24e66315, 3919 
233624 32cfb87d-8457-4652-b670-62297d749357, 8505 
181477 aaca0142-5df6-4a8e-82a0-2ea5869cfaed, 3919 
136884 6b811087-1a79-4e65-bcda-a4904147186b, 3919 
204836 bdc3884a-7085-4fbc-8a6d-d48fca91cb32, 8505 
301054 7c6fe188-aa4a-4c6a-9ba5-d39b12a1a6eb, 3919 
343568 4123c629-7a5c-4f74-a5af-478c65746880, 8505 
66881 c0578364-bc21-479b-9b62-a2fc361a3739, 8505 
276131 9baf008b-f287-4ed4-b5b0-aa536b1eb746, 8505 
281105 359198a6-6eeb-47b4-b831-eb1e58d46472, 8505 
89597 78505733-c645-47ed-8452-69a202d7cccd, 8505 
369110 276e68e8-9f2e-449c-bf20-e821855f2bb0, 3919 
289952 472b5f06-17ce-4eab-a3cc-f555e91987ef, 3919 
221991 a9893cc2-20e4-4659-bcd4-384470e842ec, 8505 
258056 992afc9f-317f-44c0-94a9-0ea3f1c0be28, 8505 
373897 b3fdb0fc-4836-4bd8-b806-1fe0723441f3, 3919 
180226 f470d2e7-83eb-424d-8cb5-cb4947c9134f, 3919 
82547 1e76e2f6-5fe0-487c-8b5e-1829df2625eb, 8505 
256499 0e20a0fc-a523-4506-a307-f2896c99e038, 8505 
281817 93fb152a-307e-4aef-b4f3-b4ffa71a8f31, 8505 
301110 db2d0dc7-245a-4787-8150-9ec19983cc28, 8505 
89537 2b18cd3a-e8b3-4334-9454-cc01f71d9ce8, 3919 
356172 c7d2e8ce-2cff-4ea6-afd4-6039ac79eec8, 3919 
162011 cc28ad47-48cf-4e8e-be44-296807f0e7ef, 3919 
250752 11be610f-b6a8-41c1-b5d0-e4692e7c3d44, 3919 
288108 e8d059b5-f66b-4357-b930-d471c1f39e4c, 3919 
93393 8add4d22-5eae-478e-9f63-c105c2897eb3, 3919 
57953 cff5c299-1339-41fe-a1d1-fe66f6b8ed9d, 3919 
388494 c7460377-4776-41c5-8d1d-c92c8bc5530e, 8505 
262659 615fb22e-84c4-427b-9329-63185b171302, 3919 
230256 aef242cf-92b5-4d0b-836d-495d57e95e9f, 8505 
181419 6d94290a-2f98-4444-9c47-35ff0d9b8ea4, 3919 
373573 3fa57169-3682-496b-ad2f-294f327682bc, 8505 
346249 2611dc25-16f1-4e80-92dd-0deb960baf93, 3919 
404271 410070f4-dd66-4f0b-84c3-de98fa562659, 3919 
159383 c0b1ee0c-3960-43c5-a7cc-61a47929d0f3, 3919 
271809 b7db309b-98b9-4ca0-bc25-9e33d9e33fcb, 3919 
17011 58fac869-22e9-40e6-b919-c471ef87346c, 8505 
142285 ce2defae-9414-44b3-80ce-7fa7f97dbc60, 3919 
11615 e898f169-4349-4db8-9a83-604510862de4, 3919 
106188 25b1d482-4fa1-4d01-8584-5790bfe1bbf9, 3919 
395413 ddeaa233-fdcc-4995-b071-cdbd563e4d83, 8505 
371219 21869780-94e8-4533-8755-84ce25b8b597, 3919 
145067 d8be838c-928a-4110-9515-1b2521773d90, 3919 
169186 f32e42f8-c9e5-4d4c-bf1d-0965141d2054, 3919 
63819 d1d8a1f4-c33d-4ea0-8368-b3434616b4e5, 3919 
51623 3129dc9f-c17e-416b-8186-b45c58ba2565, 3919 
105445 2f713295-3263-44eb-adc3-55845080606a, 3919 
204112 c006e160-2f37-42de-b960-ffcc2e178f9d, 8505 
373348 96abb25d-0644-4adc-9f5e-ee4738ef3b84, 8505 
60641 87f4b48a-cd70-4d86-965d-8c96fe44805a, 3919 
28130 d672e43e-227b-4a82-a68a-e575a579ec52, 3919 
394646 a24dc067-53be-45a2-a61a-75c8f0d0a0f4, 8505 
137593 b0eb22e6-37a9-4dbf-99c1-124fa7007877, 3919 
71591 385c7dd0-29f0-48cf-95e6-d1ca388a39c0, 8505 
280838 4eed5b92-e88f-4a3b-b5ff-617262c0f6f1, 3919 
353476 601af8f6-2b8e-4571-bd17-381b83ea9a6d, 3919 
269117 a09103ea-2a9e-46ad-b34b-24094dfa39f6, 3919 
180696 7cfd9d84-cd5e-446d-a207-270686ef0e5f, 3919 
68072 9185101e-f923-4a65-89b1-d728d7674b8f, 3919 
122 5da6eca6-6f5c-4b27-be87-72fc08651f8c, 8505 
321271 630bdffb-6eba-442d-980f-1719447d9431, 3919 
275791 2bc04b21-3022-4cfb-9bbf-254a14a2b1a8, 8505 
264099 431b521c-21d5-41f6-a45f-54cfc1d1252f, 3919 
320114 de109bc6-176f-43d6-abb2-c29d67420447, 3919 
32808 51facc13-f4fa-4507-b8b5-981d6b530c52, 8505 
13866 eb424554-e6ff-4e5e-9f1c-66e10a19a9fa, 3919 
311407 a6b591f3-91f0-43c5-9400-af0c4758be4f, 3919 
121601 034ed932-2b2e-4bc6-aa96-3f29fcb47ec4, 8505 
133231 06fd2425-75d5-45da-8f20-a836248940b3, 3919 
139183 10b35c7f-d817-4da1-8989-00db14361ce5, 3919 
241693 1a5d4af0-3975-4fab-861b-6aa8179a59df, 8505 
310884 36e4e2a5-8a88-405c-8b5e-851a79accafa, 3919 
208022 aec45b09-5936-4b1a-ab9f-0ab9c9887e3e, 3919 
39605 28320abf-bf26-4b0d-9072-5d48f7068ebd, 3919 
193487 8bdaae53-1153-486f-bc1b-86331233965a, 8505 
167128 8e64ba84-26a9-4701-bdcc-379e2154fa20, 8505 
42146 92967f01-7cf1-4b77-ac94-953fb278ac33, 8505 
148224 79138445-bbfe-4969-bdff-24ebb7f8fb48, 3919 
146874 7566cc35-ff6e-4d9d-bbd4-b995ed44cf62, 8505 
369467 e3c79df0-6d14-45e7-8160-0167d4c4aaec, 3919 
65843 ba3200d5-64c8-43db-aaf2-8665517a9602, 3919 
391370 997ab5c7-fadf-4ea2-90cb-c689a0b75783, 3919 
45515 4973544a-a662-4f08-8690-d577edf6d070, 8505 
73005 8545e217-7295-43b5-adbc-f37d622edc8d, 8505 
254755 beea2f82-fae7-45fa-ba63-7d441aac7788, 3919 
143339 7f271d1d-c5fb-41b9-b48d-83a7e1d988c4, 3919 
47056 f0c7e827-f74d-48bf-af33-cc98d15a9ae5, 3919 
242966 d9a6ca02-5742-42e9-830a-30aba9782ae0, 3919 
392627 60b680eb-2d88-44fe-bd72-21bfadb7048b, 3919 
52604 f64b071f-f329-4b5d-abc7-e09bded1cb3e, 3919 
346665 1ac02a13-2aaf-4c6d-92f0-0b33d6733009, 3919 
30904 cd441e46-7fd7-4600-ac53-cedbe69e4dcf, 3919 
348629 eca93810-9cbd-41fc-bbf6-dab32e986c2f, 3919 
174130 41947302-3a46-4011-af87-92f52b9d346f, 8505 
395118 cbc68daf-a516-4106-b59b-321a57e93402, 3919 
49575 1d3fd664-c979-4e9a-a06b-abcb77df8fa0, 3919 
243429 188168a9-43bb-4ff8-8861-34d905ea0c6e, 8505 
30906 4267f67c-dfd6-4d72-b84b-a26693759760, 3919 
85765 305d1af6-9dbe-4151-b3b8-7308bffc920f, 3919 
82920 0249e69d-caad-4b8b-a3a8-9efb3182c0f8, 3919 
264989 b58f8e3d-df9b-4c96-ab80-c0b25a273381, 3919 
271251 0e1d2c2e-87df-4d7a-82b6-99249f6235e4, 8505 
357469 4c052df5-2231-4763-a14f-b9361ac91a64, 8505 
353909 97bdc407-a122-4b91-b3e7-47468496eb23, 3919 
230720 20307d6f-152c-47d1-a869-8cc0ff392e72, 3919 
199434 44d1d602-2e94-4c4c-8dc5-874faed9555a, 8505 
302913 ae170e37-4a14-44cd-865e-7d3bd1e41a6b, 3919 
221349 0dd25172-d17f-44e6-9111-2ab8e936d1ed, 3919 
302941 2e7f1ba6-8142-4b53-bb28-f77afd6e0afe, 8505 
356749 33a2a52b-21c4-47f2-a397-09ad6bfe2373, 3919 
186836 85514945-8271-4d1e-abd0-d3b59239571b, 3919 
330563 231b213c-1749-4380-beb5-03f5bbd57629, 3919 
373298 6f47a6b7-8f57-4eec-b136-e81b08c482c1, 8505 
281667 6478380d-f0ea-439a-9d52-f0d37f40c871, 8505 
270297 6c65da2f-4401-4c22-87dc-d5d7a38fd75b, 8505 
362002 8067b1c5-09b4-4c98-8b0c-d3be07014cf3, 8505 
363559 72397bc9-cb93-4578-8b90-778163d7a8c2, 3919 
257731 f31619a7-bb6c-414d-a8c7-952ca681aec4, 3919 
89683 1d37256f-3d02-4806-bd88-d0b1e7e379c3, 8505 
92257 7913c640-00cb-4423-9924-2a927444624d, 3919 
272823 03fc1f00-f02e-492b-af37-0b50078abc15, 3919 
34107 6f49c38d-b37d-4299-92b4-5b7eba146811, 3919 
256980 2e86cb24-43a4-42a2-9d2b-c8efc9be4c8e, 8505 
36385 a96aba58-70e0-41ca-9798-96b7c6c7a736, 3919 
153652 2234d69b-b346-4715-87fb-f51d516554d2, 8505 
255625 3d703328-31d4-4796-ac28-021b6a59f263, 3919 
241075 0e2b60ae-501b-498d-a4b2-0dac606ab517, 8505 
80765 e8630a01-b73e-473f-b113-1515a0b6643f, 3919 
358148 6c1f4a56-10eb-481e-a38c-de37308fb798, 8505 
72976 ca3e56c3-cd95-473e-b5db-1d258cfe8ff3, 8505 
304247 1facf495-cd47-495c-a279-2a237bb67fd1, 3919 
301212 0076e4d9-c916-4bcb-82e6-ccaa2306fee1, 3919 
139541 741acb8a-223b-493b-80ab-bcf8b55880ba, 3919 
151564 6b4f194b-4553-4e3f-bb94-047f77ea0e43, 8505 
331716 04303b74-7178-4894-ae8f-16e57a1a0ca5, 8505 
317035 d7795ea2-4da9-45b0-991b-fd0c176b14be, 3919 
1983 76b60d45-a803-4786-8519-6c87bea652ff, 8505 
384074 3bf9ad86-3823-44db-826d-472950422074, 3919 
193876 5f5991f2-ac95-4c5b-a2a0-f76bcb040769, 3919 
10043 8de600e4-3d53-4b71-8b6a-80d9fb269df5, 3919 
140474 57599906-84ed-4f94-8ee5-34d086b17967, 8505 
324951 33b47990-f4c2-4b63-a0b1-756ad5edf7a1, 8505 
176361 764596c3-c1a1-49d0-9f27-b9608ba6f852, 8505 
336278 7ca5dff7-cd69-4852-82b6-a297b53e939f, 8505 
237218 f6327fe0-c460-4c1d-8f9c-645aa83d8f27, 8505 
4890 3c5ac2f4-092c-4110-ab4f-5a77db5fd0c1, 8505 
248755 db3fd26c-375e-4d84-861a-e18b2a5ff220, 3919 
304594 9f0f0a54-2b1e-421c-943c-71af51275fdf, 3919 
188997 4f4c0104-860f-4e3f-a609-9d61679a0a10, 3919 
108975 07df4823-72c7-4972-ab5f-941da42c4ae3, 3919 
250052 ef54860e-823b-418f-ba6e-d1693f316ce6, 3919 
117284 4cc4ca4f-7439-42b4-8b7c-4b9102008e0e, 3919 
88832 d834dbff-c1ab-4a58-9064-a7993834c29f, 3919 
165933 75a75653-54e7-4494-b812-cef3de6f2560, 8505 
299033 4fb874bd-44f7-43c6-bbd8-fcd41b50a2d8, 3919 
191934 030cd6b1-cc0c-4d90-a3f5-78c8376dc290, 3919 
368706 ed653ade-4b1a-4979-8ae9-5bfdc8f0c59e, 3919 
96534 b5d9e5c1-c62b-4b03-b84a-ff333d63d0ed, 8505 
239768 017c0bea-67da-4a86-a7e1-24533ec959f4, 8505 
220388 a7fad79e-5ec8-4701-8015-e3abc07a04f9, 3919 
284112 f6f27d4b-9821-4626-80fb-39c527889ed4, 3919 
81763 0873446c-a879-4c60-83c0-2217f0f2af97, 8505 
38948 05d65709-3908-49e1-bcf4-490fba535508, 3919 
92068 f14b8dc5-2eca-4656-b513-875bf48f0854, 3919 
266711 59a7f559-db26-4b31-9c71-e3d26a0ebb99, 3919 
165315 7e096820-8a76-42af-843a-0546fb9eaf1e, 8505 
216076 50f9cff3-8427-4299-837b-ad876e3e81f9, 3919 
138942 bea62f6e-1776-44de-8ffe-753d1aec5677, 3919 
105049 45d996bf-dd94-476f-a0cd-bf2f3ca9bfc0, 8505 
196950 5607605e-bd81-4e89-8460-7ec79b39d3b8, 8505 
347589 d9feca9d-39c6-4b73-bfc6-1e5e01f1274a, 3919 
89891 e0574b99-6a5b-491b-acde-f14046a697cf, 3919 
241598 4f0009ee-58dd-4ba3-aaf3-706332a1769e, 3919 
216706 e058e989-643f-42bd-97f3-5ca92812cdee, 3919 
137626 12ccbcf0-3b92-4f50-9f15-932a8d9f5d01, 8505 
333395 a6da3dda-4521-4db3-95d8-1d7fc235c9a1, 3919 
91809 e7f1dfef-cf29-4cce-af13-32a99edb93e2, 8505 
149019 3ed950e7-3552-4da4-b73a-294d3f309969, 3919 
38396 911e630d-79cc-43c6-9933-8bc36595b1cf, 8505 
362710 a761efdc-2075-4155-96de-d0014df4fa7c, 3919 
21363 cb1bf3dc-4cc3-4548-a668-ed71018d7bce, 3919 
257897 e5b2b7d8-e889-4f5e-a101-f04f61568aae, 3919 
158945 0ff7d1e8-aaf6-4619-8599-2215ff23e937, 3919 
43274 16216285-52a3-4c4f-9e8d-599568c9fa8f, 3919 
355035 2822ff07-77b9-40ae-a25d-2e61461afdc0, 3919 
222648 e5992d67-7adb-465e-9de7-e56b8c823c89, 3919 
102318 2d32eb5e-f024-463c-be80-91b9eff3c4fe, 8505 
185086 f5186f24-e959-4495-9ee0-3acac3a7749f, 3919 
8208 2508b654-67be-4e93-a708-f09a76c326ee, 3919 
327758 6e4bd92e-cd24-4a71-af5b-1777cdd1f8dc, 8505 
150006 6bc28741-42a3-48c7-a7a5-5003ba604fe7, 3919 
232511 c06eed73-b1b1-469f-bc30-0db0231d9d85, 8505 
221094 6322ee2b-af78-4830-b98d-89aa4de42bbc, 3919 
206098 86f5c268-0bec-44e0-a34e-717b6da4c778, 8505 
311090 f4905a19-3c05-4db7-8971-121b1951a1c8, 3919 
265183 1427e0c3-60a8-4585-a98c-f96e44b4b9cf, 8505 
81777 96ab3ef1-e21c-418e-a9fb-ee193039767a, 3919 
225360 dde0ac59-3d01-4a68-ab0a-ab5c4ca1573d, 3919 
39442 a1f1e4c2-93e0-42a0-97c2-7085637cbf15, 3919 
16838 e948022c-c5a5-432c-8967-a80d12fda5b7, 8505 
107090 51ad839a-ec1d-4342-8508-377ecbf14699, 8505 
217205 1f441d43-fb31-4e0e-bbc5-4cbeb0f59522, 8505 
242201 2d036679-cb59-4ebe-8723-79a8949c1d08, 8505 
67531 b7afedf5-6b54-4a2d-b0cf-fa29e0c49457, 3919 
344005 08d05009-0e48-43cc-965c-20e46ad42e5a, 8505 
205200 898e213e-15c2-4e86-ae8b-90b2f25d1845, 3919 
6302 8bdda94b-4454-4676-b424-a39e63dd90b8, 8505 
232151 9057c5d0-8fdd-43f9-b053-4c68983e3424, 3919 
52947 c9b2ce75-fb58-45d1-87f3-41e6e3eeee3e, 3919 
163918 7793e0c2-e46b-44e6-93f2-7770a7af740d, 3919 
216797 35e78bab-f7ea-4368-acae-4d02ef6984b5, 3919 
131017 dd57efc6-f669-45f7-bd2d-34b76ef9d528, 3919 
143460 94f48b3b-6f10-4c80-b200-63de166e28ce, 8505 
364129 f6d9204f-051a-4d4f-8da2-9ab27f06e6a4, 8505 
274392 a1c1574b-65cf-4686-9e2a-a896cf163d7a, 3919 
193031 be8c44b8-6c63-46ec-b5af-db4473ed930d, 8505 
267499 3f457372-6323-422e-8319-a237d52c584e, 3919 
338299 116175fa-4589-4fab-b8c7-9f56e34769f8, 3919 
102454 32e27e77-aadc-43ce-a248-c8054249fe6e, 8505 
357477 a1071d19-263b-41c9-9472-1e6c7b9659ae, 3919 
158102 2dafc585-5018-4185-97b4-e42f77518b8d, 8505 
29471 4dfba5ff-2e5d-4fbf-9a89-64fb09da0cf8, 3919 
123452 0aa18908-2289-43ad-b28d-0eef6fe0731f, 3919 
108626 1ed387a1-48ca-4e55-831c-0574c95af507, 3919 
107901 95d1ce16-3187-4e2f-98f9-7e7d631c7b26, 3919 
343954 895e5f64-3287-4cb7-adc8-4a279bd07a9e, 8505 
216069 31f72d30-02a7-448a-9f48-6d59e069acc7, 3919 
221396 046cef20-b040-49a3-9d47-fcb04445f8c1, 3919 
319319 b52eb41d-65fb-4195-bd37-6b8540c05f16, 8505 
151575 37a4a2aa-0857-4587-bb80-e2668dee8ce0, 3919 
12506 055e6bac-ee67-40ba-b20d-6188e62d8f68, 8505 
363988 54f9604d-b37c-4273-9e8d-b7c61d3cdbe8, 3919 
208734 9a74da14-9cdf-4044-a267-97a3a09ca505, 3919 
13896 36813cdc-722a-48fe-b10e-40a9fbc699a5, 8505 
183668 9f90afd5-8690-417a-9981-bbb607a5fd14, 3919 
140172 363a02f1-0b69-4b69-9fcd-c89287bde1aa, 3919 
259076 8f8350e0-3c0a-4838-877a-0bb18f7ec99b, 3919 
323778 d1886ba1-dd34-4a67-8ec1-9da723ecdf88, 3919 
363443 9da7ec35-d5e9-434b-98b6-b1c11f6aef40, 8505 
291513 fd2e81a0-426e-4fe0-9c2f-cdfb9facdd9f, 8505 
381083 6137f11a-0114-49f7-b992-6344c0d4e695, 3919 
244218 9aa7ed1c-8983-4b73-a0d4-ec494d5a50ff, 3919 
60804 ff3c3aac-88f1-40bb-9dd0-66f6b035edfa, 3919 
107482 86232d06-becb-49a5-9df3-52539d7572d7, 3919 
299683 b5c75a06-d2e9-40c2-a3ee-a64d5ead746a, 3919 
153088 0eae2d45-8456-4186-a18e-c94f7b2fc427, 3919 
294962 0a2280a1-6308-4dcb-8376-9c175bac5985, 3919 
135104 b6296db3-4ae4-43e8-ae07-7dc38c4c6bfb, 3919 
307216 684baab2-1265-4ef5-a513-9a3df460e36c, 3919 
10413 3a10e8fc-2242-4bd8-a85c-fe56e3265f87, 8505 
198373 51398540-5ad8-4d0f-be59-45c1209f333b, 3919 
178636 4e8303e5-8a79-4809-83fb-0e2e91327e37, 3919 
189867 6ff5c21a-ef45-40e8-80bb-55e65eaa64ed, 3919 
369898 1e524c52-ef4e-47a9-9762-ae110680c8e0, 3919 
368020 ceb3de3a-c2f8-4868-983e-b3200e02ac83, 3919 
367456 7cb1a03d-959e-4d52-b4a1-02dac861b339, 3919 
297746 df9df526-7efc-46c1-967b-2004a2f75c63, 3919 
368806 5f5ff15c-3c0a-40d8-888d-940b85c0d4d9, 3919 
377462 b1b05b8d-2b3d-4ceb-829f-c89991820ae9, 3919 
350132 3e578fc0-ff55-459a-8de2-22d7dbb23003, 3919 
2490 fb278952-3661-44d7-9145-f6e60d240cce, 8505 
134583 279153b4-23d6-4508-a21b-46e1c6e7ea82, 8505 
394278 35ab3002-5421-484f-9a7d-7c577b37e1b4, 3919 
119341 0cfcbb89-4cc0-4776-9924-ca3a11b27be8, 3919 
159386 179e9d0c-6883-4df7-9ef1-749c3c1b421a, 8505 
28892 9c074a26-87d6-445a-89f7-8b9335e87230, 8505 
335486 8e42dc04-afc6-49a9-9f33-cc8fe87ccb4d, 8505 
288379 242abd04-c64f-4dd4-87a1-d32d13bb620a, 3919 
118783 05024470-8f47-4793-ae9f-b62dd1040349, 8505 
273178 157663e9-fc65-4c66-a366-2a35a5b1c591, 3919 
319236 94775bfd-279a-444b-ba6f-795a6f28e6fb, 8505 
165837 c4deb39a-d3ca-4eb0-a0cf-ba48e99c0de5, 8505 
389306 d6ff1119-d034-4873-93cb-ff1f8f773ea4, 8505 
307416 05e0285e-cfd1-47fe-ac5e-50ac7496648f, 8505 
88976 2deb40ae-562b-4db9-b3b7-f76d2e36cb6c, 8505 
330187 b9719443-f2b4-4daf-8352-266db14818cb, 3919 
381734 a2204c8d-8464-45b5-b9c6-b79fd3c67151, 8505 
132377 c0fb41d4-caaa-4dbd-a6f1-c3e472725b57, 3919 
301047 1404bd31-4f57-4c6d-b4a5-bb7bc278fc0b, 3919 
316950 8f95e5d6-8ed4-4433-9eaf-051f7b8c7a65, 3919 
82987 a2703cb6-1e5f-41e1-918f-2ee28fe7b584, 8505 
82300 6fe0c748-d00d-4a9f-9658-4c1b3642eae4, 8505 
404193 88317f6a-0fd7-4cc9-b290-5c6e6ef7a8d5, 3919 
87710 aa8f1e65-4c2a-4f49-adb0-bea49a49fa53, 3919 
341661 aabaf30c-c653-4220-986b-dcab5e2abf7c, 8505 
80193 d7f0c416-fb2c-4964-9ebb-1015122161b3, 3919 
148262 268a0799-d1a7-4ac2-9d66-7de2cafa229b, 3919 
134358 bf9daae3-2df2-49cb-aa90-09e942f94ced, 8505 
338227 49f7d06c-b5a1-4267-9b3b-f515ebee682c, 8505 
219833 6db63a94-2b92-40e5-80bd-ffeee0394083, 3919 
393296 0a0a5692-8cf5-4c90-8b7b-f8f8d32ef0be, 3919 
202760 5be9b416-f9ad-4756-8379-0381fe25bf3d, 3919 
333918 34164074-a920-4b41-8d20-dc82347e70fd, 8505 
127417 68f6e79a-07a4-494f-bf73-d7cee0ff5084, 3919 
316593 3c3716f9-7e8c-42cd-956b-0ccda95c4701, 3919 
141312 ecdc6e5c-b6ab-46fc-aa05-dc86d2041d7e, 3919 
228213 fdd977fd-de6f-4c43-ad92-b4dea90618fb, 3919 
219518 1aaaa92d-5229-481e-bed2-2997e41df9f3, 3919 
214703 fc006301-7c53-4518-b584-fec295fcf112, 3919 
189616 7dfb3baa-81f6-4947-b07a-061948013bae, 3919 
40577 4a226b42-306c-4791-8803-f8213d3bde05, 3919 
202574 5846fcbb-a6db-4848-9e55-16441eb5df51, 8505 
202815 6c43e612-e3ed-4131-b2ad-3fb0c019db19, 3919 
126107 7b229d47-11f5-4d43-a306-a8ac8276be37, 3919 
126396 4bb24214-92b1-4a99-8cc8-3b9e52f89213, 8505 
170901 d1339d98-ff6b-4c08-9664-462517260918, 3919 
136361 ab7a2dfd-3a3b-41bc-b677-a68b0997c74c, 3919 
229734 33c12721-6908-4e51-a219-f0c56776b84e, 3919 
49693 3925bb43-88be-495c-9965-27c1f058f5df, 3919 
48829 f72afabd-afb8-4bf9-a21c-469b91c459c3, 8505 
236853 261c5495-0a03-4f9c-99b1-2bb2485ebc9b, 3919 
254520 ea597a4e-1689-4353-8c20-bc70dad62916, 8505 
63202 8894dadc-20d3-4951-8f1f-3188eddb9c6f, 3919 
239690 8bae947e-8112-4e9f-a98f-63a82b0ec656, 3919 
214253 6abae6bd-461d-4fb6-b2ce-7f9173fcbd00, 3919 
297061 bfa97a6c-031a-450b-9a8f-eed8066b8792, 3919 
218719 b33ee56e-06a1-4f17-adc3-56bdb770c60f, 8505 
387099 7a4088af-34fa-4d46-a494-a983eede9112, 8505 
41779 88e61417-64c7-4fe2-8bd4-50db7c9f4120, 8505 
149007 e7d7f499-35ff-4a27-99b4-59b1a1739673, 3919 
11628 afd3851f-28fa-4dbf-8c1e-8664153a41ff, 8505 
388294 7b9dc6d8-c869-4e64-ac74-01c1131a7660, 3919 
222762 568d1f37-9bf2-487e-9860-a0a6c63ac681, 8505 
98756 4047e597-9642-4bd3-85e5-fb37555fe221, 8505 
226503 844282df-a4f3-4e4b-b843-9fa279a5adee, 8505 
26017 9c04c52f-dbe1-4a45-84b9-3c3bdf9ffad5, 8505 
285460 2e6bc1ef-6463-496e-8844-1ee926133d6d, 3919 
153220 f7d8247d-c15a-4a97-ba69-4869ffe2b044, 3919 
1433 7785f01f-3a43-4013-a709-3bd4450b4b7f, 8505 
120235 305ee445-01d8-4776-a6eb-ffc6a703aeb1, 3919 
23948 a79bb9f2-16d0-4585-bc96-701ad7f33367, 3919 
153995 aae99f49-22f6-48cc-ae3e-4b3ee03672af, 8505 
335745 f09cd028-07c1-492d-9c70-35e253a3bb54, 8505 
317609 a03a3aee-6db6-4e4c-814a-50b0ab8e7b13, 8505 
256014 2f75d585-08c2-4672-b63f-65a831d1bb5b, 3919 
347549 4e565f93-99ed-4d23-949b-fc4031c60ac6, 8505 
47364 707e955b-7a73-45c8-88c6-91f0174c35e2, 3919 
166029 6d876db2-8647-4a43-a29a-30b14633da81, 3919 
370409 7e915908-ea76-4803-9295-2fb3b782fa0f, 3919 
335602 fabd3169-3a60-4532-afc1-d7bd1de5dbc1, 3919 
313031 503d5909-b23e-44f6-8181-54eaa286bf2d, 3919 
309143 977556b3-cde4-461a-8ebf-8dba75bedf0e, 8505 
99678 a749ad40-3772-4b9e-95ca-912c59ba9eda, 3919 
92776 1e678e41-9669-46e1-8392-9fb5be886c06, 3919 
277348 d6d9debf-be7c-4748-bab8-b6cc51436431, 3919 
361075 24dbe5f4-9b44-4866-95ee-70bb49486dde, 3919 
120351 555e68df-6c6f-4e38-acee-9c300ef07b0e, 3919 
6752 fb087460-8c51-486a-8954-ca255c8031b2, 8505 
204577 7409564d-6bf4-4056-bf52-235f17d6cee7, 8505 
36734 4cb5bbf2-da64-4d51-950e-93469b8a9f2b, 3919 
81993 fbecbc93-8961-4454-9651-0e53f278eab5, 3919 
299083 93052850-aec0-4468-a660-51d5a7aa8b6a, 8505 
313456 885617ea-3792-4ecf-9da0-95ee10d08adb, 3919 
356573 26a4ac49-1940-4313-9a19-6be4d2f21116, 3919 
96823 740a1b42-9c86-4847-a778-f8a5965a9ea3, 3919 
245900 abf6f8d5-c164-4f73-b590-f4d3a865bc96, 8505 
10740 e8489755-ab6a-4b52-a834-b76c45979df3, 3919 
189087 4a4c8ccf-a80b-43c5-bf51-f4339f711d24, 3919 
269242 d4edcd25-f17f-4d0a-acbd-507047cef1c9, 3919 
323477 9f781d60-4cb7-4de8-887b-8b1e35b3d4a2, 3919 
238591 0877918b-5aca-471a-bcf2-b6b4312224b0, 8505 
246234 fe0c319d-4809-49f2-b92e-b708c534003d, 3919 
84841 2c279ecf-01e7-4fca-9eb4-c2adabbc84a5, 3919 
22489 ae768e56-0cc6-4083-9399-5e3c2518f53c, 8505 
331538 57bfbea8-ea9d-47f4-b9b8-c670e4663f0c, 3919 
265050 e13b718b-5171-4510-ada4-fdce91f98738, 3919 
289740 0ea97fb3-391d-4f12-84ea-f3182798af08, 3919 
309023 81f7a6b0-63d2-4e2e-919c-4665a9f3bb49, 8505 
24190 85abafee-1060-41cb-9066-ac68a5744f57, 3919 
604 1e0dc7f4-81db-47a3-8474-bd1cea1cec97, 3919 
206812 a3eedacd-386a-4bab-9c13-3c16eb8e4113, 3919 
154006 99f1b431-f75e-4f60-aae9-03c9375ad53a, 3919 
154994 d3928040-ba82-4ce4-8873-113363d4f79d, 3919 
149839 7f1f92ab-103c-44d1-9429-031647070d2e, 3919 
390740 3b4e0b38-fa8f-4cea-b01d-142afca40a7c, 8505 
55078 3e706109-9399-4740-9ec8-d71d838fdc0e, 3919 
1772 cd251442-67f5-42bb-b932-081262d49c16, 3919 
198170 ac3307f5-9008-4a2e-a3ec-b3664b93bffe, 8505 
375719 3e86806e-b528-4ce1-8a1d-dbd4366559c7, 8505 
142901 e829b740-11c5-419a-8090-bf7672bd0aed, 3919 
225353 658a308d-38c8-4b84-87e3-f3b2bb7db3d4, 3919 
15500 fda13f96-8fb8-4c7b-9937-282d4d579930, 8505 
248117 68475d71-c9b7-44f7-b9eb-4998994c6482, 3919 
141080 2e47c5ca-669e-4de7-81cc-fef942ade8a1, 3919 
98085 d4a73e0a-124f-490e-83b5-08029cab4825, 3919 
237826 913d6251-7994-4beb-9b78-f56955189b59, 8505 
360653 d64da7b3-35b5-4e4e-9364-a21dd700308c, 3919 
383220 cd2cf12e-2c04-4218-9ca8-7612bb292a34, 3919 
82219 b8b1eef7-520e-479b-a81e-f2db1fd52c5a, 8505 
402228 2aecd566-9194-4da3-bf13-ac60cab0dbdb, 3919 
223533 c4f06cfa-a2b6-4c55-8e9b-deaebe4ba8ea, 3919 
66092 65370c55-88e1-4f60-9bea-ace4da31ea10, 3919 
189004 b05330ab-45d7-4bd4-8073-847f0f0fd756, 3919 
370577 8d43f37c-977b-41b5-b16a-3cb2489aa716, 3919 
265109 5530cb73-ab7e-4117-8d9e-e2f2c640bef3, 3919 
312105 4cf19034-5684-401a-8a78-1f24c0c2ffdf, 3919 
229438 64122fe7-7e86-4aa1-aaf1-2f0b2f4737fd, 3919 
42901 65818a74-39d0-447e-a717-14d88b93d224, 3919 
77776 1a6e09f7-6a30-4c72-8fc5-096159876824, 3919 
77772 a713865d-d95b-4367-bf14-36a9889a1329, 3919 
225366 973d1c8f-8f1d-4925-86a2-93f72a5ea4d9, 8505 
80727 e132f9c7-8220-43b8-a8b5-d9fda06170b9, 3919 
203619 e76fde68-7f8e-4dc3-8771-a4f667bf0013, 8505 
193245 773f337e-4ad9-416d-a18f-4a4281d87cd4, 3919 
12726 cd5c15a8-65a0-4133-a14e-dacc18b50890, 3919 
49235 2fc99f43-402b-4879-b202-9f18149399fc, 3919 
88467 be25a048-247a-4a01-a43c-c2798dd292ae, 3919 
271150 6848f5fb-87b2-418f-81fb-0cb03e5cdf59, 3919 
35891 7f7dd6b3-85d6-4004-8681-e3f253ac6b1e, 3919 
313108 d9fe21be-c1cc-450a-b1a1-75084177e1b9, 3919 
180875 f97faf5a-3c21-4732-9937-939395524265, 3919 
341908 6c359ce6-24b0-48df-8dc6-27452e118fba, 8505 
317920 620b26a8-afe2-4dff-98be-3d7f6e859eac, 8505 
87658 962a8e84-e242-40c6-840e-7003d9dae340, 8505 
240972 7dbd7e7e-a2e2-4bf6-8391-6efd9e416138, 3919 
295073 3825d0d7-5233-4a71-b6a9-7995e55d1d45, 8505 
363833 660e091e-19b0-4db1-9744-382c973c7373, 3919 
85171 dae3181e-b0d0-4f3a-a8fb-6145c2df647e, 8505 
400958 c006814f-e6f0-4724-af71-93420f4b0995, 8505 
233179 6d95d285-673e-46d9-9871-c85c9bbb4598, 8505 
95940 af02c078-c1d6-4ff5-aec0-72377cba2d4b, 3919 
253243 62a3e967-ea60-40df-9e17-f2b2c559329c, 3919 
222152 d8482e9c-6f09-443c-b4ac-5a3df8613d47, 3919 
111289 97776774-b097-4834-99c0-c2f09e2e63d8, 3919 
74934 033ade4b-8c97-4009-974a-a9f0c1a8727e, 8505 
290647 2b998628-81f5-4c04-a1ff-370d0f841e98, 3919 
357713 906e6a72-90ca-417f-85b6-e2135bf7aecc, 8505 
282678 34cfe704-542f-494e-a735-d6e00fb37e20, 3919 
40612 be57a30c-ea43-4828-8b9f-c7402286b469, 8505 
14241 853fb5d4-9f7d-4f03-936e-212efd14ed0d, 8505 
317391 11e1d06a-ee3d-4d80-a5c3-636bc97e5fcb, 3919 
377324 e3bbd537-e207-48d8-b71d-a74b43882b5d, 3919 
303364 1bc95f76-fb3a-4df6-b778-a26f1d86f4d8, 3919 
190343 3548a4e6-c0bf-4dab-8fcd-8861f2195943, 8505 
331018 2c5e7762-bcf5-44c8-80ca-fd84ae7e4d7e, 3919 
171058 10d36ae8-76b9-4d23-ad28-a73a0f69fc9d, 3919 
10343 6b467110-27ff-4f51-aeb2-3571003c1bda, 3919 
52676 b2a0d171-253a-4f1b-aa7f-9fb34a386e3c, 3919 
279051 46afa113-074a-439e-ae68-433809afc2a5, 3919 
353514 3d306557-782b-47d9-880d-f1d9dd283eaf, 3919 
360540 3a8df0ce-5c89-48f5-aa3b-e558c2868f88, 3919 
246394 d82c4e1c-2d20-40a5-a490-1bba5f274f55, 3919 
23224 d3f9c7c9-fb68-4df9-b3f6-27c1d90e599c, 3919 
31697 c0abb8f0-2bdd-46d6-9c39-1c0ef859fbd6, 3919 
347415 86a1b612-12e1-483b-add6-eb7180e20f30, 3919 
356669 61e4e45e-05e0-47e9-80c8-b46f3c446645, 3919 
399946 ef544ebf-f52c-4e37-aaab-0360d2a7a96c, 8505 
160828 43b86d93-3d07-4937-a76d-162d8449cb32, 3919 
307455 dbd8993f-a462-442d-9222-b99ea15a8318, 3919 
374738 c61aa41d-a9d6-47c4-a807-bcc21e1c11a5, 8505 
96343 af437c74-786f-4b3e-99f5-fb6242a108ba, 3919 
132112 e4bcc3e0-a251-4623-90a5-706b101b1300, 3919 
144124 cfd776ac-2c90-44f2-9173-3eb2b210c956, 3919 
177293 b6f04f43-40c0-4fff-8dbc-6b51be5993f1, 3919 
338114 469594d6-beac-46d3-8565-0a9d2d472c72, 3919 
112127 8a767ff2-4103-473f-b88e-233b30821df8, 3919 
254119 44a98941-47db-45bf-b592-1d58e537ffe2, 3919 
402815 bc7ee610-3116-463d-a86a-c520a260ce41, 3919 
298899 a62faa13-d9be-4a1c-ae12-80f6634fcc3f, 3919 
942 54642e8d-a8c2-4cec-9c56-0091497b2199, 3919 
105770 535a0464-1779-4222-a2f2-9d592a446559, 3919 
305490 c57071ae-2af3-4c91-be37-814e31003262, 3919 
212679 acaadfdb-7210-493f-801e-ef5c6dfc15a8, 8505 
148487 fe8a7132-a072-4138-ad23-975f87f4e260, 3919 
295152 e01d16d3-358d-45ac-8c1a-03fdc2223b1c, 3919 
39178 50a1258b-f30c-4dff-889e-dc9b69daa8ad, 8505 
190946 6789a3ad-6ca8-4c0f-af7f-9d06f6fbe2e4, 8505 
114460 0c0b7305-0bf3-4454-98f3-4f80a03e2241, 3919 
67393 22d9ede1-c511-4d4b-bdfe-3395ff1d8cc1, 3919 
59019 376f21ae-0575-4db7-ba8a-5d625478bd5d, 8505 
266139 ae52906e-c3fe-4d87-a8a5-921ef9543eae, 8505 
202751 47e3acc0-1df6-4dc6-b0a3-d3e731907383, 3919 
136023 d0de8828-15c7-4f0d-8dd6-e9d9a657fe2a, 3919 
221053 4e1b17fc-e440-44ae-a5b8-44f047bdb416, 3919 
382498 3ba5b34f-61ea-4811-be2c-a6203cf1b321, 8505 
371229 43a2a7bc-64aa-4450-b0f1-21a48dd76580, 3919 
143764 91f5dcb4-5c9e-409d-8e4e-026e154ce095, 8505 
287632 6dc5211b-89c4-4846-895c-d1af05977294, 3919 
61035 670e3353-c167-4f81-b094-ddf1850b3ec7, 8505 
20493 08e7751b-67c8-4eac-9c66-c0884cfe0b36, 3919 
32650 2a2fd23f-1eba-4582-a7d2-60c857118c38, 3919 
259137 e90164c3-fc22-4b37-82a7-379a85f163c9, 3919 
392065 0a0709d1-2c6f-4778-805c-71e265f88917, 3919 
334879 4512059b-be93-470d-aaf4-88b100899629, 3919 
348735 0c6e6a63-ab45-4333-8fb4-209343ae9147, 3919 
134334 1d8fd7e3-49e4-4abc-a4b1-80d3db92c094, 3919 
146877 061a4b0e-fd55-46f1-8be8-756191869361, 3919 
374324 9ee851e6-cc6a-490b-bc23-2ab26cc6e1ff, 3919 
128510 b9af80ec-a993-44d5-b6d8-950fa08177e0, 3919 
95257 3e745cd0-7bed-4b7f-8832-408743f792a7, 3919 
154022 678c0ca7-a073-4b2e-83b6-2decbe40a92e, 8505 
279286 ac259fb4-aa4e-4db4-8978-0f7edfc66330, 8505 
164597 1d1260a5-a5ae-41ad-96d3-cf80e531976c, 3919 
154588 b5f78d4f-566b-4789-aff7-2a92e31b3a50, 8505 
305363 21e4c724-6248-449a-9904-6c00443181e3, 3919 
245833 4e7dd2c2-856f-457b-b019-8a1076713ad8, 3919 
381760 42c49d5c-b0b1-480b-8073-eada900349d1, 3919 
86615 415011a8-158d-4a76-81df-8893c3ca92fe, 3919 
377833 ff3ae890-8218-4621-98b0-f35920df3ec2, 3919 
87740 fbc7ff97-47a8-4f35-a7fc-cf250faf1446, 8505 
62411 82f7fa5b-c081-45e8-b386-52008383f2db, 3919 
63421 532c8717-ad68-4a12-991f-a2b81208d19f, 3919 
104073 03b07a25-618a-482c-b444-515c9bdf3eff, 8505 
250984 73ab6379-e168-4428-bd8e-b64cb7d99d18, 8505 
395624 7ac06bad-541c-4621-8900-f0ce0263f8a8, 3919 
102962 114fe108-7a81-480a-9882-b0c23d61ce19, 3919 
28296 14d321c1-a352-44a6-ae43-310797da675e, 3919 
1232 04ef1c2c-f4d2-4677-b969-1c473e8d3d92, 3919 
176769 b1485a8c-a149-4a4d-b36d-e3e7ccde68d9, 8505 
386914 bb9ae2a0-189b-4942-a742-67126b1e0b36, 8505 
25553 6cb06a30-87d0-4741-8169-9e05151dab99, 3919 
124299 37661ba9-979f-43ea-b573-6e3614828fb8, 8505 
251390 50ec5ae4-6661-4efb-94a6-3d1117adf070, 3919 
271204 8774da8d-35de-4093-94ba-e642539d2bb8, 3919 
163706 3d1c257d-e9a6-4b8f-9d70-c4e303da78ba, 8505 
202570 c8358fd7-39bb-45de-a465-5569b36b0022, 8505 
180283 4b1062bc-474b-4f2a-a7b5-d650879c0ece, 8505 
91112 221cdaec-57de-4498-875a-1fa026941e23, 8505 
19592 66d691c6-dbb7-479b-975e-42778dede2ca, 8505 
336130 38b4749f-b2ee-462b-86be-962046986745, 3919 
12262 86c8d5ab-4728-4b26-be03-13ca0752ce63, 8505 
147087 979f1f92-1d5f-4e16-82c1-35d12502c4e6, 8505 
383385 2d4fdcd8-4596-4e0d-9312-06dc8e1a0f5e, 8505 
334062 2ef7a8ca-25f8-4bcb-92e0-d78a53c2ac5b, 8505 
34766 558d4f63-960e-45b4-a2d7-b81f298dfa73, 3919 
273768 a02d59de-65b1-41a8-90a1-08612688107e, 3919 
46684 9fc9288c-5de0-4270-bd1f-f7893ddd7527, 3919 
289140 00c84ea3-3d00-49e6-adeb-0e1d497770a4, 3919 
394969 ccb05e61-ab34-4d44-886d-30be27e3ed04, 3919 
202209 16970580-6365-4fad-9ff6-61a4ff703e28, 3919 
259853 2db700d7-f1f1-44c7-944d-a2db0cee3cae, 3919 
347060 051fcba0-01f8-4534-ab16-c8475cb400d5, 3919 
109214 e7680c75-efb8-484f-9d01-320acd130c87, 3919 
249550 81302406-7d44-4ad4-a6cc-e6fa4a26b75d, 3919 
113149 04c3c516-2d57-425d-a700-17f2ec14df27, 3919 
302623 745cc495-f0a3-4101-bb2d-3bff904db8bc, 8505 
386479 5870322d-a6db-4178-bdb6-172ab36c1ece, 3919 
237949 90aa4cdf-4d4f-4b9f-830f-e54168256bd8, 3919 
39483 2c1f07a8-5903-4807-af2f-6f43851c3884, 8505 
98562 7c389d83-0763-4ba6-ab11-3da9dd16cf27, 8505 
203772 0b1bd576-66bc-4a43-a289-0f7cde8baa98, 3919 
343111 5a8c59c4-b442-4fab-ae69-22a12746f6b9, 8505 
119101 449b6897-15f1-4ccb-8175-c51b75ac9a8f, 3919 
147800 06f89d0f-83d9-4188-9f20-5a6880d09594, 3919 
389985 5a784a6e-2def-427f-ae05-3a94a7163e04, 8505 
345939 b795b55e-7375-4a53-b375-ab35dd9072df, 3919 
160844 978fb41a-c37f-4c27-b9ef-55417cb79e26, 8505 
117530 e296dc2b-9c53-4f7f-9ead-fc6a4e43aed6, 3919 
290102 ef8fbdd3-7200-4cde-b46c-736305e1479c, 8505 
11641 12ecc6c8-6b11-4b3d-b8cd-cc4992c61555, 3919 
255042 261fed95-02bd-4e80-84fb-e7a28ed655f2, 3919 
144605 4e4179e4-4e42-47c4-bad7-3a82dfd0717b, 8505 
8520 373c0179-75c8-4086-bf4a-5254d829a6c2, 3919 
4792 2681effe-0f46-4dd3-8530-982e51d3308e, 8505 
274975 1060d809-aaf9-4f41-bab4-f8184ddbb789, 3919 
85515 6930eeb4-6cd2-49ba-ace8-bc8f75b6546b, 3919 
342259 3b33d8e4-f8f5-44b3-8247-8bed2bf512d6, 3919 
107127 4454d2a9-1f81-4422-917a-e8d1b0db181c, 3919 
217780 6a54be9e-1767-4604-801d-c39c1ed5b1c4, 3919 
235027 46203c48-764b-49c0-a23b-db5287ab9cc8, 8505 
57909 517dd823-1bc2-4414-8635-c7618bf6e6da, 8505 
152315 0feec58e-12ad-4795-b436-bb8be34b4ee8, 8505 
16281 6065f173-dca9-4267-8660-6695d4c90bf0, 3919 
151667 b60ea214-1b6a-47dc-bef5-7693a48bb1e5, 8505 
150390 818d1f6a-3de2-4484-b347-055b83e154f2, 8505 
252895 60dd10d3-dea4-427c-a698-44d2b80f0d32, 3919 
314035 56e0c49e-09c0-44a4-9358-68b9582de504, 8505 
128356 b4452155-f59d-4d6a-b5d6-2819113b5e8b, 3919 
247479 dac89830-134f-468c-a992-4721a3e2c52f, 8505 
393863 6fe2ce59-23dd-47c8-8ec8-6f39d25abc68, 3919 
310062 4a01a9af-5118-4ccb-a601-6af437105b34, 3919 
303893 26d356d8-63d6-4cdb-acd5-594e63183912, 8505 
131248 2ad1f0f5-259e-4b75-afcd-f22e71a4e235, 3919 
161385 23fb3df7-5b0a-4989-a076-df4e984513f4, 3919 
73552 f88f5ba7-e8c1-4322-8e08-0693245384ad, 8505 
80857 8ba3c7ac-96af-4e0c-a37f-a069fbbc315f, 3919 
198576 d3151106-1de9-4ffd-8798-dbc996396618, 3919 
400208 0497bdfd-ace5-4102-bb8c-57192ff4aacc, 3919 
73717 15e0d02a-8922-4c89-a88e-35f78e9bb515, 3919 
2648 815454d6-fb5b-43e6-b941-ffd883724160, 8505 
197824 36d7dc3d-e424-4c0e-ac93-024261b393ca, 3919 
125881 709f23cb-4021-4867-9f7b-6d649c82be48, 3919 
181380 0921b70c-0722-42a2-827a-e7ef6370e758, 3919 
393668 48b0fb4d-308b-4a4a-855d-ba3c9e70ae39, 8505 
355266 c09accab-b869-454c-8ede-81a31726b7f0, 3919 
170632 7d9150e9-3fac-4105-bf60-537f27c4eccd, 8505 
184463 33a8f877-a5d2-4f09-8ed9-6cc315ec21d7, 8505 
182422 90deb8e9-a601-4361-91c0-d2e8e682248d, 3919 
141806 28cdc167-a1f6-4ae4-8847-af53564c77a4, 3919 
75148 72da5c34-0b11-4c78-8d97-c8c413b0f2ee, 3919 
111826 c8564800-c958-4269-9da5-3a0f1be07b5b, 8505 
372669 bbcc18bf-a0ec-43b0-a274-6a4a151f3c83, 8505 
176488 7cfba852-db36-4751-92a5-0523a6bff3cf, 8505 
298420 864adcd1-70d3-43bb-81f0-606ee0af018f, 3919 
389638 c2391e2c-171e-46a0-a376-c4bcac1ca38c, 8505 
124699 d1fa0ea1-b688-4aa9-8c22-ae03eb2dd3f4, 8505 
64358 c3f4514f-9160-44d6-97fc-d422e0682e6b, 3919 
66739 3624fcc5-e2dd-46f6-a092-81a53718e130, 8505 
10651 2f363e56-2b01-4deb-ad54-b34aa13be6e5, 8505 
27035 a084d393-2045-4e0e-8d0c-038b4f70ab49, 3919 
28545 ff14ec85-2e00-4e30-95ed-cd9febf6fa85, 3919 
8322 28857755-5dc9-4738-80f3-1902db7fca0e, 8505 
183791 4f647b2e-2671-46e2-b9b9-21b2e641b257, 8505 
106720 83d11ffc-bdd7-4b78-8447-3b7a6a00d182, 8505 
35429 ef11c1d1-f327-4fe4-bb81-cd5039366925, 3919 
297688 ddb93f14-8419-457b-b162-c834a4cf0f34, 3919 
383516 06281b97-716d-45c0-9cdc-cedb112e22f6, 3919 
45994 7f2219c5-ab01-4826-8d15-0de92ef0b509, 8505 
304639 ec7e13e6-b920-4332-a443-4748d2126052, 8505 
358557 bb5754e2-1066-4fc0-9c9f-d79c2d6331a8, 8505 
324396 f87bf2d9-04e0-44e8-a956-4c75f1c7317d, 3919 
72204 ed18418f-7aac-45b9-bd92-d4d9768cb5ab, 8505 
390227 b30a02f6-23f7-4c50-a155-93d9d3cf2d89, 3919 
70246 6049ba4a-4e86-4e24-939e-0bf1be22fab5, 3919 
60596 8e7e8919-f81a-4a32-94a2-21bc851fbd77, 3919 
205419 118af076-4065-48a1-8fc1-c6b860d580d2, 3919 
300180 21c4e809-11a5-480a-801d-027f22221e38, 3919 
263403 1061ee99-7b72-40f9-8ebb-1fbf568e129c, 8505 
283660 17343a9a-a376-41f5-a6b6-9a91cbd01866, 3919 
219979 4b0e79c0-3443-437a-9e7f-3fa0b1937a5f, 3919 
258285 994a015e-701f-4e07-8c3d-9d10988021a6, 3919 
352894 54e502c0-a67e-4a3e-ad0f-64128951aebb, 3919 
21654 79cae8b6-c71a-4e6e-89e7-44b27fd767ce, 3919 
66867 1127eb96-78b3-4752-b5d7-4c590858052d, 3919 
17559 a111b1ff-6a95-4279-85ec-d672cf2cb43d, 3919 
8311 4ad58651-66e4-4a0a-a2eb-ab133eff096e, 3919 
305750 281d48fb-ff53-4835-ad9e-2690479579d5, 3919 
6040 c8f5d86c-c2bc-440a-a57a-c91d6c0e81d8, 8505 
282595 22ac2dc8-3f74-43b4-9be7-16905cb13a78, 3919 
203396 24898b53-231f-4203-b6d2-752435def990, 3919 
79704 e067184e-a045-4ce4-919b-2cee9f15dd87, 8505 
184885 9791c5a4-077c-42d1-b20e-fc0b1e612a95, 3919 
200451 2088589e-f707-4293-a009-f47560759ed5, 3919 
216462 522105f3-c5a2-4557-967f-ebde487644cf, 8505 
348209 345ed99d-5a80-4676-ae1c-845798d5a4f7, 3919 
262221 043c8214-2ce8-48b3-b6c6-42808566016d, 3919 
225850 53336f1b-0cd0-4411-893e-df94eb3a2cb8, 3919 
360357 512b0ecd-c051-4037-b7eb-a1b8c119fb58, 3919 
163155 7a86507b-0339-4649-b711-43743ffcfd48, 8505 
36952 35a8de34-3e89-4c03-b473-5f939d47b5a6, 3919 
247494 bb80ee23-cdf0-4b17-b8d1-460a683644f7, 8505 
103669 e3a950c0-f3e9-4308-929c-2a535c1b3a02, 3919 
183408 63b0e324-ba92-47bd-a51e-d174ca0d616c, 3919 
34166 2c6c3979-802d-4b70-8a49-0f06bc04a051, 8505 
308295 58996622-65e2-4fab-a6e4-6abcfce3f03b, 8505 
185110 94649fa9-00dd-4f53-a60f-a20b9f3c95e4, 3919 
83409 75e7590f-eec9-4bf5-8354-8998727a1f0c, 3919 
85836 838e5f45-1019-4e84-bef4-5ce90684ca3f, 3919 
185431 b90923fb-92d6-4c43-8502-a80f21a4c003, 8505 
357871 c2571410-3c02-421b-a583-7ef635210241, 3919 
341403 49654155-716d-44ba-b079-30d881740c13, 8505 
21607 8d3739ab-5737-4825-81a8-f2cf6dddb71d, 3919 
117891 39b88e9a-4634-4e2d-b2a9-e4ce5cbfa101, 3919 
170885 01e4306b-05d1-4f55-a6ee-32edeb24f0e8, 3919 
26387 694a8604-ec5a-42c9-b67f-a41260948717, 3919 
16460 498097ad-aa3e-4ef3-a75b-4dfa71297e32, 3919 
386662 6a4064b8-32fa-4332-9484-628da1af5da4, 3919 
150067 e34844a6-5559-4af7-843e-9690aef4528f, 8505 
376972 29406ac4-5a4d-41eb-8520-ee9feb17dcae, 8505 
228057 d58168e2-42cc-4260-8252-4881bc5eb226, 8505 
9516 a7f2aa2d-e37c-4b68-b8c3-6820a8003074, 3919 
201337 9a066d3c-5da9-4c36-9f6d-d6f3ff567f91, 3919 
285907 7ed75bb4-45f3-4a5a-b2d1-4bf9adb20b15, 3919 
254175 bbedd1f0-6940-44d9-85b9-cc19d9d4c8c3, 3919 
270188 67043d4c-3b72-4f11-844a-d34e5fcf5865, 3919 
113593 07859f77-0253-4f5c-bb56-666aa741747e, 3919 
392366 c8011c25-fd61-4c6d-bfa2-a288c16d447f, 3919 
347482 0fa19ae4-17ee-4294-94d2-b94bbd49e0ce, 3919 
101618 eb264c82-8b41-45ed-9729-9763babfd838, 3919 
126009 e2caa9de-699b-467a-ac47-6839d6556c19, 3919 
24962 30e42ec4-45eb-4a78-b6d8-0381aaa0c5e2, 8505 
8072 48cca4a1-5d30-488c-979d-14f7cbaadb36, 8505 
193695 c00b821d-c8b8-4b99-9f11-9f482473c185, 3919 
247433 5a872348-faae-4f1a-beef-2c2476d1b581, 8505 
372335 8852cd13-405f-4604-82f6-8c0d91753460, 8505 
357806 6fc87ce4-6e04-48f3-8912-0b2f15182639, 8505 
204092 c6052b4e-3b7c-4cb4-813d-ddc185a2d69c, 8505 
341770 9e5ff569-20ea-47f8-ba54-5e257bafd5d2, 8505 
386804 737521b0-ec6a-4db7-8aa9-1622eaca3873, 3919 
68767 49f97787-72e6-4b5e-a224-2d1339d96121, 3919 
167583 7c26914f-3ae8-4818-a311-a126c8dbde07, 3919 
111027 b3762a04-bf73-4a64-af15-dbfdb732b442, 3919 
305136 a1dd533d-63c2-407f-a4ec-8a7581ae4d3c, 3919 
97089 7b63a943-211d-4198-bdcc-1efa471a0445, 3919 
404046 d13b5bd9-41b6-43fe-b4c3-05d2f9176fc5, 3919 
75683 1dc68497-7065-4fa7-92e9-15937e23689b, 3919 
3821 b2da0c49-4cb3-4cad-a12f-2f4bd335a668, 8505 
98257 3dbc025c-3dd0-4552-8851-7436ad18faca, 8505 
80532 73680281-3612-4dc0-844e-333c4214539b, 3919 
261324 0eb8ef7a-fff3-4271-852e-16609bfd0e80, 3919 
367865 3b05cdcf-1898-45a6-9e5e-8cf6b7fdee17, 3919 
181118 5f228c78-e676-4e15-b9f1-5c175d28fa1a, 8505 
161720 a8bc3b23-a355-43ae-b30f-3b6d21543b08, 8505 
65583 2caf4f53-ea35-4615-ae45-e7cddeda329f, 3919 
285113 bc42fc55-eb32-4196-9d58-02e8f6b34d9f, 3919 
150462 e6638352-4c85-4c16-b69b-68e77525c13d, 8505 
73816 36f34e8b-7a3b-461d-888a-97d9b04a6928, 8505 
366074 efbe0224-d587-4fec-b781-ddbd1fe76538, 8505 
53046 f8d4a1be-3183-44a8-a0dd-f3355578f9e7, 3919 
234048 2c8730bd-714c-4570-9ccb-943606ff3845, 3919 
202267 ebdf1df4-9b38-4761-bcea-f5fb1fd732be, 3919 
99479 da9b404e-bdc7-4c2a-828b-489e87290a53, 3919 
106391 957a96ac-a647-4b2c-8cd2-4b43531b982c, 3919 
306283 45b3adaa-e27a-4897-9dd7-e9c9722d79b5, 3919 
122594 25c0b650-bdf7-48e5-aff2-34b9625eb763, 8505 
74118 4620af36-8454-478f-aa38-b249eed9db12, 3919 
157775 f15ef410-76d2-4d0e-827e-0f1eaef8ad10, 3919 
89227 c6c725f3-22bd-4930-bfeb-77a0ab25f14d, 8505 
26346 fdb23837-a6b9-43d7-a6c7-e92e23c444cd, 8505 
394183 dd30f63c-5689-4fa0-98d7-6dea89874e17, 8505 
73925 c62477b8-dbd6-4129-a006-d4c893a7bb57, 8505 
138789 af171e52-4375-4906-aeef-de78b043ccf3, 8505 
255975 0eba8c49-de8d-4213-a894-1813b3bb25e3, 3919 
224654 5876efed-d1de-453b-9d35-9f9c19b703d8, 3919 
63080 8430d0f8-acc7-4fd8-9c9a-57880794b982, 3919 
3536 f6409126-f160-40c6-a2c7-fa71ee65d154, 3919 
231254 1157f1fa-d171-4f0d-a189-b2ef2574d998, 3919 
8039 c1c474ce-bf62-4999-bbf0-f43ba7fa0cf4, 8505 
374188 12fc0147-0a8a-4839-905c-572a0d33a668, 8505 
244992 2f507c0c-5c35-494c-be5d-ab7c445aec30, 3919 
182879 69249590-677c-4fba-afc8-e6396161efff, 8505 
214450 6947b288-007e-404d-9b56-53c631561466, 3919 
107399 eebed3bd-caf5-4b53-abfc-a6fc3eb54b47, 3919 
192447 d425b9c4-076a-40f6-9bef-997fcfa6a7a8, 8505 
194088 30e39ee2-ccf3-4f90-874b-7e198ac84982, 8505 
160331 20a40600-b5a2-4ed2-a2e1-a18db62c72c4, 8505 
379064 b404a395-ec44-4497-8373-e9a7c6f4e01c, 3919 
274603 75b8581d-e969-482d-8a94-1ef5d0a747ba, 3919 
278359 f0e77924-84ac-455a-85af-8c23c2030065, 3919 
126452 b9e8059e-43d0-41f7-b02d-01d1e417629a, 3919 
182626 b5d94ab9-b534-434c-a160-4791091ca347, 8505 
107434 5e7c5006-06fd-4f6c-8929-d1242a9864e7, 3919 
189548 3b6d2c86-fa47-4a17-8726-6472fb89b192, 3919 
76403 bbeb25be-7088-4b1c-9346-b8a13ad3a9dd, 3919 
380462 5eb19360-a837-401a-bfec-ae50a344f3a3, 3919 
271942 635b58a9-9163-438e-ae26-eba041a2ca21, 8505 
51039 ca0ad17f-45d6-42df-b121-f748fe3cee78, 3919 
268069 03c87ba1-51b2-4b4c-a019-3e3363c4daf0, 3919 
247448 5477ff65-b522-4e7e-9a06-5f4745a92895, 3919 
378512 f3aa0b14-b932-4519-a7a2-428e88bef563, 3919 
293764 4770b86f-621a-4fbc-b73c-cc1ceaab99e0, 3919 
249823 20711d16-b725-4146-885e-fde518099d38, 3919 
328346 8547884c-7050-4dd1-8d8a-8cc4ef809f89, 3919 
242461 a2e10196-cb57-4480-84d5-8db320773d5b, 8505 
356651 b986dcf0-73cd-47bc-9b35-c5161e79f1ac, 3919 
149599 031696ad-c300-4820-9a74-7816e3573fec, 8505 
187389 43ea49ea-3387-450d-a0c5-9a13e960f78e, 8505 
382484 55ffe8ed-e702-4e9f-a8a2-0f12dd4fea0c, 3919 
309812 a7ac44ec-338f-4606-b1cf-c8f5f9c1d451, 3919 
372931 f54eb32f-5ad7-4207-b111-41a168719c99, 3919 
388796 da883042-3ef4-4285-8b0f-f578924f7be5, 3919 
12722 6466149f-8a7a-4da7-8c2c-f2ba81e956e4, 3919 
116139 91aec084-ab8c-4762-81cc-26bec14bb274, 3919 
313093 7aafa502-aae1-44b9-b4e1-184691e43ba2, 3919 
327863 6c29a5ea-638b-49ec-b5dd-1e521c826b9c, 8505 
224188 c93f68ed-d3b8-4049-b630-dcee7379bdc9, 3919 
204235 839c3a74-2ffc-4f87-ae4a-ca9cd85ac4d1, 3919 
280695 0051a1b5-8077-43ad-9198-8858ebfbb136, 8505 
337629 a9446883-0707-4f2b-b2c5-f7b4ba895c6f, 3919 
261234 f05b1806-c789-4796-a0d4-de9058771670, 8505 
342609 f794a0d4-f84b-4c3e-afe7-3eec0f994f97, 3919 
172833 834d993b-032c-4e2b-b01f-910cc627251e, 8505 
384596 d5113cdf-b5c2-4383-8b32-bffb1b5fcae8, 8505 
79390 82eb8f0d-392e-47fd-be17-b8524bede7eb, 8505 
105805 4179f752-3111-49d5-af3d-4ef0904cc041, 3919 
332156 51a26f49-3eaa-4022-a603-35e6ba1d8cff, 8505 
64656 9c69390a-82af-4d68-af0e-c17875042545, 3919 
56009 d23d02bc-c942-40b2-a14e-ce57e725a45e, 3919 
149402 a973d7e9-3c3d-4d47-a6c5-2f6dd1b7ca7d, 3919 
279874 31f21998-473d-4189-8875-17af09d108bf, 3919 
383153 d2567219-4204-438a-a8e1-1046fc9cf468, 3919 
100505 c3fcf162-caf8-4c94-90b6-36155e80c227, 3919 
313010 027e7999-0184-4376-a29a-738a9ad720ea, 8505 
3548 1fae9b65-f39b-4c2f-bfaf-e7b690a317e8, 3919 
321374 22f20c3e-9db0-43ef-8938-01739912ac1c, 8505 
347205 4b0560ec-62df-4eb2-9cdf-ce7e943805e6, 8505 
157319 73c917c5-52bb-428b-8c67-ab7cddffccc6, 3919 
230048 5f82650f-043e-4380-9c43-dd772870a24c, 3919 
274462 42b58663-83af-4a56-8034-dd8650dcf197, 8505 
161175 5bd2198a-439c-4108-8b46-d48b998dcad1, 3919 
336774 3133d015-d620-42f3-bbd6-12895a408fa6, 8505 
353091 97126692-0b25-48b5-88e6-a9c6643292ca, 8505 
125858 f9c04053-3242-4153-8bc0-0c3b521dc995, 8505 
7749 a48c0696-8ce0-4cff-8415-279d6355f580, 3919 
35789 70b5cebf-3096-4faa-9e9e-b2f4856e3fd3, 3919 
183080 f064c13e-02e3-4dbc-ae0d-10b80d00993e, 3919 
39942 69e00d1c-086e-4726-bd87-e4f80a3e1fbd, 8505 
197055 b6aa76e7-7a14-4829-b649-586c50a339c1, 3919 
291593 2cce47b3-6668-40b5-a05f-530202975336, 8505 
175954 6e282ade-4fe8-4b76-93dc-554de623f9be, 3919 
78492 ae2ef4d2-61d1-4179-a1dd-f68c3b1d6d13, 8505 
318496 f548ecdf-a8ef-43e3-89ea-0c15c19940e3, 3919 
51651 09537c19-9573-4571-9ef5-62e881a90a16, 3919 
364961 3651ea1d-3c2b-4817-ae48-531515b0f2b3, 3919 
119425 185c5c33-39ac-42cc-be72-a4f07760ad84, 8505 
57434 9d0e5ef7-f82e-4d6c-9d52-2559b790baec, 3919 
177921 7fd66739-0a12-4e5c-94cc-e1097e2beedd, 3919 
188441 89c939a0-188d-4940-8134-8f3d36ca2615, 8505 
314804 1ae9efe0-e0bb-4093-b760-1f42669c9808, 3919 
205172 915c12d1-02fa-4ab5-aff4-29b602f6600d, 3919 
92192 c6865cef-baa4-455c-96e1-b4690a27dfca, 8505 
210354 5717ae4f-d549-4ac2-8a4c-3a8eba5814f8, 8505 
279101 dfe85570-d7bc-4dc4-a644-ad473ccedaf2, 3919 
365159 75555081-c750-4255-9e16-03e32bdfd80b, 3919 
111631 68450939-bc34-4074-86fd-e012200a5255, 3919 
80055 c0832da3-2fcc-4938-a9df-164098dc52ca, 3919 
139858 897f0ad1-5337-4e4c-8611-e9e711750996, 8505 
107286 8bc7fe83-dedb-4ad6-a3f8-ea214399b8b6, 8505 
142202 921a13cd-5eb9-4202-8713-a2e20c78ec1a, 3919 
273989 8c639c9a-d421-469a-aea7-fe673dd06f31, 3919 
266392 2fca058a-b097-4418-8181-bea270460b65, 8505 
169505 e0a27f09-36cd-48ad-85e8-84fc8d578a34, 8505 
346228 12baa029-ef77-44bb-b949-72cbe7d4e4c5, 8505 
177504 89f4afc8-60e7-4521-9e9a-6eae0697981e, 3919 
397560 13c9bc1e-5794-47ca-9b1b-e5cd54d46b13, 8505 
62656 2996f9b6-9efe-4cf8-a101-94c5711739fb, 3919 
300011 1f76052c-e0ca-472d-94e9-25fcef9a17f0, 8505 
167352 c4a35853-ae69-4320-8c48-ab675be4f7cf, 3919 
16164 ad784422-a3f8-4230-a86d-1705adde7ee6, 3919 
171761 809382fa-f191-4495-abff-d6d612ff086c, 8505 
286061 f6a00e58-fd93-4e61-a438-a970d6c42664, 3919 
239968 c672471e-e529-49a5-95dd-beac9d6632f1, 8505 
258615 232b2dd8-52d6-4620-99a9-5579ab023d8e, 8505 
198429 af15562e-03c5-484a-a7d1-be5a302de400, 8505 
223627 93e3c6e4-7bcb-4292-8b7b-7db475362f2d, 8505 
241250 864c6d91-456e-494f-929d-c3184f4393a9, 3919 
209503 0046f469-a5fe-44d0-bc68-632d93036257, 8505 
93184 ace40ec7-2ebe-4a05-9046-50781bf90593, 3919 
394015 e87216df-e17f-4d28-ade6-97b511a0f5ff, 8505 
98951 01e3b79b-1174-48c8-9dd8-fcd8c2eb6bf1, 3919 
205443 7a5413ea-4f02-4601-b71a-7b5c071b181a, 3919 
184349 72082c28-5955-4f8d-8ec7-e8ee3f3c64ec, 8505 
314411 909aabde-221f-4124-bf21-c59cb92cef65, 3919 
241564 5a42bcf1-57ed-45f9-bb8d-8a96a0415d01, 3919 
291467 98c5f68e-1635-4281-865b-f22dfd165a3e, 8505 
376701 c6aa1b2d-3737-4210-ae41-d319b9d0116d, 3919 
393132 c65cf448-9108-4374-bece-c71a0ea0c7b1, 8505 
25004 afd887c8-52d1-444a-abc3-42c84ef7dcbe, 8505 
83172 b9bdde28-c9d1-4289-a453-8290031153d3, 3919 
34230 6de0fc3d-872b-4d73-ab14-7a031b8a8273, 8505 
223184 4f8624a2-e847-451e-83a7-ec7b02c53c5b, 8505 
185162 999ec6da-6959-4e4a-b003-19e036761e35, 3919 
214226 49b43823-967e-4066-8863-d978312ab730, 8505 
248385 52e55ad7-9023-4844-8d48-d03bca75deb3, 3919 
201320 fef3a3aa-87d8-4def-a635-fe6c6e2d1bb3, 3919 
280274 c599ac40-712b-447f-a484-30548cd5223c, 8505 
13180 c821c511-730b-49cd-93ac-abab6ed140ed, 8505 
382279 e02a316a-6888-4bc4-94ac-a5d97b132deb, 8505 
146681 22c11c81-e8d0-4e81-87c3-4bbde81a3140, 3919 
296340 48a38ab0-7968-404e-bcea-8f6e9c445d1c, 3919 
269327 c8122508-26cf-476e-851c-f6e410d9441a, 3919 
329471 c4dd11cb-a4e3-4eaf-9043-a30d4c1a156e, 3919 
184785 2d576c7c-9c61-408d-bc3b-8f1134a81d01, 8505 
352589 d6996002-2ce0-4f19-81d3-3b5c5728bd89, 8505 
358164 0490cf0e-e2f5-4e1f-afc4-ca045a68683b, 8505 
177552 8612d2cf-8da5-4242-a71c-e5dc07238b17, 3919 
48971 28ba6073-57f9-4ea5-a19e-3a5fec2a0e76, 8505 
331001 59e19cd5-15e0-4fd9-90a0-4740c6159c89, 3919 
176920 99bb49e8-1d6a-49cf-90b3-f4b00d1d1b49, 8505 
342240 60030278-b06c-44fd-97b6-1b4a38d26f3d, 3919 
402046 48868150-2855-47b0-a48a-df9e6a86b952, 3919 
377106 1502dedd-ebce-4a56-8f73-4abc13aafcda, 3919 
65251 e44e394d-72eb-4387-a688-933effced8f1, 8505 
368990 29ebdf5b-07bc-4d58-8451-46fad57a7ee8, 3919 
22037 a919750a-0c43-4681-92ec-1f0f6be18248, 8505 
222897 e5fa2f28-d182-4d9d-9228-7b643a713603, 3919 
209993 35f12487-f583-450e-acfa-18802f0a6202, 3919 
193959 25c20ed8-70b9-4258-9f89-b78006cee755, 8505 
319903 9dea9f65-048d-43ef-b5c9-37a0d19b1d78, 3919 
318457 460c6f9e-590a-4fa1-9058-7029e717e747, 8505 
44059 3c69e13d-27b6-4f4f-b6f5-80dc60ff1d44, 3919 
272019 ab756cc1-bba1-4fbd-a7a4-ead3a8f19445, 8505 
295296 744b2062-a16a-47f1-88a2-4fe434200e3e, 8505 
342908 5c2d6abd-b818-42d3-926e-165c71f1c32d, 3919 
262070 0cb75ade-052e-46b1-b5a0-5c76ff6c1f72, 3919 
393378 425ac4d4-402a-4bac-9b85-8fe649ccb143, 3919 
321704 cbf1eede-a718-4fda-9f6e-26f33c219fcb, 3919 
347622 570c6a60-76ea-4577-919b-370a5d2df858, 8505 
43105 00f28510-5ff2-4ab0-af9a-12048f1c8e47, 8505 
1407 648dd2f9-6ddd-4c4a-ae4f-f0f7b609dad9, 3919 
60006 48ee7324-e97d-40c4-b09e-476ecfc10b07, 3919 
242784 8b523be6-5ba1-495e-96e3-8b355276b940, 3919 
261677 e378c9a8-64d7-44fc-828c-5e0399ba082d, 8505 
358358 21f3c25c-a64e-42ff-a544-a2e1eec6a630, 3919 
36396 737c957a-76d6-4695-89b7-1406c7d6b0c6, 8505 
222011 8e55816c-7777-4cad-a160-89af6d51157d, 8505 
165292 4048b20f-9c4b-4db9-8d1e-df535a85629f, 8505 
246063 9e5b4a4f-543b-4cd6-9311-b25f73c810ca, 3919 
371523 736f0941-c813-4aac-95fa-61f346a4c91b, 3919 
290347 7cca1531-2f5a-4f41-aee8-22da16974706, 3919 
165351 059bba69-28c1-4043-a0f2-8add36d8d8fa, 3919 
268095 c529b44d-fab3-4d0f-9767-1b4d1e3e9ffb, 8505 
92837 ef1b5822-1d35-4cd5-b446-bb52015b0847, 3919 
355229 244c51db-52e1-4c88-89e0-66003b82cef8, 3919 
197895 cf7dfb59-3fd6-4d6d-ad04-8e172415ac57, 3919 
19286 39e7b2e7-bc9a-41dd-8c61-ba11856d6f79, 8505 
32637 1c8621cd-bad4-4252-ad46-fc1b9473802a, 3919 
90752 841acc55-301d-41e7-891e-d93dcb67f1f8, 8505 
257283 dda17452-0274-45bf-beee-ef922e35c40a, 8505 
100387 d2072f0f-c34e-4f4b-b369-8adb9e77429a, 8505 
273235 6c8981c6-cbc0-4910-96b5-5de23b2c633f, 3919 
151695 5d3b7eb1-7974-4181-a5d8-f79c29be0d3c, 3919 
304512 9f4db056-198a-4faa-95e7-88751d3875a2, 8505 
242959 fcad09bc-8026-4b1c-86bf-53df9c337fca, 3919 
124646 eba5dbba-9f56-4ca0-93c2-8b930344f25c, 3919 
251675 6e8f3dba-453a-44bb-8ab9-322fc9b11781, 3919 
83181 65e6bd4d-97dd-4e29-93cf-c80fdfafd893, 3919 
263761 9dd2f9c0-17b8-4d77-8817-46fe68bd2dd3, 3919 
98146 89997c08-3979-4224-907e-dd16d63f5ea4, 3919 
14868 5ae52be9-35ff-429e-979f-f823cb43cbb6, 3919 
123438 6d9bbe28-9b51-4577-a9ef-60bb872c7df2, 8505 
62799 b6df3321-b5bb-4834-8335-cc6b3a61eee3, 8505 
267985 a14ca778-8552-4c2c-8897-5e5ae3e75726, 3919 
389623 d4287d3f-5be0-4375-a53b-21420f394740, 8505 
350658 7fd98034-876a-4b88-a03f-da8186c23349, 3919 
366610 58ae6d6b-95aa-415c-9a97-28cf0d5dc24f, 3919 
237364 2b400fb9-43d0-452b-9b36-9aea1b6c1473, 3919 
98230 e561f09c-3598-49be-b399-d33d8fcf01a8, 8505 
285851 043ff251-4c8d-4bba-8fda-ea1deeab571d, 3919 
210135 264f622c-91b2-4c8d-933f-1aae1290e940, 3919 
265685 b9918120-2ca4-4ecc-b425-783f2b52ee52, 3919 
265573 3135717f-83fe-42e4-b439-51fa916e31f4, 3919 
137202 c438d6de-6135-4807-8035-971bae877b31, 8505 
206148 9c507f73-018f-459d-b64a-4dbb1900883a, 8505 
315447 7b627b94-e66c-4e97-9652-fa82133a5999, 8505 
200177 f31047e1-5773-4b63-bd99-d0ed1ee87f5b, 8505 
130215 3ef5deaf-d350-4809-b796-73f3d85264af, 3919 
102029 e7af1f0c-a8c4-472c-be46-8803b99b03a7, 8505 
300374 16159962-9941-4993-88c0-b9ae6f54492a, 3919 
267882 f3319f9d-af51-4f64-a014-aa46ae777942, 8505 
216597 d333e781-6658-41f4-a592-973cf27ff99d, 3919 
143937 d01112ce-15b7-4475-8734-36202ef2299b, 3919 
3688 e589ae63-6d69-4918-acbb-abef999620e1, 8505 
282470 89d65d21-4435-402a-9eaf-09241c7e5553, 8505 
231638 8fd226f0-d40a-4432-b2c1-dec9208e9f5d, 3919 
355699 9290a894-ef12-45e1-a588-afef554c35d0, 3919 
78213 f515980e-d912-4dc1-a7b2-5347c9af6ba9, 3919 
118970 6914b74d-0f0c-45e2-b3a6-acdd963ee869, 3919 
22788 8f79b5cf-ec33-46ae-a42a-59c3e2fdef2a, 3919 
327410 94ddb7eb-f5db-475a-b627-bcea4dc93fa8, 3919 
21129 12f60e59-e3cc-448d-9b4d-c1073d33236b, 3919 
331572 3fea19ba-f471-4068-826e-f540345a4b3e, 3919 
88400 e75b44d9-cd45-407b-8ac6-bd739825c092, 3919 
128442 81941e21-3171-415d-a196-dc7533050879, 3919 
196116 6f8c1bcb-bb6d-44f5-af43-0bb79686ec64, 3919 
23706 cdb00eb3-2d1d-44fb-9e9e-c195e39e7391, 3919 
297308 6f9cf287-5896-4c7a-8105-c0c3c385a231, 3919 
257138 e846260d-bc0e-4152-a24b-87a7943869a4, 8505 
402463 ddd2d6c0-6767-4309-9f21-68c987795f10, 8505 
203070 4458bb24-2aa9-409c-8829-ef16a2defc34, 3919 
289772 74ed0beb-a2c2-41b3-9033-883d5a4efdd9, 3919 
150824 c2886ee1-9dba-4ef4-b819-67ca5a3c8a6a, 3919 
359479 03420688-c04f-4241-91d4-ea1e09bea9a9, 3919 
220177 8b4f7a84-4528-47a2-bc50-dcaff07c9da5, 8505 
239503 5bd81f26-1531-4f2c-93f7-337114e5c8b7, 8505 
365055 4978858d-a893-40b5-8842-78312c2b5746, 8505 
21343 d8055d76-86c9-4824-87af-027f9da41f1a, 3919 
221735 48a2e47c-5d21-4b02-9f89-34cd1f6cee5d, 3919 
211296 44d221e4-c8cb-41dd-b52a-a9f871fe1b47, 8505 
199123 1b443b8d-ff23-4daa-8ebf-ae6da10d8f73, 3919 
365730 25cace6f-9cc7-4fa3-b3a1-40b773fa1e1e, 8505 
260076 59b6dd0f-297a-41d6-9582-3315fc7f9044, 3919 
137345 97abd2dd-2db7-4b64-b211-a5ed4a7530b1, 3919 
296245 9c9fa43f-bae7-4351-8169-b74f7bc6d30c, 8505 
149638 398091a2-aa2b-42aa-a9f5-afc2615b46f0, 3919 
349438 02b52a5d-eb56-46c1-a811-661d84af101d, 3919 
258323 62f36779-14aa-4b01-9531-ec01c1bf3d7f, 3919 
280701 8d8ed7f3-55a7-463a-a264-e124371a6420, 8505 
227784 88bce5b4-9b40-4ff2-9941-cf547693edc4, 8505 
292501 c1c0500f-eb56-48f0-8e0b-1af2ca679cbf, 8505 
274068 002eb740-f2f7-4bf9-822c-3c9fd4c04eec, 3919 
179500 31a4978f-5fe2-49e3-b56b-2a87a5778554, 3919 
212833 3c99de7c-c4cd-4ff0-a8b5-60f555a48fae, 3919 
54044 13a66c05-cb77-43e0-89e2-ba8536caf374, 3919 
63488 639ee1e0-986e-496c-91b2-1c1e6dae859b, 8505 
61257 1207ac94-70b1-4296-8378-900972daacc3, 8505 
232831 1ba869e6-35c0-4f85-b4d3-b06e71102e17, 3919 
157585 04de698a-da1c-4ad7-9321-50a049eb6bf1, 3919 
194185 f4c0440a-1149-40d5-bafe-4ea5895c5eb3, 3919 
324870 50381c87-be54-456a-b0d3-9006e50835cc, 8505 
19466 e6ae714f-8835-4037-8611-fd9f7da51153, 8505 
4522 73de87e4-fa9d-4092-9a67-f06fb467965d, 3919 
184145 be0fbe6d-6e17-4f6c-8bff-bf8ab7ba01de, 3919 
371682 bd9a9e69-02ea-4bd8-9eba-f8deff350741, 3919 
190689 a670026c-cce9-41a2-a297-193cbec43b78, 3919 
170143 158d04cb-8e4c-450c-b278-a017baf20e8c, 3919 
168297 fc14e9d0-54dc-4dce-84c5-f58d656920ea, 8505 
177432 baa05e42-814f-439e-be7f-2a5e53f1d316, 3919 
385862 55253a8b-3fa2-4993-8e55-634304d751bf, 3919 
155949 374873b1-6589-4f06-81cb-0efa7ed6af90, 8505 
60210 becb4650-8ae1-48dc-884a-85a52008f3da, 3919 
367971 c297e2b9-977c-43d1-890f-4369267a24f2, 3919 
204414 e134c77c-eae8-4357-ab4f-a52b46eb079b, 3919 
202803 2c471bfc-4de2-4647-9cc3-13f1e5a51569, 3919 
108314 cb971042-010a-460b-b08d-011f82289869, 3919 
172761 5d7904d9-4fe6-4f0a-abc9-31052e8582e0, 8505 
265521 16b59a68-a67f-4ec8-95d0-159a8702d8b7, 3919 
77610 5be5190f-725f-4bee-b20e-e037da182142, 3919 
253002 6ac9681a-7781-4d6f-b917-6d0acff1f628, 3919 
96192 c18a8e8d-d380-42a8-a11a-9551700c4fb5, 8505 
21922 cdece4ef-e620-475c-8e10-67b14509b537, 3919 
300118 62628084-23fc-40d8-8195-72cd2dba86eb, 3919 
301303 7a9fdccc-39e6-4605-9ff0-03f62e8b034d, 3919 
188899 9673ce38-755c-479a-85d8-09b1f031d43d, 3919 
392404 ecb0d951-4311-40ef-82a7-8a1f5d2f76f4, 8505 
385180 40fcab9c-4ffd-45d2-a6ed-18c3d3ec837e, 3919 
169406 fd6b212b-fbc0-43a2-91d9-0a3b5f8892f3, 8505 
224674 9c23df09-730d-4930-b39c-2698f607a7a8, 3919 
357904 80c996f0-3f5b-440c-b43d-36f149f6cbb8, 8505 
310707 aa913eb5-298d-4f09-9998-7977552181ff, 3919 
336015 80ca0256-8afe-4369-ab41-b5fb62ccec73, 3919 
242274 2f71456e-1626-49c4-aa02-b5d4cd28729a, 3919 
195836 9d9697fe-9caf-45ba-8370-aa139f1d7bda, 8505 
119485 2d6fd2c9-a895-4d44-9ed1-abc89c3b3b2d, 3919 
365171 7aadf033-0f39-4a7c-8f62-27d9f3a8c05f, 8505 
196767 7b82abb8-3a79-49c4-a42b-7ec586a9a46b, 8505 
221038 c20ab3cc-44b9-45ad-9e64-a3aa6d518d16, 8505 
373373 d60e841b-eb19-402a-979a-6609569e46e4, 3919 
96511 a4ca7ccd-9060-4b85-b689-44194f40ddef, 3919 
178711 bef5ceeb-5669-4d0f-adf2-15af07429e85, 3919 
395517 c41a2b51-c73a-47fb-865a-f01a991ec973, 3919 
370357 ba55cb6a-4882-4fe9-a23e-a0f883eb8f25, 8505 
400495 ffe9401f-e1be-4696-afae-6a2a8957e5ba, 3919 
57883 642a1d7b-351f-4d45-b81b-145bdc9da8fe, 8505 
81587 99e2152a-6eb3-4409-8b4c-c05f8aa36282, 8505 
263100 44f51d29-45d5-494c-8da2-311fd3ebf3ef, 8505 
14031 a7091efa-d9bb-4aea-804c-5be413c0ed03, 8505 
164335 eeecddec-0be1-4858-8a2c-6322e4eb70ac, 3919 
207270 fa2a1a04-6d81-4718-b69e-ed3a54b7c62d, 3919 
328970 55a93e44-e909-4bf2-95b6-2ea63d46753c, 3919 
4043 952a04c3-33ef-4bee-ba77-645caaac1931, 8505 
304027 07d9f1e3-0cdc-481c-b4d5-5abe729e636a, 3919 
302244 12a0c455-0db5-4708-b786-1466b3b803b7, 8505 
67716 8f3e14f0-9fdc-40b3-b354-7d3cac2ef7db, 3919 
197830 aca5bebd-4778-4eb1-8a64-5298abe1dbb1, 3919 
53849 730f0c56-5ead-4a61-aac6-f260fc99d1ff, 3919 
250655 a63344cb-713d-4758-bc9f-4dde03fdbc01, 8505 
135804 5f99ad2c-d63e-4c14-8ae9-db63399b4949, 3919 
370540 11c7f4f6-8254-4aa0-b9aa-b9da2565e53d, 3919 
110920 b42ca69e-3404-48d0-9b2c-f0a90c91d711, 3919 
384586 53da2c40-9c49-4511-8706-9addaf4483bd, 8505 
353906 9404a75a-5a0d-4824-bced-892e8569eae0, 8505 
350695 3957f1d4-996d-4d04-89cd-a4246f18d489, 8505 
391788 118fbf84-a0a9-470a-8666-d22fb74566d7, 3919 
336065 7317c775-7e5c-492f-b2cb-5ad516018ef8, 3919 
315906 495bd1da-100b-46ac-929b-9fa37178d74c, 3919 
311352 a1c5437c-9243-4d7e-b129-ad4aa72ddf85, 3919 
53535 42b1ac91-f43c-4c3c-80cf-6379d18e6081, 3919 
310421 00ea77ba-e869-4655-8491-5dc00ccec181, 3919 
352692 2a5891a1-b4c9-4daa-8093-2f8fb1ec8712, 3919 
203111 2f19369c-c7c3-4826-8d29-ca58166503d6, 8505 
128491 177786a8-1a4e-45f2-bbdb-7d83c20b65dc, 8505 
317143 4f3f7de9-f541-4c4a-8be9-c53f729f5a58, 3919 
394368 a65e3fd2-d78d-4397-a2af-dcd71145d2a0, 3919 
72727 26fc87e8-fa74-4465-8ef4-bb7b7801f337, 3919 
338931 32de089f-40d1-4610-974a-4ef7ff59e1da, 8505 
172058 e5467214-1474-47d8-8065-9a470b1628d2, 3919 
229800 95bcc1aa-1dfb-4299-a9f3-09467d31db1c, 3919 
254912 340f6558-fd7e-4de1-b26d-eed37858a92e, 3919 
327810 543fc70b-9ff4-4402-9804-5b16f42d6f68, 8505 
48119 cbee4048-6958-4e0d-ac2e-55cf6b39bf6e, 3919 
351911 69ca8dd0-f7b5-4615-8807-db1119a05159, 3919 
173881 2378b484-60cd-4a78-a622-d9960c0bb6cb, 8505 
264146 e857c58f-d1ba-4808-89bb-1811295c9482, 3919 
219715 6a76d381-efac-4369-9eee-0c5a752a0c47, 3919 
60971 f9e235bc-4717-47f5-b531-756a01417bdb, 8505 
155982 7a253fa4-96e2-4df3-a722-5e6cfb46de82, 3919 
142745 50175d36-fa99-4dc5-8779-13bf5ded7812, 8505 
353069 95c55146-303d-4a22-8b81-a4f450de670d, 3919 
251198 21f125ab-79dc-44c9-b461-5dfd50c01905, 8505 
143186 3e92bcb7-ebbc-4052-b919-56534d30f3bd, 8505 
100179 9c47a453-5a70-4bf6-bf7b-d5594c12d428, 3919 
150862 65685f54-9f1b-41ea-9bf6-9b41a8bf6788, 8505 
164074 5ba29efa-4317-42c5-b831-178efb5818e0, 3919 
49257 9126ab4b-c697-445f-a742-dcf94a48e07e, 3919 
137341 1908fdc4-ac3e-4b09-943a-fd37d6b434cd, 8505 
381201 0e267c3b-ac67-481a-ab75-ec0c68ab1a12, 3919 
180196 19a94e08-80f8-4e6e-af3e-7acbf8453c87, 3919 
147656 d2ecb511-8223-47a2-bbb4-5797f523c3a0, 8505 
336597 783f91e4-2cde-4d6d-be1b-3427e4b3b453, 3919 
400482 7cc0ba73-42a7-4bdc-b1b4-e4331a768a7e, 3919 
249747 971c965b-9487-43b6-a89a-fcbb39851b85, 8505 
403410 3fc37632-6738-4985-8af5-194ecb6112dd, 3919 
65693 89288f26-870b-4164-960a-6bbd5e673558, 3919 
254165 a7b20948-565d-464f-8faa-fccc1fa66ffc, 3919 
375640 d4eacec3-fce1-4194-b2b7-733965947b41, 8505 
134773 1fa668ef-975e-4004-9fb9-cb47c44d1bfd, 3919 
277371 0aeb66b3-791b-494e-8657-5646e856fbfb, 8505 
10929 209a04c7-b74d-455e-9c17-6ed83d21338f, 3919 
51071 429b3b77-aff4-4e10-bd76-b7573f169679, 8505 
271059 0dde526a-bdfa-4868-ab5a-62d6245db618, 3919 
378997 ba092c6e-0c9a-47e6-a6a9-ba010cbc0775, 8505 
343855 373b64d6-14d4-41b4-bfd3-b138dfb1f57b, 3919 
33465 789ef416-a9bc-4d3a-9d0b-d3f72b0a6196, 8505 
9882 6c92697f-8ffd-47e7-b992-252f45c8b950, 3919 
191285 d8a122ab-13bf-4ce2-bf27-5b4a07cdcd37, 3919 
67771 2d85ca4d-4ee5-46e1-8f0d-3f96859abdbd, 3919 
276745 c209ffc7-2225-44f6-b177-10fde77dd240, 3919 
363104 28ab710e-d334-4d06-8486-b6188064820d, 8505 
274552 e76b752c-f03e-4f5c-a3c0-db1916ea7235, 8505 
359344 9a431cb9-9749-4168-b831-bf2b662efee2, 3919 
47430 60f5d08f-f026-47d8-af8a-ff683c537ada, 3919 
213316 29300efd-90c4-4646-8510-b62fa9d66c5c, 8505 
110197 0bc57eb2-5ca5-4e6d-a8ed-05956cc9a07d, 3919 
50978 e8d54453-ee21-467a-bcb2-14a523742977, 8505 
354489 a8665670-6633-4478-a3ec-9f8095616efa, 3919 
170329 076daf69-91f7-47e1-b467-577002555b9f, 3919 
101148 cfe97118-0815-444a-8cab-0a2a56abcff7, 3919 
178819 01c53ca5-4d1f-44d4-ab99-993a173c13c6, 3919 
227383 f2601623-7420-4712-8589-f2bec5a59cfd, 3919 
26183 d118fbb8-d725-45fc-b2f2-0c8681242b96, 8505 
49787 12801fe6-18a9-4899-8127-2f5d25651933, 3919 
329951 8deb913a-a401-470a-bc9b-c8716240c783, 8505 
130938 a5a5bdef-16c8-472d-9535-d4e61f0ecc91, 3919 
96718 32ff4f76-0987-4a84-959a-ed95b4cbb5bc, 3919 
73060 979fb486-1622-452a-9abb-f5e68d3932c4, 3919 
275288 19a62167-9b5a-4f31-9c3d-e685c7b1efb0, 3919 
103694 3f30e14d-115c-4448-8402-22b79b9119c3, 8505 
264138 43a4da24-6945-40bc-9c57-c89301509a5c, 3919 
187978 757793bd-07e6-41e3-8c47-a8f3fede04ad, 8505 
56857 9d23132a-cdfd-49b1-ae49-aaff2b541319, 3919 
237845 e5ee476d-0e4c-4d07-90c3-26fc7f7d6d23, 3919 
344984 ed273241-de7d-42b4-90b7-c2ac6c5e0ddf, 8505 
229230 6ab1b549-e7e6-4c57-b64d-6d50e8354cbc, 3919 
400260 296f7dbf-e155-4b62-b18b-db20497f2527, 3919 
370642 eeaefcd3-ab85-4bff-8d0d-e89714fc98b8, 3919 
399131 628a504e-0428-4dfc-b5f1-cbd7b8c01f31, 8505 
287292 de383679-435d-4b9a-bc08-3eb19cb5f8df, 3919 
85496 11493e50-f014-4b7a-a109-f53c98bbb6f2, 3919 
379255 4ddcb0b4-c18a-42fc-88eb-b267b3947ffa, 3919 
265034 f336a9d3-2367-42c5-acbf-7bd26511cbaf, 3919 
323595 b380cd83-14b5-4ec5-90df-2e82e9c2dc35, 3919 
55252 0552f15d-b20c-488d-86b4-534970fafadd, 3919 
68376 d5fe9ef4-1630-4d2d-b560-bac5da44e545, 8505 
31563 7cbfbe88-46c6-483f-abee-b6195f5a8061, 3919 
215337 e886c250-0afc-454c-abfa-ec3ca4e8aaed, 3919 
88321 4a4df90f-6afa-4858-8223-f10e32cab8c2, 3919 
136812 a33d3cf8-462b-4689-90b4-f8f44adb3751, 3919 
241824 3690fe58-07fb-467c-bcb1-84d69ffa5661, 3919 
131385 c1f5f348-1eb4-457a-938e-fcdf94539c9a, 3919 
391219 f2829ffe-7268-4e96-ac45-f928f6050d65, 3919 
137069 9c52dd62-b01b-4d1c-9fe0-0f7396c636e5, 8505 
132309 7462535b-22ef-4ed4-9969-db5bc285dd81, 3919 
156679 790acfc1-ef2e-469b-ba4a-410941193030, 3919 
115080 45d09dd4-e0cf-4cb0-a4df-4ed070e64cab, 3919 
46622 e859438c-2b76-499c-a6b3-498d6bb74d8a, 3919 
273249 9462fb85-8387-423d-b9d9-09b95b49855d, 3919 
8622 ac9d53ea-2cb4-4f78-900d-67c2222c050e, 3919 
312311 131083a6-7652-466f-93a1-b198634b97e4, 3919 
211974 0c6ac87a-d403-4d21-ada2-922d41cd1097, 3919 
121489 7a3209e7-cb51-4dc9-bfd9-257fb2232e9b, 3919 
359686 faa72785-a324-486b-96df-7bc12cf85053, 3919 
265982 a41fcc5b-5537-4b03-bcc8-44c83ebaa184, 3919 
285382 b3f30809-de95-4642-9787-0dd9a5ef79ad, 3919 
244239 1aa26452-67df-4be6-acce-c668d5dda782, 3919 
85306 147db597-ff49-403f-8bf0-1b978d27418d, 8505 
204361 df8d7f1c-3897-45fa-a137-d8a69e0a0df7, 8505 
382346 ab7ab43e-16e2-4474-9576-5f3ce6f603d2, 3919 
365097 c6ea4e8e-2b4a-489e-9609-2ae2690c87b6, 3919 
44097 792aff7f-1620-43f5-8fec-7edcb2f7e659, 3919 
146648 d06b862d-aa4e-4997-b350-53c2cf9307e1, 3919 
255793 c963b2d9-99fb-4d1b-8b74-cec1d4a33102, 3919 
88243 a191aaef-8afc-48f4-85f2-407708871e0b, 8505 
20314 7e32c69d-c224-4acc-97e8-6442e8957e10, 3919 
359085 c7b42d54-c0a8-420a-aae5-1d0fa1429bad, 8505 
328433 bb846bea-3aff-4bac-85bf-9a05ded15073, 3919 
223388 b4fc0cad-9ef5-49f4-ab14-cd9981fd2f5c, 3919 
224151 49caec84-44e4-4971-82e1-1ad3cd08ae3c, 3919 
225506 309b1cdf-2890-4593-a7fb-60e1ce669965, 3919 
337092 57567e9a-62f3-41fb-bcd9-6e6f27fab4cd, 8505 
222187 99af7a86-fcc1-4431-a3b4-3ff651f82b56, 3919 
44559 30d69512-73e0-4400-8e50-6d395acf9d7d, 8505 
126069 158ce55c-fbbc-4951-af37-1b7fde0f0711, 3919 
399223 3ae6255b-a774-4085-97f1-4ae976e9d899, 3919 
153547 42596287-1719-4cd6-9330-b77bef55059b, 8505 
264539 bcaa5c24-48ee-4a92-a22a-9d5893e84770, 3919 
187948 a2d8afaf-52b2-466b-957f-eed8a3c4a2a7, 3919 
402247 b12a683c-4847-4fa6-9e71-3b33badf9d0b, 8505 
111266 81ae8eeb-a4b6-4074-83d9-42ddc91f22ab, 8505 
16744 364ebdf5-68e5-448d-bd2c-f577e118895c, 3919 
328935 da5ccce2-982e-4358-b880-d8c58a84f0ba, 8505 
40829 2028e155-16a0-44d4-a86b-063f95494916, 3919 
71548 ea0e5810-a0a0-452d-b4a4-3d18bbd4f731, 8505 
309161 e22ac0c3-30c3-42c6-af73-089efd7cba58, 3919 
59205 f607a4fb-57bf-40c8-b003-6d7a2fd38b81, 3919 
319449 222fe182-e88f-480f-bf6c-fc6eff63548d, 8505 
14443 5bb223f0-a603-46c7-af0f-3165ee6d025e, 8505 
280241 a748d016-b332-4cd3-8244-8fc2410751e2, 3919 
187064 27750940-5dfe-4d93-a46f-78203f378c98, 3919 
3492 3fdd136a-6bc5-4558-8b7a-dc4a2ab970cc, 3919 
120028 0309586e-014f-4b7e-a1c2-b7ccfffef491, 3919 
5957 6433eb21-d938-4161-96cd-b3f9792ea8ef, 8505 
334164 76d30091-ee02-43fa-afda-b3718accecf3, 8505 
298550 e9b60e49-76cb-48b7-98af-0f5f7921a816, 3919 
28309 6a51779d-85c4-4a3b-936b-8639d9a293bf, 8505 
251035 d6b58f1d-d356-440b-83ba-f14fe3ff2e63, 3919 
380821 a601e2cf-0df8-4849-9d41-e6ca7ddf27a9, 3919 
326307 a415942f-62f9-454f-ba5a-c58ef70f0ad0, 8505 
369913 c12b2fc7-cae7-4914-9882-890088147c2e, 3919 
144134 0af3ee7b-a0ab-4ee3-9e39-c9558bb006eb, 3919 
367811 b3d96bcc-a4dc-4d58-82b7-b365c21ca259, 8505 
102279 5b79c379-5de6-44b2-91ad-6f00f4cdc508, 8505 
348162 b4c3ac5a-1530-4cd1-a76d-d921c4bf975a, 3919 
16350 6cab5682-77ea-40b1-a2f5-a9f7309c00e4, 8505 
83023 f2daf7a2-2ef0-44c0-9ddb-2c581d3e7098, 3919 
206698 7e95c74e-1841-408f-b90f-811f9344db17, 8505 
229302 9e596a25-a289-4779-9db2-d367afc09618, 3919 
311600 a8b01eef-edbd-4af9-a818-04a13b342442, 8505 
282609 012153bb-14b9-46c8-95bb-8ad2750b5e3a, 3919 
190134 0d69d9c3-822c-4823-8287-3efd73067253, 8505 
125461 3127cb51-9588-4180-8bea-2eb490cdbee1, 3919 
47098 82ae1c9a-3af4-4615-9daf-55961568f690, 8505 
241885 2e5e76b7-e3dc-434f-9e71-515bae0a8941, 3919 
196070 f7831045-0424-47a9-904e-8f2f6f0b2274, 3919 
98501 6fdf879e-01e5-4d27-ae6a-a3df07531b6f, 8505 
285306 d687d1a3-df9a-423a-88a9-12cb04fc5eae, 3919 
235631 db78b4ba-4abe-4081-8abd-4dd83a84022d, 8505 
245001 0a4380e8-e714-43d4-aa82-1e1d2739e794, 8505 
397706 851656f7-2ec8-47c1-bef1-0642938506b0, 3919 
105225 a16182c3-3a82-49a8-ab1f-2dc050c368f7, 3919 
138440 7ab2a304-1da5-45c0-9401-dfc8ed635da9, 3919 
205789 11da7369-1b37-42af-97db-9efcf60ba3d8, 3919 
160997 a7e4d3d6-0c66-49db-af63-9285de166d63, 3919 
357577 5e996f07-5037-4840-a7be-c453c0038ca7, 3919 
319135 95153bfc-c6e8-423d-b3b1-196f5e9d5617, 3919 
28308 03d9ee74-8d18-42f0-8a70-b3d0bd6ce493, 8505 
356852 184d92f2-ff39-4f82-825a-1c93510d2941, 8505 
374900 a8a618b6-3a1b-4595-9c41-e5453de57da2, 3919 
128497 33a1359d-7124-4115-950c-df9d701b08dc, 8505 
93588 5bac1713-e297-48b3-9f50-9c886d8fded2, 3919 
330784 3b4292a0-2beb-4505-9196-b9d7376123f3, 3919 
371510 33447c96-0f1f-4d07-bd3a-eee3732c8587, 8505 
305275 b40de5ed-8802-4eff-8eb0-43719b9930a0, 8505 
350209 3c51058d-44f8-459b-b56e-a95275d5360e, 3919 
192603 ad48bcfe-0eef-4267-8ebf-99125f70fd5b, 3919 
134423 10cd1050-11a3-4e1d-99ae-a5a221660f1b, 3919 
56407 c0ccf57f-578f-4a8d-b691-5d2a6305908b, 3919 
367932 ec9179ba-5d25-4de5-ab11-68f1b18b005c, 8505 
353532 10b13aa3-e610-4175-9bb4-59a2d234c12d, 3919 
366876 de28b1e3-56b6-48f2-9369-630f29fb90fd, 3919 
378978 a90030b2-2e1b-4e0f-b319-6bcd7f214506, 3919 
327858 b831c3dd-64ee-4121-b8c8-4615e91bd879, 3919 
19805 bdffbbb1-035b-4236-b41a-c214e5f0c123, 8505 
38011 627f1595-4a1a-4aa2-8ac6-eb96a07024c3, 3919 
170798 23623d99-e3a1-480f-8a2e-5c16c90d7f23, 3919 
22394 a3a8f73c-6c78-4a1a-8357-f19f34f12e13, 3919 
260873 c465264d-50cc-4371-8815-759a4ff4812c, 3919 
219283 ad43ba93-0f60-47dc-a50b-079f1d3e9e51, 8505 
306882 3e5c016f-3913-49f2-a7a9-27f6c8d8a7fc, 3919 
400203 e14b0146-955f-4f04-b075-2ca58ac3091d, 3919 
341911 b142d669-bbf4-4701-af05-039c89c96f9c, 3919 
203614 1ee1835f-15f5-4bff-94f6-e14e897d727c, 3919 
69220 838f36c9-15de-4c1d-a14d-8b76b09f4887, 3919 
214160 d37d8379-0b32-4c98-b380-506d4c9fe3d4, 8505 
307252 78121d5c-0783-44dd-8584-47ad738e25cf, 3919 
398307 c8f8fb72-cd71-46ab-87a4-4acf9f3b31d7, 3919 
279676 2c2a1cb9-ddd1-4cde-9947-53fcc1b37ffc, 3919 
357288 aa1f7f26-267a-4184-9b82-3fa67119a576, 8505 
338809 91352d26-d4d9-4401-829c-2209b348b48f, 8505 
388748 f308f237-90db-40bf-8b45-cb89809645f7, 3919 
335783 a9ee678f-7496-42f1-bbb0-9a56857fc823, 3919 
47868 7d36d76a-1f2f-4606-a74d-c2fc2e16c3f1, 3919 
139949 43da7345-601d-4640-afa3-47aab4d557eb, 8505 
48992 76625287-fbfa-48aa-b753-1781cdb3a097, 8505 
147942 4c4ae63a-d93b-4ff3-ab46-df066ab8e5c9, 3919 
65555 7cb37dde-95f2-4bfa-a306-6dd57d9b56ec, 8505 
218046 b19d4cab-8c5e-43a0-80a1-75d58ce08d09, 8505 
364340 004e4180-3f62-448a-9fcd-fc29bed28dcd, 8505 
226258 a8b5e96b-da9d-405a-ac5f-3b7e6c5eaeea, 3919 
274815 f0beb10d-bb24-46d6-9f11-4dbfeee55291, 8505 
64412 cbee1936-b930-4949-96bb-7ed675e44df9, 3919 
288792 06ce1493-7923-4aaa-9dda-af43d0e4dfec, 8505 
174454 79b8bcf6-dc46-44d8-9bed-a099325e6442, 8505 
117173 66286f78-7bf4-4013-8d99-ea445fb0ce6f, 3919 
197362 9b80ac51-f660-4f6e-9389-30afa60f336b, 3919 
76350 570c9592-db67-4211-b8f6-93e1690e946e, 8505 
73778 11cc3864-69c6-4490-bb9f-f55b49cf9feb, 3919 
73323 f18f511d-0205-4134-b3e5-8518ed58cbf0, 3919 
118073 af2d7ef8-6ec2-4ea8-ac35-690c3e661d33, 8505 
267852 bcfa67cf-efd4-4050-888b-acb89ec00ee9, 3919 
20052 9a65c90b-4dea-45ca-8f3b-6a720e2538da, 3919 
396461 a532059b-dab1-4ef3-8611-633588889db8, 3919 
162078 0b14b2cf-f3be-43ee-81aa-bd57b91913f1, 8505 
133892 76e861a4-f487-4f71-92b6-f3f82ace4633, 3919 
144190 044d4657-a226-4aeb-96c4-3225b324171e, 8505 
7830 e447f265-3e38-4a73-8b0e-7e90e134a7c7, 8505 
333425 001ea86d-cec2-47b8-890c-7af41bf15b31, 3919 
173816 3436b6d2-9e3c-4bc7-a8a4-0a3a866bf031, 3919 
172619 8463b776-b290-48fa-a5c7-03d08b515cfc, 3919 
287584 e22a00aa-f541-490f-8500-01eb280f1d0e, 3919 
291025 af2bb7aa-6266-450d-877e-dc75f7beee6a, 3919 
280065 4e277636-1716-4590-8aa1-7ff5d7f3e121, 3919 
307576 edd21aa5-cffd-4ca5-892d-907995a31b37, 3919 
221120 70e24937-3ba0-48ee-9444-6a5ee6304b42, 3919 
98768 e049078e-8b3d-4f38-9ec8-f055b883ee82, 3919 
42382 a41775e8-5d10-47ce-99ff-f45031cc17ce, 8505 
168281 40e3b326-ab26-4846-bb64-e621fcf8ded7, 3919 
142607 6b470542-7f78-4523-9fee-42c03fc6c6ff, 3919 
61417 b657964c-fe28-4ef4-bae8-24b23f6c51bb, 8505 
272346 3ba5ee3f-1e6b-4236-bcda-7dd006b58a47, 3919 
166860 1ebc8a4c-3aa5-46af-bc20-d5d78bccb959, 3919 
225499 7e69dd63-9637-4b85-8242-bae47355bd4e, 8505 
335131 bb8b2930-7667-446e-8d3d-2c75e781acb4, 8505 
111292 18ed26d4-9bf0-49ea-a4c4-15b77e3e303f, 3919 
168759 f48f59bc-4d9e-4117-85e9-8c361e6f34ac, 3919 
75753 9412d6b7-74f5-45d0-a4a4-e394115a9426, 3919 
127537 3a763295-646f-40da-b8a5-62be6796edbe, 3919 
198784 5b3ed07f-4200-4107-a114-5b41980f824f, 3919 
333316 29d45d52-fad1-4fa9-b488-63f21b729601, 8505 
69938 c8ad36c6-0980-4faf-9020-5705030b3f01, 8505 
320702 303819bf-1e91-4122-8728-de97d676e312, 3919 
322031 38bf00e9-e67b-4bc9-b2e9-ad098626d31d, 3919 
172513 8e8ca241-7e15-49d8-b2cb-03848e9468c1, 3919 
130098 a6e5ffc1-f1d4-46c4-a34b-f8c7109d1320, 8505 
41435 c9fcd0b2-ff23-4d57-97bc-709611d0f1e5, 8505 
278100 3cccb33b-6514-4f91-a993-3d2672f1f904, 3919 
143860 68936870-c458-47c8-94fd-65086a10c7d9, 8505 
345960 36800e62-c93a-422c-bd7e-cc0a4645714b, 3919 
124456 1fca52dc-fd4b-40cf-8849-6a9004f641fe, 8505 
235568 d10a9fdd-8de3-4e08-a937-b1e37453deab, 8505 
321339 78f907dc-749a-4d8b-877c-88ee93fe432a, 3919 
8360 8af72133-6b16-4456-9376-2a34019016eb, 3919 
9220 a9fd3fcd-d17a-428a-bf90-b36e85ebec6a, 3919 
318302 acc32546-285c-4dd4-8952-607bf00af25b, 3919 
269134 3d4f4e47-157c-42af-acb5-60cb9f506486, 3919 
155585 3a63ab29-d236-41e4-95c4-c077a0e4a250, 3919 
219346 dac0b6fc-8854-4d24-b822-1f203b7c9cb7, 3919 
210670 b3fa87f5-2819-4356-9065-56298fa6c031, 8505 
274573 21c3623b-d89a-4494-89f0-aa04260eaa9d, 8505 
313293 122fbaff-360d-4f25-a939-85fb4a2feda4, 8505 
8479 0f2891e6-ee46-4736-9b0c-d391d9f11266, 8505 
304014 fbc42045-930a-4cf1-aebd-28d7f3e34ddb, 3919 
121632 0a3629eb-9153-4b3e-821d-e2556d86b201, 8505 
121929 d50632df-4819-4632-a400-a858f0c1821d, 8505 
131129 8f0e021f-aec1-4915-8fb8-ec9c7fe89598, 8505 
204613 fb3dc2e8-e086-4045-9f19-390ce95c2126, 3919 
342707 6357a1a9-0326-4f8d-aefd-21681fa5f523, 3919 
55146 5a5120aa-278a-451f-9d2a-7d1cbb6373e4, 3919 
146913 8ff51a0c-8623-43a5-a989-3008a979788d, 3919 
214487 91128ad6-b58d-4531-96cb-68fa26b9fb57, 3919 
22989 09b24f70-97a6-45c6-97c1-f2a1d37ed54b, 8505 
283630 1ddf7e03-fb46-4d44-a606-57db333367b8, 8505 
16556 7847cc2e-b213-4209-9bf8-e174c6d9d8dc, 3919 
34680 67b54768-fa68-48a0-8819-d2ee626798bc, 3919 
120058 92357451-bfe6-429d-9d80-1578f448ce89, 8505 
286191 a23db582-2b0d-4105-91cd-04a5d2b16461, 8505 
184930 e81806e9-22dc-4134-bada-d444daca31a6, 8505 
210955 41335597-88f4-4951-afa8-7e6a2e1b7443, 3919 
369130 280af900-3b82-4f19-818a-0d59c59bb206, 3919 
307962 c4ed4a28-2baa-424d-a518-1ef0b53d93b8, 3919 
321341 ad7a7f3f-5fd9-4ac6-94df-40ecb22c923d, 3919 
60018 c67fa197-c300-48c5-8f0a-0211834cb764, 3919 
168448 d56c4a27-49ba-4e5e-b9e3-41ed5c225d9a, 3919 
361525 f346f577-9eb7-4317-b7f8-2e199b8dcc35, 3919 
101595 be4a3559-a1e0-4e24-b14d-9c5023276f28, 3919 
392797 a87e66bf-fd52-4952-ae6b-1178fdf3ae58, 8505 
84805 5b01fe92-f062-48d1-9934-7433b94aa79f, 3919 
327206 1986fbf4-e06f-41c6-8162-6bc5e0c9aa57, 3919 
122011 a2264a74-9f37-415b-b0d5-84d5c131dfb2, 3919 
256300 27b4be55-dbe4-4d12-8261-47bde9d6d48b, 3919 
51688 b4ca3572-ae4b-4587-89e1-1c15ad6e3568, 3919 
170833 a3288bf2-e664-4833-87b7-6e9607306c7d, 3919 
218255 7a0c55e2-4673-4cd7-b572-6297ad5a9de9, 3919 
178345 59f0ae4f-8a26-40ee-ac48-a91fc11181d2, 3919 
270422 430604fb-1cb1-4d6e-b919-cb34adb89381, 3919 
310227 4475153b-c5b2-4a93-ba33-36b32bbfe4ad, 3919 
373242 42adc968-060d-4d84-b337-13c0bfe87e1a, 3919 
271641 d6936038-1208-4120-acfe-0dd7b0b351ed, 8505 
265925 3d26825e-a88e-47fe-ab92-6f90f315adb1, 3919 
344825 57034e9e-0868-4a4d-9050-36d52beb8082, 3919 
226235 fe2f92c1-1ff2-4ad1-bbff-2252b84ebc35, 3919 
212120 f46e3d2f-87a9-4f4d-9f52-31ee57846f47, 3919 
51892 e899cd33-ff29-41be-bc80-9ad5490449ff, 8505 
385513 2d78dc35-669d-4662-b5ed-d602c3d9c2d1, 8505 
97767 78d60f98-df46-4385-94fb-40b303780903, 3919 
76328 6401c24a-5d9b-435d-ab74-62499b3d662b, 3919 
89343 469e70dc-923d-4dce-b1be-99ff0dde0e1f, 8505 
53077 544d58e1-4817-4b21-a0bf-2df60c145f61, 8505 
170196 fc32a816-6cb9-4ab2-830e-8ae7c9e41d5b, 3919 
36930 22223336-e3dd-4ada-afa6-12cc92e9f454, 3919 
155148 7714e721-1224-4ba9-9d60-c54b9d3aa3f3, 3919 
262841 249925a0-3aec-4bfd-a096-5f0f9672cc15, 8505 
73146 ecdd7719-0bbe-47c8-8d00-55897aaa9892, 3919 
120939 682d7921-878e-4899-9b3f-f92fd9918455, 8505 
119202 4285e023-fb92-464c-bfef-5e71c1936ef5, 8505 
375150 ae72d743-0105-43a1-b1d2-7b60f75d9e5f, 8505 
323903 d218bd91-0fdc-4f18-934c-d7545129ef8a, 3919 
255929 44770459-fe3e-41e2-a4ad-5a8c3647c825, 3919 
27950 55a9ca43-a3ac-491e-b743-7867dfac7b86, 8505 
116543 b30c93b6-5b99-4d07-80d8-4f2d818485d1, 8505 
165439 bddae2ba-cbe1-4e0e-8986-91e3e3c08c9f, 3919 
144411 beec72b8-fe8f-4f4d-9683-6db6b61173cf, 3919 
114763 8e456065-2c55-4795-8224-43603eab1eee, 8505 
101660 bcd31529-d4bd-4ab2-8b71-193e816dd147, 8505 
65957 2dc30443-5758-4297-a863-528162a8922a, 3919 
16065 09b0d8d3-e458-4130-958d-6e161b6da86b, 3919 
189100 22ba4de2-7a47-489c-a30e-e6ebd26236c4, 8505 
241055 e2ba4aa5-0a9f-458d-9f44-d727e60dbfa3, 3919 
308543 f57b8786-1461-4ed0-8a2e-6d04e1e7bceb, 3919 
267032 ffb86f7c-10b7-4c9c-939c-661cdb125d1f, 3919 
91650 f8dcf341-6004-47d8-a608-b03c57445ca4, 3919 
366555 63140ff0-22ee-4533-982c-6b490fd07f80, 3919 
252256 20c5917b-ae2b-4fe4-b2bc-e1abe6a3a03a, 3919 
203279 822dffe6-d50b-4577-a6cd-f49fe2ca6e0c, 3919 
288054 e06de133-c410-4258-a8cb-a07536a2366e, 3919 
175312 b9fb7f0b-adff-4b34-8beb-aed21bdb3e84, 8505 
311376 792a670c-bee4-49eb-b52f-876680b460ad, 3919 
181886 dec1aa6d-942a-4bac-8910-0faf3f8ccf43, 8505 
356219 ed7fb3d3-ecad-448c-af4f-11b1ebdc005d, 3919 
403210 e1723bc2-2f71-4370-bc0d-61c5e8be7784, 3919 
138986 a1a660f4-a7ae-450a-8166-bf459d579893, 8505 
295080 43e59f02-408f-4472-9d91-0e9d5fe3f0c9, 8505 
194063 2460ec52-a223-4a7b-a05e-e89f06b97953, 3919 
384398 8fbdead8-50eb-44cc-a29c-cd2ac0c4df4b, 3919 
60480 63e6f25a-32b6-4005-964a-fed402e139f7, 3919 
24516 1553c2f5-3573-4a89-9309-8ea2e82000e8, 8505 
150375 f451e810-4e45-464e-b813-551bd4136ef5, 3919 
259351 667c78ec-81ca-4082-aa43-3c905c535847, 3919 
104185 7c761f85-e27a-4549-b01b-0a123be28397, 3919 
200955 6a94b30b-1fe5-4343-99a3-3e287f012c63, 3919 
50539 52eaba94-d5b2-4f20-b5b6-888a1eadfac5, 8505 
345220 bc9af5e5-c248-4811-97b3-69a213628970, 3919 
371652 ab162650-ccf2-4b7d-a83d-eeb790bcdba8, 8505 
95326 fa2f56a9-200c-4844-bb4b-14dba960f6df, 3919 
179786 62bb7eb0-a42b-4e63-b050-3d8a5d2d7301, 3919 
214901 0898ef5d-f8b0-4811-a9c7-2cd27c25c10b, 3919 
33832 ceaaa5e7-1162-4629-8ceb-df20fbf1b75d, 3919 
378651 0a13df04-cbf9-4f9d-b45e-f1a2d98ceb4d, 8505 
301443 f4b3f586-d9c7-4162-af74-638f8e57face, 3919 
162783 afc9d6a3-c00d-44ed-b807-bcbdd38632a3, 3919 
301816 ed175a89-5077-4a90-8635-7b044f605680, 8505 
182375 d23b0ef4-d6ae-401c-8eb1-4033d0bd5a6d, 8505 
275144 430fbbac-c7e0-4a51-bce4-fc1172226ce0, 8505 
54455 edb5e63b-6f6a-47f4-a588-dd0d3950296b, 3919 
327371 01c3d0c1-d02e-4813-9c43-e70d31e13532, 3919 
210493 281d61be-5c53-4041-9894-c03006be2ed2, 8505 
277612 3a3b73f8-2528-48c1-94ee-68b41456fb4d, 3919 
71626 c9cfeaca-192a-417a-b818-142843271938, 3919 
306621 1b7b1993-a9f4-4462-80de-2f93f7051570, 3919 
171221 b997decc-52e7-4b5a-b790-eb46f074574f, 8505 
100191 8f21c263-0a65-4cc2-b820-b0b3d3ad825d, 8505 
63993 88f8efef-0154-4a79-9006-4ec8ed7d7f1b, 3919 
323368 60209fc0-04e2-49e3-8df9-539f61d985ea, 3919 
227513 f1d0434e-42d9-4124-885c-c189d533e025, 3919 
336617 d7f74fef-0c38-4e51-a719-df4a6c57f6bd, 8505 
108308 5619cdcf-fcf0-41c4-a166-5beef1c575e9, 3919 
169877 21682194-c66d-42ba-a2ea-a9bf28e0f5d8, 3919 
364298 bdbb5ab5-babc-43e9-87e4-d9897645875e, 3919 
334619 6baebe80-4641-4dd1-936a-692a33a62d5d, 3919 
253481 1e2adddb-a581-4a63-a401-6e3b197bc57f, 8505 
269839 887570a5-161f-44d0-acad-2f62997866b7, 8505 
158642 3d7c6ab3-35e5-4c91-96a6-bcb39511dbb7, 3919 
207654 86e18496-c73c-490c-8999-818466ea3085, 8505 
116754 4e9d378a-fde9-43bc-b782-7b1b3634cdb7, 3919 
72252 1188c8a4-c63a-4929-95c8-b44033c102e6, 3919 
36535 d21e2732-7aa8-4252-80c2-eec8729299c6, 8505 
242723 3f5969b6-40d4-49d8-a7d5-5a854fe9d548, 3919 
281843 3601b335-3795-4016-9f32-b7873f9e450f, 8505 
277423 c5edc8ae-1b37-4e82-886c-6f3bc91ee44a, 3919 
149571 124c6f11-ccc2-4554-9cf9-c39b8b48312d, 3919 
195909 c68e8f81-ffa0-4405-9c9c-8c16c9201606, 3919 
60291 cb748728-55bc-4b5d-9cce-b9b897ffaf6f, 3919 
54075 8d301d0b-bf05-49d6-a126-eb2841a93900, 8505 
385704 4c59b107-cbf4-4557-a577-90b4951498d5, 8505 
114143 d865b842-068d-491f-af54-9cae642f463f, 8505 
5941 32e8211e-9717-4556-a9c3-1053c331d1cd, 3919 
109505 f9f7e511-ebc6-4899-b41d-abe0e7489988, 3919 
233865 2d97121f-634a-4765-b80e-ccb4b3bde2e2, 8505 
204160 58d4b476-e49d-4d65-9370-dc2ed5883a84, 8505 
401896 3845ad31-af07-42dc-8268-13c1eb27aaf5, 3919 
396351 4d42fc2b-4cd7-4b09-98ab-d6eeb92769c2, 3919 
267510 683599c7-1038-49db-9529-7ea4640095d0, 8505 
198328 c4dfb842-aa6a-4ebb-a0a0-7389b6a08e51, 8505 
39082 1aaaea51-b0a7-43bf-b3cc-f220cba4372a, 3919 
7897 7b0a049b-e26c-4ad9-b5bb-1dc4a37a3c23, 8505 
214309 b4d2badb-8dd1-42b1-a5ef-2806325cb72c, 8505 
216312 5941638f-7f01-4114-90da-bf645fb9a053, 8505 
108259 e38c52e7-e2ac-4ef6-924a-54f9150a262d, 3919 
91270 9bf65f82-e4fa-4934-a10e-a75161c92baf, 8505 
97471 a5a5470e-d89f-47fe-9c95-a8b8d4630def, 8505 
201098 ff0a4b55-ed02-4960-909c-a065c279a48f, 3919 
228684 76eb2dc0-ebfa-47a3-9f60-2c5af676c7c1, 3919 
191927 9d39edfd-9d45-42a2-a082-e35503951b98, 8505 
191363 6f8b7b54-814e-4da7-beaf-92da41049f60, 3919 
352548 6d8f038c-315d-4859-9d11-3920b32dde5c, 3919 
36364 2928a25d-53bb-4fe1-94f2-c83748a57d24, 3919 
177987 dec70515-a017-4aec-8c91-0a09bafc8a7e, 8505 
330242 01860f30-bf48-487a-bc26-28008f63e268, 3919 
132134 e46ee922-1e1f-48be-954c-376103a95390, 8505 
200105 a13154a6-4c63-4075-b47e-562d2ccbbffc, 8505 
56551 99d465c1-62ce-43e8-a968-03b0a6c91150, 3919 
206620 63c94b10-190e-4a18-833c-359a844cf0d0, 8505 
32847 10549746-64a5-4b52-b7f3-dc437eb3893c, 8505 
40840 2d4f6a08-9152-46b9-a06e-633601e595a6, 8505 
362562 2d3e63b7-a887-4e04-9ccf-1d49641c7194, 8505 
100966 83e2fa43-c9ed-45d6-9fdc-2518577803d5, 3919 
146746 ace95972-ae0b-4277-8623-08ef819bd123, 3919 
29226 741a4f0a-6e24-4d4c-b02c-b0d13e02edcf, 3919 
236807 df5760b7-fa19-4846-811e-b4b4e94cfdc4, 8505 
117421 23840c67-5883-4a53-be73-a00625258de3, 8505 
399564 12687bf9-13c2-4170-ba46-825818fd4c27, 3919 
314502 8b39919e-3a00-4052-9686-e5d897efcc38, 8505 
377326 a0f1789b-f9a2-471c-b862-5244c09fb7aa, 8505 
87893 a5c3d2b8-b5da-4865-89f7-8692bf88d7a4, 3919 
22248 bc8a101e-343d-4ce2-bb6f-87c4cec6a982, 3919 
181373 ede09437-905b-43dc-9b12-1cdf88ccb99e, 8505 
140690 e1f29fe0-ea11-41a0-a88a-abc34585cb26, 3919 
68344 3a59c836-6585-4a4a-9a17-d9af17ed6381, 8505 
26461 adaf026d-b7cc-4e76-bbbe-e6ad7f484411, 3919 
329591 ba9b468c-5a71-4eeb-8e97-88238323bb6d, 3919 
25832 f7689438-7912-4a91-b65f-730ba35d6148, 8505 
341329 d297053c-0a5f-43fb-b071-01d2ed641ac1, 8505 
221221 87273c16-d728-4b61-8075-995f6896ac56, 3919 
73454 9b611883-e5d8-430e-9225-3d0ff49e93ae, 3919 
385778 76c8a51a-a9e0-4b40-847c-a2e654011c3d, 3919 
24128 64bdca77-cc03-42dd-8585-46932e3b4a16, 8505 
269567 5335287c-629f-4738-b92d-11fa51366ea8, 8505 
328727 751cfb95-de2b-4e6f-a7a2-425db398e54e, 8505 
37082 47791d5d-a47e-401c-913f-352aab696e7c, 3919 
248633 69a4dea4-6947-49eb-ae1b-26de1de42f7e, 3919 
488 4ef4228c-87f6-4683-8063-9756fc280f50, 8505 
120974 9fbe757d-c47c-4488-824a-540a4fde7f1f, 3919 
47578 bce012c3-7450-4519-ae83-0bc820d45896, 8505 
353633 ce1579ba-ea06-416b-a607-f85a486e30c1, 3919 
215923 93a63bd9-426f-46d0-ad8c-7c22e6b86ae4, 3919 
253106 80c6fe17-c090-4bb5-900e-21c52ad3f2b8, 3919 
382317 acc315e3-f104-40f9-a30e-6848a9723df5, 8505 
66967 f4df9231-3b7c-4080-b48d-377a6d717f50, 3919 
213012 84da9ae8-5bbc-4e43-91e5-eaf66fefd786, 3919 
45327 da959440-16b1-4e70-b293-4eb31cd91fb5, 3919 
218623 c890e8b4-6fcb-491b-9032-ea003debec5d, 3919 
75149 029279e9-c15d-4b80-a4e8-78b8be3b52f8, 8505 
96929 6cc56244-93a3-47c7-b747-83ee9d2a021c, 3919 
353139 94fd73ee-7c4c-45a5-9448-41f5bbf3195f, 3919 
184009 8eefd92b-fe8e-4894-8a09-332f01e7ae0d, 3919 
270013 1b70adc5-b316-4a98-9cce-6efef8b888f4, 3919 
362878 eaf9cc04-1bab-49e0-826a-8e70cf84bc94, 3919 
186591 2dba80a4-0ccb-431e-8130-e835c931ff31, 3919 
402773 6c0162a5-0c13-418c-9814-92c30300862f, 8505 
172398 acc4cbef-0ad2-4404-ad9d-860f7a1e55e2, 8505 
312800 bdb32adc-3d0f-46eb-a3f8-19c07b74cc76, 3919 
203245 a831b0b0-51cc-4a0a-895f-2b1c6d1c0735, 8505 
236769 60f53472-93d5-4d09-b344-24eb40e70dbb, 8505 
186226 3de565b3-de4d-43cd-999c-594c1de06916, 3919 
342097 ef732e58-bdea-41ca-ac1f-098827bef963, 3919 
349524 6549cf70-68a2-4327-afeb-37e04b857304, 3919 
40578 08784c6e-e6e6-4d4c-a15d-6ba4579b123b, 3919 
337877 c37032c5-75b7-4188-9d1e-9287a68946df, 8505 
280552 f8fecabe-3900-4402-a785-2f5c9860ab5a, 8505 
163994 49f0979c-e196-4347-8406-12522afd645f, 3919 
300533 c646fcbe-4ddd-44d2-b454-1775828f6658, 8505 
210283 3b947e9d-9467-474b-b8c8-983e4df0338b, 3919 
63284 3df2279b-0e45-475a-81ea-59908b52489d, 3919 
45360 4237c72b-8820-4b94-be37-c49a845f69e2, 8505 
83850 f13c2669-701f-4d24-bdd1-e3a4db1c9b58, 3919 
339935 f1c47425-4a05-4729-a6d8-0876e00ea1fd, 8505 
75575 af34863a-a827-43fb-bda1-46d830bd5445, 3919 
362669 3a53338c-2345-438f-bafa-1c941d870a30, 3919 
172940 c734eb5d-bb2a-4419-a5a2-23804080eb8d, 3919 
328495 032917bf-f678-4e98-bbb9-7cdef73ed415, 3919 
57839 88db8ade-8589-4c42-afed-f1d772314190, 3919 
91836 eae0aa25-6540-426b-a89c-7af32ecbc913, 3919 
394600 ba9dfd58-8d50-4c11-a91d-a9776b410bdb, 3919 
7552 6f9f8e6c-ac34-4a12-ae44-aa7a3136e8f1, 8505 
85249 cc16f18e-4155-4521-b5bf-a0d52af1f7e0, 8505 
17306 ce3b6329-1e5d-442d-b405-bcd0336deb41, 3919 
12165 59bd3ec0-c5d9-474b-a234-dc2f85a28b0c, 3919 
147204 75b994f8-4af5-4975-a9ff-3bf00b6e199d, 3919 
146986 c23d1aa3-2781-44e5-9679-7d2bb4915ea0, 3919 
180799 dfa71838-b6ee-4113-89f5-612f8b1fd93d, 8505 
111296 c4d2c3a3-d7e7-4507-98f0-2bd549336da6, 3919 
397437 c6ff1dc5-afbc-4473-8133-8dbde4446e13, 3919 
19555 0c15b1d7-eaca-436e-972a-165274c04534, 8505 
336033 cab56780-9995-4281-8bf7-51c98c17e2fc, 8505 
116302 6ee12f52-8f78-496f-b2a5-fa7cc380141e, 3919 
119604 2e5f028d-09e5-4cbc-bedb-b75e82aac7ff, 8505 
302105 9ec3fed6-e478-4f2f-9ea9-8b3fffba5bdb, 3919 
207453 b7c736a8-5aea-41f8-b957-9aee7dd70bc4, 3919 
200109 7612fffa-0569-40bb-8b3d-5aa12ad43286, 8505 
321840 f02fec81-bf1d-4442-bd94-c79a21ae0bbb, 3919 
347316 269cbb4c-f977-4a56-acd6-aa23c33dc186, 3919 
218900 aa1df198-d166-4084-99ee-2397f76fadb3, 8505 
17117 be49df7f-9505-4340-849d-91fd965f8337, 8505 
7495 f58c1037-264a-4b0d-84ac-8c1478602624, 8505 
184344 48439d44-294c-4c99-b2a0-1078d49d3e93, 8505 
95213 ba1ca22e-02e1-4dfa-9f0c-5aa6664dcc51, 3919 
355915 b2f83158-9577-45ba-add4-3a6cf025ff59, 3919 
347314 61761897-0bac-4a15-b92f-dde1f3f08264, 8505 
320467 bf31caa3-bab7-463f-8c53-ee76e7985e01, 8505 
107480 8e093fde-7e86-4249-a7af-f03a3a0ccde1, 8505 
60690 81b50c9c-f669-4af0-9f72-26088f6f4f80, 3919 
238339 21f2a498-5f73-4ff4-b613-86e6ce87cdc4, 3919 
169919 4c5cd0e3-180d-4b4c-a7f0-f5986b525eae, 3919 
392836 979b7977-8f72-4fcb-a48b-ce338f14bd30, 8505 
254474 5bb2f179-3f39-4716-a3d7-ef21e5978b05, 8505 
324712 b25a6b5f-34d1-43dd-b47a-1599cb58c3cf, 3919 
227500 773c8e28-d20e-4866-84ef-5a2369ada4e1, 3919 
79965 5e9cb861-1ce7-4453-bbbc-adc71c25df69, 3919 
80627 8c281c86-60e9-418e-9648-f97f5a57239a, 8505 
222912 ce917b6a-e328-41a0-8bbf-034dfc92e5e4, 8505 
323012 c5b85224-6c59-4516-937f-93ace4da3c14, 3919 
356029 5a379322-18d3-44d5-b511-e517489f238c, 3919 
198454 3d0baea1-18ad-449f-8adb-d65d574a23dc, 3919 
186726 89a8bcba-d0cd-49e3-bfbc-2c48601c6f8a, 8505 
311399 f6d2f302-0c9e-498d-8a42-0f63731a56b0, 8505 
254749 98d0aff2-607c-4e23-b5c1-446a66c5818c, 8505 
374586 a04af79d-64bb-4fe9-91da-45d5fc92a105, 3919 
270958 006beebc-3672-43af-85f4-b69870fbc2cb, 3919 
217977 5f92dbdf-fcd6-4f5c-a2c7-87055328cea0, 3919 
301367 d91ba319-d228-4063-954f-1437eebd9e2b, 3919 
292434 536d43f0-9534-4d61-bceb-dcb6a7acd4fc, 8505 
276553 b4eb0682-9c9c-4150-90bd-92603426558b, 8505 
174343 2e2c0cd6-7bdd-4151-a177-5831f2928ce2, 3919 
134854 cca3c39a-652f-49ef-b499-9b048e952cab, 8505 
321669 0de082b7-144d-443a-bab7-6aced47b51cc, 3919 
190452 7c5455b1-a3c4-43e6-9bc6-8fb2ac7273f0, 3919 
82566 848a3aaf-f2ab-4e30-99f6-1e1a91378d67, 3919 
370167 4e6b9ab8-e2b5-432f-af52-e4c53f2e2f12, 8505 
298061 edbb22ac-f76b-45a9-8b50-dce3fd9ce28e, 3919 
155434 b7e07346-4226-4910-87b6-196283e31b50, 8505 
35794 41e7390a-0b58-4c09-a08b-2452de17d90a, 8505 
264800 3897578c-a835-4f54-ba0e-a9fcf4f62ab4, 3919 
358417 0b18ca81-a58c-4209-82af-a6efa57c0d5b, 3919 
258631 e1d89c6f-a8c3-4ec9-ab3b-66b4aa119a48, 3919 
389790 75bad723-a83a-412f-8deb-986c0f361acd, 3919 
265695 5fbf435b-598b-4e2c-a6ce-9b1edc8b7d2c, 3919 
188007 c8b707c1-e45c-4f16-aa69-8cceb8d2dcc0, 8505 
384768 c5f03b45-f551-40bc-bb70-f57f292f4926, 8505 
28151 41ed6810-5a73-481e-982c-b2b16bd4c9b5, 3919 
189386 de9eaeec-6101-46f1-9392-4bc7fb52e1c2, 8505 
324953 185f2345-e379-43c1-96d4-5e91d42e2418, 3919 
125850 5d90e6ba-7629-4910-b32d-570f49283166, 3919 
303298 bfad06b2-3f24-491b-9541-73856adb1a51, 3919 
138165 dac19b79-7ec3-40a5-bccf-b1277b1bea0f, 3919 
352661 1e86528d-a0c5-4634-a4ca-99901e2e2eb7, 3919 
350599 db89bbe3-712b-4ca4-83a1-6d3b85c1f3eb, 3919 
159873 f0dafb19-bc15-4661-a30e-9305a8541337, 8505 
158252 2677bcbc-f223-484f-b21d-8cf9606ca04e, 3919 
162601 06ab987b-73c5-4e31-8a46-142010518efe, 8505 
151641 8a145779-ea8d-4a64-9b7d-1381d0de1aaf, 8505 
169325 9f147255-4eff-4b68-adff-55f5fdcbe4a6, 8505 
136233 26ec763a-2f19-4631-b963-82a9cc899c53, 8505 
106221 d65c3341-b17d-4d94-bd20-a22c49fb767d, 3919 
317742 066a8bbc-5c46-4a4d-9edf-46afa23064c1, 8505 
166577 d391e6a0-aa1d-4d28-a5bc-966d2e9bef6e, 8505 
389129 2ef4bbe8-9b46-4d3d-af68-561a64457522, 3919 
41944 b862bbd4-4d33-43a8-95d6-4bc561d17a94, 8505 
367872 553dcd15-bcde-4d55-b54c-7d5918de5db4, 3919 
248289 4150de92-8419-4230-98e9-6610db4046d9, 8505 
398837 c5396feb-5f0c-4de9-9c64-db7d3f750336, 8505 
16872 b39fc4b3-64f0-460e-9547-2e22199d7843, 8505 
186272 c845cac4-2ff9-4e9f-b028-e436c53cd448, 3919 
374882 4886bf87-551e-4bd6-97bd-61b34ba35931, 3919 
255574 169fc7ee-cbe9-4082-9405-d49e8cc2d9e9, 3919 
232393 6e0a38dc-4931-4c58-b7a9-1547838c770c, 8505 
296951 f66ff00e-072c-4161-8d4f-bf0d021495ea, 3919 
237172 97ae0fd9-5f0d-4ab8-aec1-3049ccfbe235, 3919 
242439 3b7517c3-ccbc-4c9b-8249-1ac885bed45f, 3919 
82620 ad49ddf9-29b8-4ea6-849a-96f78a0b96da, 3919 
282113 ff897803-9231-42ff-a215-72fe7b7d98e0, 8505 
251176 3138cb5b-89e7-4dea-a24c-7ee755688ca3, 8505 
105453 538db606-1f1b-4a28-a816-21142c1ebfcb, 3919 
394467 a13e66f1-7b86-4b6c-a64c-82b11b69ef44, 8505 
377618 f3c92409-7375-4d70-bc61-0d883cc63d30, 3919 
116706 7a445a80-66c5-484c-b239-76f351d942b7, 8505 
249044 596a294f-67ce-4ac4-9267-8254468bc060, 3919 
307562 60dd2b3f-dc77-4e42-b0f1-ac2c612cee33, 3919 
207439 900e5beb-dfc4-480a-9ca5-4f827fafa3b8, 3919 
296282 be297e57-fe6e-4302-95a2-d691ffb73cdb, 8505 
110536 353acf27-7790-4da1-89f7-ff2f63b286c4, 3919 
262276 a06de6f5-ff84-49d5-bcc8-ca88f0ca7907, 3919 
26644 7f565d28-f9ea-4d7d-8e83-8e8e66e07db7, 8505 
22375 8fce21d1-56f1-4c3d-9ecb-1313a61eb45b, 3919 
144017 99148f57-8e9d-4685-879a-1d772fccbbe9, 8505 
95744 b69e690c-7caa-4de6-8419-9d871c3d8e18, 3919 
257489 b1cc4bc4-acc0-42f6-865f-651c8c66d22d, 3919 
172138 b504e8ba-3611-4b3d-91f8-ee95cf0838ea, 3919 
329417 33b52f97-6721-47ac-a2a9-91bad828d215, 3919 
279182 f054fca8-7ca6-48cf-b908-e7ec84e338ea, 3919 
366667 9b25cff1-a99b-4391-9896-af8c36ae391e, 3919 
314052 b617d5b2-51eb-4c69-876a-3c9ea8b259d2, 8505 
49797 d367ad46-ceba-4b15-9f3a-e2550613ae15, 8505 
73653 dfb9bc5f-950d-46ff-96c8-524985452fa6, 8505 
72925 806032bb-e985-4f47-bbb1-5d89ca0849c2, 3919 
54179 f1030102-43a1-4ce6-a18b-9117e12f687a, 8505 
56795 da8e123a-c9be-498c-89b8-01a036173b96, 3919 
194875 22d81178-cc03-4def-a8a6-38d1a268388d, 8505 
232592 7baa8ffd-01e1-43c5-a7ab-f7b0f61ea3cf, 3919 
401789 cb954c62-4f5e-4681-941e-e10b682f38e1, 3919 
37151 ee404e4f-d2fb-4590-bcc8-19d7279051a7, 8505 
293565 edde99f2-9bc8-44de-a2e0-7144d699c5bd, 3919 
332048 fef45c73-3862-4759-b6f7-bbaded62de7c, 3919 
29659 ab5f92e2-b67a-4b31-9fef-e7db9a70de63, 3919 
226012 bdff8c20-08c7-453a-902d-b1d5181f0ad4, 3919 
154238 3a041bb7-8b08-4ddb-bf28-b4d56cda31f3, 3919 
303259 1245ea35-947f-43db-9f21-db9b18b73d9d, 3919 
54200 4d013e54-042b-492c-90ec-5e1f18fe10d6, 3919 
90725 2693c7aa-88ec-4c62-8b5c-9b9f135dc6c4, 3919 
241374 83cab31a-fe6a-47dc-b7a3-721e29014959, 8505 
166923 1aac6d79-3ce5-4057-96ce-9e3bac923f05, 3919 
316174 0ea803c4-e54b-4fe6-869f-0027ceee2ca7, 3919 
308035 61da4f23-250a-4003-9709-447e5d633991, 8505 
43036 09f2efd1-667b-48a2-8d5a-dc133929613b, 3919 
252452 833b8c42-a237-42a6-9e96-0cf466f3958f, 3919 
394163 6f8f536e-65f3-477b-af42-0d3dfc284ddd, 3919 
63427 b9dc7490-6c9e-44c5-aca1-869457afe392, 3919 
141978 844e5907-72d9-4885-889a-561426bde20d, 3919 
247902 252b9669-b5eb-4e34-b071-9c30e324beee, 3919 
183402 5dedc1ff-e989-4400-95ed-d37dccc49166, 3919 
98995 c1e1c0b3-c5cf-4099-8c07-049854f1c52a, 3919 
265444 c7993434-346f-4ed8-aa9a-318852b3abd5, 3919 
152929 d9cfd5c0-46a7-492b-9baa-9c8c7a473617, 3919 
241656 072e5e18-ce73-483a-9b3e-50eb68ba7bbe, 8505 
161039 929c9b43-be7b-4200-b7e9-1e9c47581698, 3919 
119397 f501e70f-5fae-460f-8ff7-d7de1f1937e0, 3919 
140237 d74b0018-9dc3-48b2-8ea4-602dacb93f19, 3919 
313126 f6a9b34d-f676-4610-a80e-5362783cb7c0, 8505 
370792 4afc2845-be22-427f-a1f1-0bab2ffe6853, 8505 
238297 fa3ac209-1950-4d72-880d-8174c8037fc1, 3919 
395332 20df2a2f-9b56-442f-a0bc-989408b8d9f7, 3919 
360757 b2199c82-085b-4f8d-8e61-a9b6d023e0f1, 3919 
50157 8605178f-d5a0-4080-a186-8365313ffc1f, 8505 
139756 6ad81b77-243f-4c5a-abe9-0ed5d0c87a65, 8505 
253164 5b08c3bd-4355-4dd5-9593-8bbfcd6440fe, 8505 
339106 55a760e6-123d-457d-a0ed-79ab11f07b8e, 3919 
403637 4c7e8b3e-0882-4444-885d-20df027fd02b, 3919 
284948 35319cde-cf22-45c8-ae6d-4168820eb342, 3919 
126696 67bca64d-74e7-4ebb-ae79-a68a74eedcad, 8505 
218017 a3be7815-a17d-4231-8468-3350a96728de, 3919 
294664 38e0f8fc-7615-463b-b395-5fa44c374dd9, 8505 
66861 9109443d-fb7c-4d53-b982-00ead7e66a8a, 3919 
244211 d58f1ca2-b598-4497-b417-5ee9cbccd92b, 8505 
222811 22ba2686-e143-4cde-a2f4-a84a0ccdab7f, 3919 
218250 6590b735-dc17-4f6d-b396-1a7627df001f, 3919 
16396 4d40a455-dc89-4a35-b243-34c45d015c1e, 8505 
94974 834c2916-7c95-4fc1-87bb-60d26e7261dd, 3919 
391477 849a269a-a4c6-4198-b298-cdec3a6aaacf, 3919 
231798 4fc559af-887f-4e14-90fb-7a020a0900f0, 3919 
208297 204afc08-ad72-4133-8169-f36ae2458ba3, 8505 
319465 10efc062-6b62-4f8f-b0e8-48b6749a06a2, 3919 
380466 b301fc0d-e8ae-46cb-8a08-b5da32c15cc6, 3919 
145186 ffaa9c0b-adec-489c-a2e6-93775766accd, 8505 
227800 4d85dda6-ac8f-4b8c-b083-bf22141c426b, 3919 
390715 c9880772-23a8-4ac4-a6e4-914df4698df3, 3919 
22852 f0d2b100-b734-4a05-aa23-077a18376b46, 3919 
326457 a76b6df8-be63-4541-af74-824b4e3fd12d, 8505 
111944 44853ad5-5a5c-4d59-8b89-a9e52a03117f, 8505 
202577 f10d4abe-cd94-4a1f-9657-ffe5afd3026d, 3919 
200137 ae25abf1-2fc1-4157-be94-9d090fd150d2, 8505 
402277 28ae8601-1fd7-4546-bca9-369d0d5d69a9, 3919 
180698 bc24eb80-41e7-4f3d-a881-6bd5a52ca281, 8505 
320100 76365b03-3011-4dd8-b3f0-abce19793cfc, 8505 
194103 ef2e41b2-4060-4b30-a019-01e93b079d42, 8505 
32792 5ae051a1-b1e4-4fd4-8d84-f2ceb43927cc, 3919 
111636 101b8b1e-894f-47dd-9075-39ec83f96315, 3919 
226108 748826a7-9f08-4b10-a36d-be061609ec67, 3919 
162070 4446f0b1-e6c2-4e25-95a2-03f9c31eb7e1, 8505 
83377 77372f45-104d-4eec-92fe-8bff10b41f3b, 3919 
277483 09a109e0-58f7-4324-bfde-4acc6c175599, 3919 
215817 9ac6246d-7369-4978-a863-7c99852481a0, 8505 
209583 44b64342-2b0d-493a-b0df-14486f2819ae, 3919 
74762 2f14bee7-8ec5-4e74-96cc-df38c7afaa8e, 3919 
15749 09b574a0-22fd-4498-8949-d17adffca48a, 3919 
98505 4483423d-cb79-44f4-ac84-bf4209a748fb, 8505 
123905 eeb604df-2965-4e00-af11-f8d625a2cbef, 3919 
13775 fb23a5fc-fac1-461f-84e8-953da3fcad07, 3919 
235469 954c568f-170c-411f-967c-aa400ab84f65, 8505 
159024 c73cd3c3-59e3-4ae3-a831-744007580a17, 3919 
257561 6d66e43f-c3db-4e76-b865-3300ccd528ad, 8505 
232844 90e5de01-ae67-4247-bcca-338bb42db085, 8505 
19475 55842c04-81fc-4fed-b8ea-7bf9c75e41bb, 3919 
400680 f5572862-e59a-4782-9220-f14061aba9a8, 3919 
124430 b98eb9c1-d454-41b9-8fc2-9c59335b87fb, 3919 
131535 46900fba-81d4-44ea-9114-ed4c5086cae8, 3919 
230536 c05f108f-3086-46b6-9267-31cba3b5028a, 8505 
159518 cdea77dd-1f55-4af4-a1dd-ed641a317bd6, 8505 
321232 00539026-40ef-4f20-8d6d-0053f9456c84, 8505 
252891 2ef8e272-c989-4cd7-bc9d-01d818a67bee, 8505 
394746 4a42d591-c8d4-4dec-93c6-e56032016239, 3919 
249166 cc74f0aa-4d85-42ba-8d13-d6badeb5a05e, 3919 
214547 99a76f86-3463-4760-bed5-e55711ceb1c6, 3919 
276333 6a8bafa6-c146-4d60-adb5-79244e412746, 3919 
55021 7cfb4994-a5a3-4053-a361-e97629ab552f, 8505 
142543 a518daf0-439a-4f4a-82c8-9400b46cc2ee, 3919 
60709 5aed1e7e-d85e-46a9-98ed-ecd96f8d2bd8, 8505 
173446 a62702a9-9a89-4726-8efe-d439a40d0b52, 8505 
159037 fde823d8-6dfd-40cf-a6eb-606e765814db, 3919 
5581 ee1b3e10-f8e6-4b2e-a48f-7a0339be60ca, 3919 
127153 37776339-267b-40df-86a5-713e8ac54c74, 3919 
280212 ee110090-09fa-42c2-87d1-5763955b9c15, 3919 
375621 cff1b96e-285c-483b-a45a-ee6c361ae234, 3919 
185081 83dd7cc3-19dd-45f2-9cff-8b7261ef21ff, 3919 
280492 5b541a17-8094-4a5c-a19e-b8030913ca68, 3919 
87504 655079d4-d218-4a46-a769-5774d1d7106c, 3919 
66953 c76e249e-e23d-42d4-9fe2-3d532f5220cd, 8505 
119454 042bd7f9-b323-4fb1-820a-c3eb8f49af76, 3919 
160231 09aad570-efe5-4e3e-8b2a-1a1afda8e8c2, 3919 
359401 98162996-e03a-4920-bc89-3639d5db210b, 3919 
123307 e33d8a26-10c6-4a38-98fd-00a4af63a83c, 3919 
136487 53b1f91a-b3e3-4f0e-8526-14a02dbb500b, 8505 
23162 c5aeac5e-cff4-4881-a3e7-7ba50e5f6ee3, 3919 
135487 6143b736-f370-4b0d-b423-46a8a247cb35, 3919 
305347 f10b59f0-f1d7-4315-b3a8-886c31f53f85, 3919 
67430 93d84253-ac03-474c-91b3-f0262c05798d, 3919 
251396 311f5638-a6d6-4033-996c-a9781d776c42, 8505 
198463 11edb959-bb30-4408-927b-8d9ad6ad2099, 3919 
191879 573bc5d5-d2c5-4d9d-be4b-313ca470ffd8, 3919 
59863 bf7ff54d-c837-4d5f-8fe3-2b4633bf3c32, 8505 
145565 d0fbcda7-aa6c-4734-b0c4-9d64800e7b93, 3919 
34180 ecfa2096-41e2-4871-9b5e-e07d8c158007, 3919 
28361 4f2d7ee0-1532-4fd9-a7e9-e0e5df0932ca, 3919 
25669 de2072b1-61cd-40e1-bf3a-46c7e44fa892, 3919 
238188 e376f698-1705-4a9c-985a-25ae32165afd, 3919 
388674 10d334a8-5980-45df-8bc4-c125cda1b82e, 8505 
338605 ca01e352-b5b2-4545-ac75-12665de0edf5, 3919 
44571 a2707033-0ae9-4331-aa42-e66fe6c9148c, 8505 
128280 d26bddbd-e4e4-4985-ab26-333b98dd9735, 3919 
68809 81e86af1-4585-47a6-9206-6e4d8425a7ba, 8505 
184640 584597f8-9dd5-47fe-8203-f4d5ad786e6f, 8505 
295460 2e5a2697-059d-4c31-826d-4766cc998097, 3919 
200717 2290e0db-6b1d-4b69-a8b9-462cfec348a2, 3919 
253417 41768354-2b3e-4465-b444-fb27c4348117, 8505 
203137 ff5aacb9-ee9a-4167-843e-4d604e533a48, 3919 
359046 16f82b87-b3b1-43ea-a192-cbd1981c671e, 8505 
57650 d8d0e5d6-7583-4347-96e5-e38983eecc37, 3919 
340735 33eefcd6-5cd5-436a-ba6c-283db8f2fb40, 3919 
337155 2c56ac8f-4223-46ff-b136-11a2db458919, 3919 
30692 608992a1-7561-4014-bccd-816d2c131a8c, 8505 
62567 b9f8c38a-04b8-495b-b472-9cee78888d5b, 3919 
87774 b949f3df-9828-4037-9043-b435222f56d4, 8505 
313140 923d4c3c-09d8-41db-96e5-ce9bb7c8d418, 8505 
77503 08a874a4-afe1-4c4b-86f6-9085da4a7287, 8505 
126307 e7fd0d45-447d-43ad-b90a-4586ad1a66b1, 3919 
240016 5aaa9865-7ec3-4f6a-ad58-8e09e93df7c5, 8505 
338124 6f605063-53bb-4b63-bab6-3bcb2f42143f, 3919 
171729 ecf4fa39-1ea4-4d10-a7b4-8ad6b07c51ec, 3919 
212281 189ed188-94a7-4f03-b5e5-3a19643dccc8, 3919 
391748 c4abe824-9817-41ed-a9cd-26b8355b5a42, 3919 
121765 7c09e3ce-1045-4b98-9e34-533e444ef5a9, 3919 
337273 75b7a9ec-934d-4100-b7b6-121df3dafb1d, 8505 
181701 ace53d91-b043-4ec4-b60b-49cb5960c161, 3919 
89280 dd63b351-fb2d-4716-b928-1b96048f555d, 3919 
377482 adfb2188-e45d-4cbe-9cb0-5cc9b0018c7a, 3919 
118146 de004aeb-b759-4e23-b3ab-b9281213a980, 8505 
312750 3062e683-72ba-4cdc-85ad-d56fa3cb1f94, 8505 
75667 905e656b-d665-4396-b1d4-7b2a42dd3aa7, 3919 
1620 93984c42-5d80-441c-a61e-6a38a8c57d46, 3919 
382165 7ffbbaff-499f-4a89-8951-8cb834465993, 3919 
45969 86b61712-c5f3-460b-9e8e-0b2095168d0b, 3919 
40400 8bfc8e9b-84e8-4540-9d6d-0d97e3d256b9, 3919 
70043 d204f1f2-212a-412c-83d6-ca0c128d8e83, 3919 
260862 e22ebc68-0310-4a4b-94dd-006f00665f3c, 8505 
306589 59c5ebab-ff75-49df-9fb5-f8c5a87d6772, 3919 
155889 bd04703e-2cf4-4da9-8a72-ec2d782842d6, 3919 
95265 20eea112-6a7a-4ceb-8bea-a6bbc141eb20, 3919 
322227 88e6d893-f489-4763-8b6d-cb709c18a43c, 3919 
66846 bd521110-5896-4ec1-9cb4-efde363f284a, 3919 
148075 edf20976-f218-48c0-af11-379658b8b620, 8505 
9298 8b0b0b9e-f697-45aa-806d-d5f7063aa3a6, 3919 
31786 3f0c8001-9714-40d4-8491-9a7f0dd7bcfb, 3919 
26178 c559bd33-5786-4dca-a60b-b73a0f91781c, 8505 
200808 04a3c55c-d397-4a98-b515-7db0786a75be, 3919 
15825 197603b3-e229-4fc7-98af-95f48413905b, 3919 
68170 0dd7edb2-b654-4b7e-9fe8-4e3212ef4b15, 3919 
324158 2910974c-6e05-4618-a376-726e8e28297b, 3919 
284927 91f5712b-9d23-4597-9a20-cf545508c480, 8505 
277128 c2b714f9-aceb-4f19-be9b-d7ee5c9d119c, 3919 
39806 3e8da32b-012f-482e-8dd3-bb1c1b6d2fcc, 8505 
197182 b721d1cb-9b2d-4a57-85b2-a68225c520ac, 3919 
340572 5f1d3c8d-f192-4783-9d7f-d343d1f99c1f, 3919 
213470 c5d574c0-152f-4948-a412-e71db29a6fde, 8505 
208178 561dfd4a-e5db-4513-8e51-86b5ac19afe7, 3919 
18090 d5632f43-422d-4ef6-89c9-62caa74dd7a9, 3919 
164323 a3871b57-0105-4993-9969-333951d60446, 3919 
342067 80f9ca92-1f8c-4d6e-8d66-425d9db85d23, 3919 
259243 b3d21f7f-1d55-41d8-9d24-720da7f06571, 8505 
260761 78179dfe-a41c-455d-8e79-2016e5796af2, 8505 
175467 ac0ffae6-9adc-46d2-aa5b-35875383e7f3, 3919 
64159 7f8e0cdd-7518-4004-ba01-d73027163a5b, 8505 
373160 baadd191-3d1c-4b45-96e9-1eab33593f5b, 3919 
252528 f9b98651-e979-4f8b-a146-d2588648734d, 3919 
270997 569dc5fb-137b-4909-b3dc-df340a7a904b, 8505 
325267 0cc89b06-8967-49ac-a20f-c9009579c7bb, 3919 
388487 128f12d8-27e2-4ed9-8ccb-b6a8031e9255, 8505 
52691 75130f8f-40f6-48b4-8ce8-9c6d5af7d1d0, 3919 
283605 77aba44e-6306-4ada-ae40-470ba6025fa8, 8505 
181114 7038cc53-4c0b-44eb-95f3-8ac145cfc2af, 8505 
77404 0ee8ecc3-9d59-4a52-91bc-5081f96f0e6b, 8505 
394362 4cdd5b66-d759-401f-a7d9-8adda6ad9db3, 3919 
201134 e69e5d9d-9e9e-44b7-b5c0-2b98edb61a68, 3919 
274899 f72310aa-8227-4e6c-b620-c7a594b01faa, 3919 
208331 b2aeb037-be17-4245-b001-3c1f5b60df6f, 3919 
156569 6e1d7312-d527-4392-99e8-6410baa77faa, 8505 
167502 9adef2de-f652-456e-a587-cf6350b5b4e9, 3919 
186350 5d5abc08-85e8-4dfa-908a-2366295e3ff9, 8505 
284581 7830345e-5e55-4ff2-b3ab-574e8bd6b3ed, 3919 
90548 aa6a1c7d-612b-4069-bbdf-7cc7aaa06d9c, 3919 
377039 1af71c10-7091-4d09-b68c-9d94fff39a89, 3919 
252720 2d7fc339-4625-470c-8b3a-d58e7d9ddefd, 8505 
356705 f5b32e55-5a49-4633-8ebc-49a038c38931, 3919 
384745 58611788-f0de-4159-9171-8965a4ccbbd9, 3919 
189826 ca3cc87c-5641-4ec2-85bb-f3db53603218, 3919 
258052 685c18d3-59e2-4540-adec-61d9ca064581, 3919 
128741 4a04c836-fb88-4300-a414-23c2a1841235, 3919 
365658 19bc9e81-0858-4357-9e1e-e30a8f05344a, 8505 
130470 e0eff035-b7aa-4821-8573-b67ccefb0f06, 3919 
232418 9bb35984-49af-4f47-9040-ba4eca63b868, 3919 
39807 f1501deb-2532-4230-8da1-6cd5c2603670, 3919 
201276 ce019f0b-1a49-4f35-8bff-92bb1760b520, 8505 
231429 7e286a3c-c77d-4ecf-9cc4-f8272dddb577, 8505 
162073 adc11f57-4155-423e-a1be-08bc08679bf8, 3919 
198602 e553825c-b437-4b9c-8d51-e2e974c9253e, 8505 
237561 6ce4f5f3-2bec-4ff8-b1c3-b387e692768e, 3919 
364474 9bb9bf04-c0c2-4747-84e7-1a7cf58e1720, 3919 
230430 575a0e96-1079-4b2f-800e-25526095163f, 3919 
187112 cd8dd5d1-640d-4580-89c2-371b3a3fd627, 8505 
150851 699c188c-ee5f-40ed-aea9-51cf120e96aa, 3919 
402576 198722a9-662d-4c87-a193-7795a8b3a4a2, 8505 
304733 93249347-e650-47a0-b074-7095e89ea278, 3919 
365944 3552ec2a-f4f5-48ae-8cb9-367e65a68fea, 3919 
386575 2917ce6c-e72a-4627-9580-0ce64858661b, 3919 
257560 0e42f518-438f-4f3d-95b1-dde40dfff112, 3919 
10131 a436552c-8caf-4ffd-9e06-719efaaa127e, 3919 
308158 d4053e5d-5784-496a-b69f-8ce1dab9d9ca, 8505 
63358 a7ce56ce-194e-4df1-99aa-fdc21954ca07, 3919 
171989 a246ffc3-21e8-40d3-9632-68a633b881a9, 8505 
35652 71ac7992-e6d3-464c-bfaa-bc66ab099448, 8505 
238416 f6f907e5-069d-4979-b63d-09cbe5464dfd, 3919 
346946 45bbf45f-0096-41bf-b3ab-92db36db00dc, 8505 
311994 f150dca2-8b76-44a9-a0d1-a5fc7d4e68b1, 3919 
184246 c982131c-10f4-4050-acbc-8acc11936f52, 3919 
99630 5ebef9d0-6b6b-454e-b9f4-86ea0021b2e9, 8505 
205634 ef1a097b-a347-407a-8c5c-da780a19ccd1, 3919 
130823 194fb3cd-34ff-449e-8dfb-aa0678bc916e, 3919 
49324 221a261a-72d0-49d5-8cee-02602f115335, 8505 
197304 889299e8-2915-47da-9382-8b3ea5497394, 8505 
201846 7e8d2d67-71bf-4864-a4de-26cf9af33045, 8505 
12480 1757728b-0d1b-4596-aa41-9c185a4a1aa9, 3919 
343505 ad0cc528-0401-4f7c-91fd-5ffec254c5cf, 3919 
50672 def2971d-3c63-4699-a894-d373f11363f5, 8505 
290651 8220c797-2038-4f04-8a2b-39b1d2742eb7, 3919 
81977 69616287-d9ac-45f9-97f8-9f9c70057b8c, 3919 
165546 c55967ac-a076-4a73-bbd3-833c5fa05fc3, 8505 
368189 a02527dc-3a85-4daf-90a3-aadd3ed6d156, 8505 
74623 ad9c50b4-27c6-49d3-946a-333c76309091, 8505 
367580 7e2a1dfe-731a-40ab-a983-f4c686c05ab0, 3919 
163853 1d601712-d96e-401e-8043-f5fdb861aea9, 3919 
252719 ef583f5c-f35e-458c-ae2e-34bd7ae8447a, 8505 
186434 52ce607e-132d-441c-8ef2-3c905d4719f3, 8505 
366544 a365c182-6670-474f-95c5-69e49e8422c6, 3919 
329540 5a7d8d88-4e6f-4b04-a267-f2d68304478d, 8505 
243509 9bcb0591-77df-4de8-91be-64f53db96136, 3919 
345154 e6d80bec-ddc8-4f30-aa03-36914f8f7d9d, 8505 
316806 fabad035-5f73-4ea0-bc98-9006538afc64, 3919 
188988 71a2406e-4ec7-4a37-b4ea-77110e988f4c, 8505 
162176 18775e5e-d8e3-40a6-9d1b-acd3bfad1c8a, 3919 
403818 c51ef293-27c7-4730-be17-a4af5a454979, 3919 
1098 657e9fb2-8f68-49c9-a3b4-db0bb36234f2, 3919 
38491 8b52c13e-d49d-4e79-ac92-6c0107ea5ef9, 3919 
168552 41edb85a-5897-4499-a632-5e7ccb6ff49d, 3919 
64527 d52612f4-f4f4-44ac-92b7-fca6ad607fd4, 3919 
256632 e01b2608-15e7-4e0d-88d5-58522a47f413, 8505 
262942 849ddcbe-407b-4506-9c78-7505ef45bb75, 8505 
46497 f8eb01d7-c9d6-4b51-9447-00a6cf8d90d5, 8505 
141650 21bcd156-d4ef-4ce1-8e4c-0bf8ead8366a, 3919 
343549 6adbe2a4-3acb-47e2-a2d3-d12ebcce132b, 3919 
224253 8a4e4670-2cdb-41b9-9f38-062d8c843adf, 3919 
45609 a102f011-b9b3-471a-9421-f4d28ad1df69, 8505 
235068 ac5f4d79-ac38-4d37-8521-c6cd059ebd1d, 3919 
290502 5b88eb51-4cc0-4c83-b1a3-08230df6b697, 3919 
34072 ccf096ee-3614-4a37-8ca2-f638d76ece93, 8505 
76177 f0090370-67d8-4f93-ab2a-dbf84495843d, 3919 
358638 f41c0493-39a2-48cd-8d75-baedf5c37483, 8505 
323656 a507356c-7a67-462f-bb10-3281dd61989f, 3919 
231578 c5cff0b9-880a-40aa-a0bd-4501dab30e2b, 8505 
87434 106ace4f-ad90-4df9-8a52-271b7941eb99, 3919 
361142 ab91131c-61c2-43b7-8cb7-de493ddf8dc0, 3919 
332279 cb56bb4b-6941-4a44-bfda-6de4f40b3cbe, 3919 
155080 2cc9895a-af87-468e-93dc-39a241e0ddd7, 8505 
82767 b484db9d-6d4e-4e50-b17a-3a6be14073ce, 8505 
227487 23d39bee-43d9-4702-ab8a-e8ccc82dec21, 3919 
338018 3e864c7b-9a1b-4a11-aaa5-5b212ff17857, 8505 
64848 d9c7e61c-5bb4-487a-9cbf-1e77d8e69dee, 8505 
72576 41ebccd0-12da-4edf-97ed-bf655e801073, 3919 
305300 bbfdb998-1e53-4187-a0b5-edca836dff37, 3919 
13359 05bfe1cb-a37b-4921-9c6e-b9caff73f4f5, 8505 
168905 26139ae8-9930-4d3f-b406-078b5591c868, 3919 
247783 63b995e1-367d-428b-b131-7f286a2a9cf7, 3919 
93262 937c5eab-3aa9-4b3f-a667-2de77e782803, 8505 
211823 901585af-682e-4836-9c08-58079bcf34cf, 3919 
48640 905283e6-71ef-4a4a-84c3-e33c03ceee3f, 8505 
329657 005d76b3-1ecb-4de8-89d2-933ec334b4ef, 3919 
136076 692e6614-fe99-4488-bec5-04afda2ef0a7, 8505 
179703 ad5161e4-e8de-4079-ad0f-7c514c9287c1, 8505 
244809 ddf326b5-fb48-4bb0-86f5-6492656340bf, 3919 
52461 a53f64ae-9efd-43f3-9ad9-4afdec584e15, 8505 
336733 574d9ee3-7b3d-4716-9950-5a1f1908c65e, 3919 
79856 e01ca5ac-b539-4e84-a812-d6f74272c7fe, 3919 
81209 d7ec757f-818e-4c12-bcbf-e8c2843ea0de, 3919 
90202 a4a8db14-958b-4ffe-b7eb-4a181ad49247, 3919 
7166 1ebddd3c-95e5-4940-8811-a4e2d598635e, 3919 
232315 65cd87fd-1bc1-464b-a7d3-9fa3b22c459f, 3919 
189259 60ac4b01-a2b2-47ff-b405-59091970c754, 3919 
165369 c48d8e87-bf53-4220-ab89-4e7312012ef4, 8505 
308695 e98f4e88-00d8-4371-b62d-da1c96d0e02f, 8505 
346274 8576736e-7940-47cb-bc9d-39cd3ced9ca0, 8505 
364777 e6c9fd8b-fb17-40fc-9c5b-b77afe178540, 3919 
228607 bb8a84d8-1b35-4210-a5dc-a86374e51e5a, 8505 
262889 576114a4-5c6d-4252-86f5-3c0ba9cbfb14, 8505 
107812 1e502389-4d9e-4c85-8b7e-5108886da3cc, 8505 
127553 dbbacb4b-3d3c-4891-8b9d-17f1e878157b, 3919 
97795 46b1e94f-4c60-4c40-aaed-6790710a42bb, 8505 
276795 6df528b1-d31b-4185-a554-4c6bbb57ca11, 3919 
26587 678e7420-6fc8-4e70-b03d-1fbef5663400, 3919 
346734 d2a51a6d-cb33-41ff-b37b-6f563301de22, 3919 
309477 576e5cfe-713b-4ec2-9cf6-69a139e32942, 3919 
240878 a5e7c711-d84b-4a6f-8edd-99e653f7c659, 3919 
93310 c3fb6800-7e1b-4b07-b33c-4a0d05a76670, 3919 
302693 3627d08e-0b79-42d6-a606-ce4d7c12ae98, 8505 
342736 c188b302-6e0f-48ae-8233-9324b7f423dc, 3919 
12984 4c207d65-ef49-42cc-b81a-6e05e87eb2f4, 3919 
22242 2cdb5d74-502b-4e64-ae54-465ecdb3fcd3, 3919 
271005 8d446492-a589-435c-b016-6770d5522d9c, 3919 
399103 585c8232-1367-4ca1-88b0-e0e2210539e4, 3919 
229870 1b7b61f5-2e49-408b-96eb-bc9a8a9be3b5, 3919 
283499 fd5d8a08-cbc9-4ffa-bff0-fbbcd69f546e, 8505 
348397 d40075f3-49aa-4701-ad7f-00bc83257e50, 3919 
160255 fcce4a06-ad92-41da-9715-24f4d466e6d5, 8505 
43578 792eac42-cdbd-4d73-b261-554d0abd9ae0, 3919 
43027 58177025-569c-4965-9884-74350274b0fd, 8505 
346666 a21c430b-4b18-43bd-92c0-d380a2c2639b, 3919 
380332 ebc51be1-5bc6-402d-bd56-b76ae2b6c12d, 3919 
403327 194318bc-2788-4db0-9e29-d7ed3e1d9ccc, 3919 
56801 3c047f8d-2f36-4248-abbc-69ac9c0ae19f, 8505 
375412 a65f2fb8-b7b8-4812-8e76-4495f9fac2a1, 8505 
76215 c81b13f8-e6dd-4b3a-94fa-0bbb193807d6, 8505 
174107 6f330e43-af44-47dc-b286-e93c8de818ed, 8505 
388323 43c53f12-15ba-4f6f-9f5c-b9d1fca701c4, 8505 
299322 e5f063e9-4e32-43f2-a0e8-26c5b06bcfcc, 3919 
109945 3fe29cc3-effe-46b7-86f7-3785e24f4caf, 3919 
217171 53cf2d92-fbbf-442d-a5ab-d7a8b1ce6ea2, 3919 
206508 66ab6579-999c-4b5e-b980-6d10ee83f14e, 3919 
71704 1ec6e3ed-8ca0-4a9b-9108-a6ed201dba1f, 8505 
402917 a9380bc3-353c-4379-a909-772b539accea, 3919 
100376 cc2d570c-0366-4e7d-8aee-64ffb623cbb7, 3919 
97141 8d130282-d960-4fd1-876c-9ce9a3097e72, 3919 
37493 c948160f-064c-47c9-b876-0ac363f0fac1, 8505 
4485 4e062eec-f1a8-4e5c-bcad-6d82e640b6e3, 8505 
273675 45a8cb5c-bed9-43a4-90f1-19c17e289a5f, 8505 
122315 6145f201-4bad-421f-9682-73ee0ede3a16, 3919 
289095 a2fec296-9879-494e-a666-785161b6317e, 3919 
299904 54573b8e-0e9a-43e5-a915-bc74c73814dd, 3919 
113607 f756fa4c-c4ab-42d6-9ea1-a7baa36d64f8, 3919 
38567 f683275b-883c-4f09-b40a-73962b5f819f, 3919 
183050 ba5f40fb-a3f3-41fd-8f9e-81d92fbdb8bb, 3919 
186075 4e1e80a3-85e2-4257-957b-4c5889195047, 3919 
187093 2de687d8-95eb-4d98-bb2a-850e1c090123, 3919 
143284 b6b92a27-18da-4d91-b5a3-98ac55d92900, 3919 
325101 fd21b138-691c-41c8-a2d5-9de2a30d57c5, 8505 
162104 5d89ff18-b8ad-409e-ae83-1a26220b23bf, 3919 
98812 091a3afe-4d00-425b-9540-43ece01fb28c, 3919 
328075 e319ca1b-5b1d-4a1f-bf4b-20078effcde6, 3919 
52496 fcaad589-d645-43d6-b930-c8b64e8af04e, 8505 
85464 4cbed5ad-acdb-4a99-8bf9-fa0a22c9a949, 8505 
193990 7edc3050-388d-4607-85d3-2b072fb4b044, 8505 
155947 b60476b1-b1f5-4c1d-9082-81ff3d682f18, 3919 
119808 1dea2766-6e78-4456-b656-a4b71a07e167, 3919 
283727 d1aeb53b-6014-41d1-ac1e-137e0c8792de, 3919 
63337 ee6c6bff-e82f-4758-a73f-c06c2445d1d0, 3919 
35303 23efd1cd-bbab-4b3f-9eea-70a1f4e5e1b9, 8505 
85918 01253ac5-55ac-47ee-bf1d-88afb7bd3baf, 8505 
94809 34a4c678-b8a9-4c1a-afee-a1d1c62217c1, 8505 
28221 b823bf1c-b145-4ad5-8822-24e65eedf7b2, 3919 
234113 6c116a7a-fb7d-4e01-859b-8c92eae9293c, 3919 
84640 0b8a98cb-0204-4cc0-9ba8-d3c92d100cf1, 8505 
126567 c3c45e41-43ee-4104-ae6f-00820807c48a, 8505 
242832 0c3ff6f0-ad6b-4e0c-9aa3-f643d0ee5c26, 3919 
44502 f6a637c7-cdfa-4264-ae3e-35155d7ff87c, 8505 
301932 d4b6047a-b983-40be-88ef-70a45bee10ba, 3919 
178007 d5b9ca1c-299d-488c-95a9-183b039cf00b, 8505 
355958 6c764035-88a7-49f9-8976-0b95cc2b4206, 3919 
38170 59c6a43f-705d-4d04-a9f8-e78be67d34ef, 3919 
387787 e44a59b3-3e2f-4187-956b-3289fba38dbd, 3919 
193949 358898c8-be17-4bec-bc98-c824d11b481f, 8505 
49188 5e31414a-094c-4634-a84a-c6c9f9c41495, 3919 
199695 ce6ba899-7140-4324-9bd2-651f2fbe831f, 8505 
233528 2c6f9ba0-914c-4b03-9202-458ce81f5036, 3919 
360327 4c877b47-9797-4a16-84df-05d02b316e1d, 8505 
249464 9a084b04-49cd-48fb-857a-462f0d522267, 8505 
108901 b0f40194-4d7e-4215-a843-ae521e4ffa81, 3919 
295617 2b629eac-881e-4d06-be1e-60d6cb78543e, 3919 
100122 77789f07-673c-45bc-a224-32c535741141, 8505 
86018 f7afe46d-9eeb-4a67-a8b7-9302d570c0b0, 8505 
299139 dc57287f-aea0-489d-9adf-25a327afce2d, 8505 
294213 300f924e-f9ee-4ec9-b9df-19fbbc94f1fb, 3919 
377967 87a15695-e658-4643-ac50-8423709fbc57, 8505 
383956 233c2a0a-a2d2-4a12-bdc8-815ed092f72c, 8505 
44752 26c3ac4f-ace2-4e5e-b1ed-1a88496c94c4, 3919 
333221 f6d86af4-1786-40e8-85bb-0ad12ac99a97, 3919 
49098 a11717ce-26ec-45c8-90b0-34c04ab2e474, 3919 
230033 1d4ba15a-98d1-4399-b168-da411f9b5b9c, 3919 
384045 aafbedf3-41d8-4734-8b15-8b316abe2b49, 3919 
119688 24209bd5-f6af-4bce-bda6-8b5f3d6696b9, 8505 
161588 4933b826-144b-433c-8172-a4b38eee92f9, 8505 
297313 b39ce3af-c497-4bda-9257-5bb9b88cb3aa, 8505 
128366 7e8dc142-f857-4c4c-b235-4a7cee17b69b, 8505 
285401 6128d15b-bcbd-4e92-8a1b-63b6b60febc7, 3919 
110330 2320f673-c24b-448d-a36d-6013b8b3fb84, 8505 
400050 113e8725-fb67-4225-9103-8226bfa70436, 3919 
356956 0eccabf5-677d-4ec5-9564-931ec3aec395, 3919 
28802 9723b874-0721-4ade-9a59-74b9124034ee, 3919 
309032 18899cb5-53ef-4d8a-ab94-6a1bedd38553, 3919 
148259 5baa4a23-d4c6-4bf4-a2cc-6de518a4dd1c, 3919 
287865 30ac0f14-06ac-46f3-9890-ed446d5d2662, 8505 
102954 050ba628-b6b6-4f41-bf33-0027ea79e7d0, 3919 
280770 667815a7-2a5b-4d34-81c4-ddd0eef4da6e, 3919 
48815 def3bf44-5a6d-4a08-b16a-102645055663, 8505 
247043 0d703686-094f-4539-a244-b6fdc23d9e4a, 8505 
121718 adf9ddae-cf02-47a7-91d9-07917d6322bc, 3919 
90779 6a41a642-9bd5-4913-9217-05dd48bdfee6, 3919 
331040 9208a0db-933d-47c7-bcdd-4cc980f402bd, 3919 
194670 9dad8198-264a-40db-9d62-57061a749977, 3919 
387950 6caef113-eaaf-487d-9881-01d7071149a1, 8505 
24451 abda27d8-bc43-4f62-9a1c-38e858f696d5, 3919 
155806 57c8abda-2d04-45bb-a8f9-c2f335b2c1e8, 8505 
309879 4ed50074-c9e1-4d15-8eb4-72b567974894, 3919 
380368 120ca23f-4abe-46fa-bcf7-743c55469586, 8505 
153389 f0f31a28-8420-418f-aa0b-4b1ca1789813, 3919 
296221 2004495b-a534-457b-997f-05513c705e56, 3919 
226372 dff15d4c-44a5-401e-9b5d-936257894c31, 8505 
142123 3665751b-e2d0-41fd-a91b-ab8443d9f141, 3919 
286128 24fbf3f8-ca8a-47d6-b5dd-eca3383d7f30, 8505 
182956 7d6b2dd5-7fe5-4f39-b952-082cada2faab, 3919 
219802 7a64444a-8275-49e3-90e2-98eec35e8061, 8505 
372425 d76b2fa3-903c-49da-a5e0-b0c1152a10df, 3919 
28391 a94fd38b-6a8f-4cb1-85e7-8e47cc64fe8b, 8505 
94673 71af8853-474a-41f9-beba-2f1f35cd28fb, 3919 
364635 a964a32f-c519-4272-b5b5-51b260b2c5b1, 3919 
260124 5e1e8a97-563f-4002-ad9e-3c9d4fee7f6b, 3919 
86656 2e2fc6f0-704e-4698-9f2d-3a5d8c03f45b, 3919 
147000 fe53c677-3467-4bdf-8c1d-fd7ec2e4e915, 3919 
303646 221ef91b-1f8a-4ca3-a46e-51b69eb589f6, 3919 
219285 a36c47c8-740a-4eb3-adae-2899509c6360, 3919 
45010 643b886e-9791-48b2-8cd6-72e064ceb2f1, 3919 
202874 ef42d467-f2e1-40e1-9172-eaca4b284949, 3919 
269536 8359ab08-526a-4084-aa71-0c2d7d1de711, 3919 
197900 bc68262d-1bec-4e2d-acc3-d63a60c8647e, 8505 
299556 1282ca0c-0087-4138-a347-0887e03b31c0, 3919 
323648 0f9ffed2-6ada-498b-9060-9c018a3c6745, 3919 
58867 06b20795-0653-425b-911f-f2e5cd68a60e, 8505 
128473 71634668-aa28-41f8-ba7c-a639e5ba6cb2, 8505 
345724 cd4e4a5f-92f6-43d3-8df2-407023d6edc1, 3919 
901 ed48b44c-0edc-452e-96d9-6e815a393786, 3919 
351550 f15a6f67-f4a1-4b31-b985-e59829a8a765, 3919 
271584 6f914ed1-417f-4da2-a717-2c458281a7ca, 3919 
238886 c1d96562-f1ed-4924-86d5-92b13d7c0923, 8505 
317356 f18859bd-8989-4352-a0d7-fbe46794041b, 8505 
10503 591bf296-aaef-4b98-b777-56dabba519e0, 3919 
36794 ec34c9da-abd0-44e7-8f83-996409bca936, 3919 
25067 06dd530b-6b33-4b23-a33d-f185305a7174, 8505 
236454 e72a6720-7665-4ed6-9edf-887cc6b18049, 3919 
20642 7d848fa4-e1b5-4d56-955c-d8c135970647, 3919 
284161 c651b20c-dcc4-48d1-b51c-7b518fbd5944, 8505 
178578 b1a3e97f-00db-4619-ae97-c84c36ef1b12, 8505 
85 3215c60b-a736-41c7-8b21-394a62d1ebc1, 8505 
364842 aef47f44-6c81-4df5-927c-75ad84757278, 3919 
285574 e3a875ba-460e-4534-9de4-47d4a4759078, 8505 
2550 0af6ce48-42d6-4b8a-a21c-3729d9f3b6b4, 8505 
399985 51de4a08-011b-4436-b848-8dada16f4ef7, 3919 
374366 2ed58c1b-2415-42cb-a286-97342c995319, 3919 
246171 331e868c-9e09-40d8-9225-6d6ed88d046a, 3919 
21507 7a47fa83-bbc1-41d3-81e6-d1805ef989cb, 3919 
307639 a2b16720-4a36-45cc-8c6a-795616aa0ce3, 8505 
200603 da04ac16-acec-4ec6-9f0e-f21bfdf74596, 3919 
360249 ba8c5ba6-c51c-4c20-ba6b-04f84210b8c0, 3919 
400690 f7e05262-e159-4f1e-8257-14436233faec, 8505 
150984 79aaa3d2-bfdc-4971-b8fd-f4916b66d5a9, 3919 
291155 c93e9e5a-95d0-4f88-95e6-db064a22f6c5, 3919 
375192 cb414a1f-bf52-401b-8216-71525d0084b5, 8505 
144425 5229a73b-2507-4f2a-85d2-944ac59401a2, 3919 
364903 e48808fe-84a5-42e2-a6b6-79fd9e5f3482, 8505 
155020 5c01f238-c091-4e60-b0bd-f386e5e017db, 8505 
208270 2be520e9-9c12-4991-92a3-6cf37182aecd, 3919 
211256 51d83d0e-3199-4d9b-b313-c98be5d47f91, 8505 
143859 78e2469f-f10d-4509-8964-e4be4e4b7cbd, 3919 
226789 abf5e406-a3b7-4bed-a616-2765dcb83a65, 8505 
104026 c45dd7d5-5920-42d1-9bc2-ac1d7b6941ca, 8505 
396200 519ef1d8-d6c9-4097-9515-d6309cdf995c, 3919 
356833 f118d798-3f9d-45ce-8229-602b11c9bc6b, 8505 
401222 49839063-17e9-46cd-92af-e426e0d05b18, 3919 
257320 3cf594f9-b9fa-4a70-a1e5-59f618dc9beb, 8505 
103755 3b2a30da-de4b-41f0-9925-78bf2b3e4f89, 3919 
19754 d29f245e-25e8-4ee7-9cf8-eec8e6adbbe1, 3919 
101584 38a320e3-b779-4fb7-84d9-356cb2b97156, 3919 
298200 1b295e7b-5c3f-4085-bf61-ba8f3d0c0736, 8505 
222504 ebe15145-3510-4d0e-b544-122872a25476, 8505 
395268 56cb11c0-d419-42e8-b93b-ce54249913a2, 3919 
81924 295bfb23-1202-4b44-84b2-5b564ab391a3, 3919 
166540 bfa5185b-c47f-4b1e-a189-08197fbba870, 3919 
265748 a71cdc10-2a5f-494f-893b-437bf40e4872, 3919 
272982 38cac473-0f47-4404-8de6-2cc6dcd378f4, 3919 
72567 2a5db676-611c-4671-aea3-acaea23d33a0, 3919 
214197 f42c3395-b2b1-4abc-aec4-09722fcfb1ed, 3919 
57599 ecc8e060-97e2-476f-be38-68272a3a44dd, 3919 
218987 2b09190b-c098-4c00-8fb1-a8df18096ae4, 8505 
3605 e6e2340b-12b1-4be6-aaf5-9bc15e570b50, 3919 
34167 35fe8a42-9d96-4b42-8f69-015dc264a79f, 3919 
44791 59b451b7-9624-4de2-9b55-2fc2c8c75ea0, 3919 
81451 545a78c1-e4d2-4650-b9c4-685d58740b69, 3919 
27997 cd0d8896-ad13-4461-9caf-84caa5318aa0, 8505 
122170 e7d834b3-99ff-4b05-ae09-1c8e3c3099ec, 3919 
219846 7e3ea8d2-cf59-452a-aec1-aa3ba1f6af32, 8505 
283185 04c35be2-83bf-477e-a29d-73f5e6aaf2ea, 3919 
124293 62d2047d-7d12-4ad9-8ffa-bff9eda5a7ad, 3919 
123878 3c434353-e4f4-4b3c-a306-cf3ce87b2518, 3919 
158475 ed6d4924-a59a-4a89-880c-de98e39546ea, 3919 
226441 cb7fcd59-d67f-4e3a-9c27-e6c3610487d3, 3919 
274178 12ccf800-1f6e-4a8a-8ba7-422b2dcd5757, 3919 
335217 04bd4812-5f56-463b-b308-77b50f605f82, 3919 
290423 6068253a-7335-489a-82aa-69348b4b70b4, 8505 
72301 5d61ee7e-0036-4c7b-899e-e0a3655eeba9, 3919 
347275 a9a9c149-9da9-4e79-97e2-50586d94ea06, 8505 
11941 a7c79a4b-295c-4c72-b08d-285651663fe1, 8505 
300642 ca611061-0294-4871-a0b7-bf916b299bef, 8505 
375230 f86e9162-2084-40b6-ab30-9e0a787fe090, 3919 
105954 a84ca189-6bd0-4824-8c57-97712cd9461e, 3919 
38963 bad1580d-ded7-49be-8532-67bda65c464e, 3919 
274030 3ee9c8d7-2e7d-4737-8a43-bcf3ea820860, 3919 
212644 de7cd17f-8d9c-40af-b1e4-2ef046ec1642, 3919 
135446 376a61b9-da6f-4663-89f5-8818326e6834, 3919 
6166 bf102f96-fe85-451b-be04-db0bef0015ba, 8505 
265883 a959412e-3ef1-492c-b8d5-7ffa848d5a33, 3919 
240648 3f54cf4e-15f2-4bd3-9ee4-363555183a20, 8505 
167062 d8a3a741-8a7b-4d25-b85a-b97049c10c7b, 3919 
342690 6a3eaec6-a076-4786-8fec-4fdc39c2b82c, 3919 
89378 ea701b0f-e4ac-438b-a8d2-e8e6619f8ae6, 3919 
352469 923d30ac-f525-4908-bfe5-815952934edd, 8505 
2790 b60cb722-a484-4dd8-838f-e75467d3bcfd, 3919 
292417 9e93f219-c8d5-4c31-9761-cc265efe15c5, 8505 
357085 961786d0-8054-41bb-b550-4b5009619910, 3919 
185571 f2f4919d-3654-4a01-913e-ffa9abc2f9af, 3919 
284180 ac596a14-3b26-431f-9682-0aa3676e429f, 3919 
225917 846bff35-9f57-4c45-ac7f-dcc48cdd5d2a, 3919 
369695 06e7e073-dbd4-4a49-9496-1001c947064a, 3919 
258692 9c7cf9a4-9495-4d0f-bb1b-4480b9cf8b1d, 3919 
321999 87fed185-8147-4e34-8178-b6458e29d31d, 3919 
174731 cf53095b-8505-4f7c-8efe-c644b7a92113, 8505 
206457 1979422f-7fa9-4562-836e-ce336476c2cb, 3919 
167889 eb3525c4-d057-46cc-8080-76985f9e2ed8, 8505 
243687 635c3484-7bb8-4d98-bc6f-14fdc1d51a7d, 8505 
141679 cb2b8228-e2d9-4c42-bbd7-0376a736c3aa, 3919 
357371 2373271d-2680-49fe-a86e-5a197c4e325c, 3919 
1763 14b58238-ebbc-4805-b1ef-e33bca7b5898, 3919 
273325 d565f6f1-338b-4af8-89cc-bdbd8937dd37, 8505 
214166 5426d693-2003-4551-b5ad-c715d7c8eb8c, 3919 
138509 216bd50b-b434-4a89-8927-656e18bc4db8, 8505 
88624 4edc23df-eeba-4352-8f03-1be989f4a5d8, 3919 
316913 1cdea57a-26bb-4594-ae38-d38e8967360e, 3919 
384144 2244c013-bae0-4570-bec9-17efdc287609, 3919 
210213 56e25851-cde4-4a68-ba35-37a9d9b44798, 8505 
207489 c73f3b7b-6675-4adf-9950-595352dcff14, 3919 
194156 9295aa4f-45fe-45fb-8d0a-522a8cc7c0ab, 3919 
106513 6927bd78-2f84-4c75-9d1b-172e645d5ecc, 8505 
35524 f9704fe2-8dd8-43a6-bcef-44b29999b26e, 3919 
46927 6657984b-08aa-4e62-a66d-cc2441c2547e, 3919 
134500 0b36676b-35c9-4599-b256-bf65632ae521, 3919 
177623 5b9fc280-f13f-4f99-851b-67e3dcf1ea0a, 3919 
236898 b44f4d05-4c6f-4051-845e-5d05e6a8a79a, 3919 
296365 c28dde25-3c8d-488d-b337-59e59b0bd9a4, 3919 
30203 df56e8d6-37e6-4187-b6e8-8338e79babaa, 3919 
150924 64fb2428-2aac-43d8-bebf-536e68d877bd, 8505 
308989 858c255d-ff14-42d6-bccc-5495536d2574, 8505 
148855 f3b2d59b-f752-4c75-ae83-1e1800ac1e20, 3919 
318284 d3ed8065-dfbc-45a5-a9a7-3a2caeee0b61, 3919 
167568 7c940954-017f-4b2d-a0af-cdc72869fb91, 3919 
335866 41ad2e08-036c-4c8a-8215-b3c7f1a9187e, 3919 
333622 c4d095c3-b056-4d7d-8d38-d861713730f7, 3919 
229248 e1184a6e-2583-4c0c-b58f-54bdd6922564, 8505 
270821 23d7e17a-9e2b-41a5-aa35-1c7189b3b14f, 3919 
372604 3207e4b7-520c-435e-bf20-0fde916ff181, 3919 
305922 13e354f2-b899-4344-96cf-19ef51a2fdcb, 3919 
25531 c472462c-c465-4eef-870d-0befd48d3710, 8505 
147128 da21b573-2723-4f3b-bdc1-06c4878e10db, 3919 
348175 a76ca7e6-3205-41dd-8ffd-faeabe11e712, 3919 
318982 7d12a28c-1ea8-4ec2-a0d5-54f8954d84a4, 3919 
195673 df8dc2cd-c43a-4f12-a6ff-b0e4a5d5b8e7, 3919 
373773 87267627-3df8-4429-9a3a-94c6da184294, 3919 
271166 1934af5c-8190-4baf-b8f6-3a057bf74b37, 3919 
11667 65d76e75-bc09-46c5-bf79-947746c9adf5, 3919 
259313 635bfcdc-2099-4917-99a5-bc473ce104f0, 8505 
182067 13096651-6392-4a9b-995a-9f47ab555548, 8505 
257605 2a378615-7ba0-43aa-b926-d98454a5c5c5, 3919 
128814 b0c1d2b7-ae6f-43f0-8876-550b2ce8b78a, 8505 
209853 b2608007-9729-470f-9ee8-a762fcd6f120, 8505 
174803 8ac9fde3-ab47-4d31-8736-baa985bd9105, 3919 
256417 09dc5ffa-fb6e-4c94-a6d7-3072a932fa3c, 3919 
25239 2aef1c4f-a615-4c1d-8b7e-a1f20fd76c0c, 8505 
400399 7012084f-67f0-4da0-a525-58d22ef0f5e7, 8505 
201418 3cee0b6f-d73e-4ac3-a70d-6af8c5626ae9, 3919 
201487 2d3aa15c-5418-456f-8a61-addb86bfdcec, 3919 
188514 a0c2400b-a671-4cb6-8cae-c87fbdf54a0a, 3919 
344862 787939bf-dade-40ef-9669-a051750d85ee, 3919 
178999 37314a22-7b3d-4f0b-8fce-5dbfdbb2a2da, 8505 
228455 fa3f704b-9280-4043-9821-9f78749a67c4, 3919 
107894 94b67877-9b93-4f3f-b5ee-0ad292156885, 3919 
181784 51db2a28-066a-4332-8f9f-2e9f7e2543ce, 3919 
237015 bb07aa1b-a8f7-4093-9115-755b1d3695e6, 8505 
21287 9ce1d261-a21b-4829-82ff-799398a93df7, 8505 
102246 86a2dd1c-97f4-4ada-97c1-2f17818025e2, 3919 
4464 0c622820-ee18-4823-a225-efa429fa8662, 3919 
388060 9a6bd19e-e222-4dac-9fc6-d9e4efaea1a8, 3919 
366313 c88fc86c-ed1d-42c7-a09c-e1daa61f7955, 8505 
277534 7b2a0f5b-8ea5-43d4-80c0-6c302123e2bd, 8505 
178058 7c026bac-e99a-4a2e-88a7-4dd15b66fe61, 8505 
18373 1560935d-1b01-4613-8954-30bafcb113e9, 8505 
143513 acbc3277-2bd6-4dda-a946-4d9029da45e1, 3919 
136154 b0ccff73-c994-4385-afa7-ed0795e01141, 3919 
392560 f8910ad4-4781-4886-b1ff-2a8f3265d3c0, 8505 
181873 522d0f95-47b5-417f-a22f-c83858a8a7bb, 3919 
146865 91283d0a-e1ff-4284-8e73-46e7b415c2f0, 8505 
302650 8f3f8b1c-9474-467f-8868-9cdab8141873, 8505 
228996 e367da77-2e33-453d-830c-423f49e6d482, 3919 
195534 79b44524-b6f0-4f0e-8302-dbfeadc64a34, 3919 
383451 8ce178dc-c9bc-4235-a226-d3487db9d568, 3919 
55960 3166d975-b8af-42b2-9a4d-fcd41eb6cbbc, 3919 
374042 04367708-1b4e-468f-b180-8090bba99346, 8505 
96406 a383585f-92e7-4c56-9d93-030ced0e4593, 8505 
102209 c5886229-5db7-44c7-9607-76a7063ddc55, 8505 
143044 063e2776-1510-4695-aa81-8db5722b7014, 3919 
64073 29b11f52-952e-4cc8-a375-6de8f2000859, 3919 
9026 b952b4e6-1d1b-47a1-8244-c6fbc4e8b9df, 3919 
362008 d98ac4a8-18b4-47a3-af7d-cc152e86b132, 3919 
97825 8df37411-0c6b-442c-b83d-2feaa6111d94, 3919 
65924 0356878a-3058-4974-a6e2-f4cf769365ac, 3919 
178708 51907754-8087-45ca-9c4e-ae8b9e1cc112, 3919 
361989 5c7de781-a35a-471f-9933-868247a06ae7, 3919 
18580 953734fc-bda3-4827-a11d-64f1c419b890, 8505 
97656 22823d78-c88a-4f3c-8739-5ac4d5048afa, 8505 
116320 2a49eefc-2cab-42ba-ae21-92bd9405b61c, 3919 
215736 fe5d438f-1f36-458f-981c-9ad89becc536, 3919 
300391 fa37b7f2-7341-48d3-85a5-25fbc4d8ada2, 8505 
228405 e9903e4c-9585-42f6-80dd-0fcd514db453, 8505 
232628 c75e373f-d014-4562-8764-55a43d450d53, 8505 
2913 2f925e34-72b6-4236-9a2a-3625aa76f96a, 3919 
340710 084ae510-22a3-4e23-8700-a99f8bf07986, 8505 
74870 fda513aa-8e42-4d1d-9f85-74e970c23325, 3919 
208128 4030f428-b177-42ce-ad6a-29be6a1c3b6d, 8505 
297211 16e7455a-255a-4157-ad09-4011e9426d73, 8505 
272531 b90faa3b-b5d9-4475-ae2e-3330b626aa87, 3919 
176504 e742139c-a215-4daf-ab9c-de2d3df2366f, 3919 
152054 2fe1cfb4-c91c-4b05-92d8-4b4b03fa0604, 3919 
354231 ab0b2e23-9137-4f41-958e-35dd9022b458, 3919 
94057 79203fa2-6327-4982-9e0a-26dce9e739aa, 8505 
263877 98c0f239-fa0e-470e-878e-102049a3898f, 3919 
340236 fc866fbd-3744-4dd8-81db-c4db6b03244b, 8505 
51180 77eb2089-21df-4285-9c87-ccc4210d39ed, 8505 
257328 744c7613-37ea-4296-a48f-b1f4a2074213, 3919 
186881 37146803-7066-4398-8c13-f4173df44b27, 3919 
252202 2f18e325-9b1d-490d-9ba9-8e59d165575a, 3919 
306546 99135d8d-fb42-4d5a-9154-93306e898dc2, 3919 
272053 6b8b53c4-5be9-4455-b3db-3a86032c1806, 3919 
28293 37585776-d715-494d-ac6f-80dd3ac37c7b, 3919 
380618 64922617-8530-47e4-9625-862444ff0580, 8505 
195969 430a82fc-4441-4f6c-a2f4-4c0940abe57f, 3919 
273524 a33b1196-a941-4d1b-a0ce-3646ceff3c25, 3919 
332136 a57abee3-db86-4a2c-a3da-1577cabe2901, 3919 
199894 084b88f3-acc6-40be-9463-d0bed1157a5c, 3919 
192736 92eea893-9c1e-4753-9004-aba76e9bfff8, 8505 
200697 72848fcb-a3a3-4e7d-a80a-0433b0416a5f, 3919 
314631 1af18d6f-b49a-49fb-ae06-5faea0fb8500, 8505 
185516 cde0518a-4781-4571-9d4f-cd4fa18c2607, 3919 
252820 78bb7bc7-4e65-429d-b646-633f4cca7cea, 8505 
213740 d3fa11b2-1165-492e-b6e4-68895386abeb, 3919 
89840 170964b5-6c2b-4424-b6ce-de74d545a2e6, 3919 
317145 1160a238-74dd-42bf-83e4-d6fb5bf192d3, 3919 
256016 372e7cc6-4b3a-431a-a4b6-31193d11ac1b, 3919 
89152 625866f2-b17b-494f-8e33-c8a8fcccf398, 3919 
135610 e6cc4ff1-b242-492f-b06b-1b3b5f8d861c, 8505 
22963 52d6f52f-6212-4a4e-b76e-3c4611d28dea, 3919 
316910 a88cc6a1-373a-4342-b773-31a8dee82721, 8505 
375343 b931ba65-fd17-4608-9dd8-fb0f9f440a94, 8505 
149535 50168a3c-7fc5-46fa-bea8-f75fe451af73, 8505 
190836 84634cab-24fc-445f-b45b-31749f756724, 3919 
249002 fc7f06bf-66e5-42ba-a51c-6f73fef98e92, 3919 
389250 5cee828d-7a33-477e-86cc-ce5df4fd91ca, 3919 
375406 28cf11cf-6d1f-468c-b402-ff88a0f055af, 3919 
215190 42debf3d-ce7d-440c-88e1-764f8bfbad3b, 8505 
330045 b5309007-18c9-496e-8766-9c4dce45f019, 8505 
346756 712db213-db91-4190-9653-7154006f7842, 3919 
276846 588d7ce2-9e09-4c37-9061-c8c793dd3b16, 3919 
276149 58857b49-fb31-4485-bfad-38795e38ff71, 3919 
347425 abab1670-a694-44d6-b23e-7eb94ab63d3e, 8505 
360487 62a207fc-664c-47e4-9af7-c00044049182, 3919 
317649 181beb09-3393-4094-9543-d8fb3be5c277, 3919 
193118 894c0dc9-4351-4460-9cf4-f1a456a0e1b8, 8505 
92221 2840d891-c49b-43a2-a910-c60ab7b6188c, 8505 
175668 5bcae3c4-54f4-46c2-a350-bb80fd0daa4c, 8505 
326295 2dbdd473-413c-435f-a280-18ca7b894945, 3919 
390697 d193de1a-cc7b-42c3-97fa-2e14caed857a, 3919 
352713 e08433d7-4ecd-4b1f-aea2-bda0cfaf37f6, 3919 
364518 fec42533-60ff-4e12-afaf-8295463faa56, 8505 
46464 9794a35b-a44e-464f-9eca-5cbac02e9b05, 3919 
137065 5216b21b-f353-4b7c-86a4-cde4ad51a969, 3919 
90132 5939211b-cb19-4443-98ed-cbafbdc534b2, 3919 
314791 16fcad18-0507-4524-b4ed-1dc529f4edfd, 8505 
249311 12f4274a-3e63-457a-bffe-629b962892e7, 3919 
291018 ce8c5b26-e964-4b25-b6c3-00c93bbe4172, 3919 
218000 cd126640-5bbd-44c0-8a63-c8fcbe88e4e8, 8505 
260165 9e1b648b-df81-4d46-a443-20ed99d4a7d5, 8505 
356619 4d2a1c80-b8c0-43ed-b60e-affed5bda850, 8505 
264750 cfcc83fd-949c-436f-8082-5d339c7be7ba, 3919 
304300 56bd21c5-da78-4597-84b7-460e912e36f6, 3919 
46257 3cfab44f-9847-4719-9d7e-2f568827960f, 3919 
279374 1483a1ce-c85c-4301-b30f-3850f9fe65fa, 3919 
313125 dbe4c5ee-cfa5-4c8d-ac3b-c0d71473b416, 3919 
358363 2c6398c4-f5fb-4ef7-ab5c-aa4b24e3b654, 8505 
200285 7666db3a-0fe4-4e1d-bbc6-baddee4db9b7, 3919 
372978 e74f453b-45c2-41d6-a526-ce129578bb43, 8505 
51907 517f1120-80e9-4f75-a9a0-86d94f1f8262, 8505 
359893 0252b4ed-8692-4a20-b6ea-4f88526fd82d, 3919 
346757 62ca711a-385c-4c03-868e-a73d8dd55a85, 3919 
323742 7b869b9a-a4fe-4e23-ba46-80fe45971df3, 3919 
49142 9762b2bc-8dc0-4630-addd-932e3550f103, 8505 
216895 20116600-a347-49bf-8d33-d045e37a8261, 8505 
340978 131e3ddc-3002-4ff4-af79-547ced05f421, 3919 
399055 d34cbc8b-59c3-4723-80da-0910a5122552, 3919 
173407 abd06e7d-f55c-4d84-b938-5b9bee1ca37a, 8505 
46455 3ccdd571-1b44-4282-a477-e20cab37fdac, 3919 
75031 696f4df0-7c10-4ec2-aafc-21c8ad979b81, 3919 
249301 b562288b-c404-4066-92d2-7858b28ab063, 3919 
73445 f30941f5-e207-4d27-9756-6de83a26c6f2, 3919 
257730 d4ad7ec7-83a3-4e6e-a00e-ec9fd987eacb, 3919 
298958 679ae36d-2544-47b8-8043-d5febfcbdb80, 3919 
401914 e9005991-9236-4dec-bfa0-addf680506fc, 3919 
367481 95940620-e18c-474b-8568-785f28f91519, 3919 
304328 137ab1db-9dbe-4187-9547-98017539a439, 8505 
287519 6cdf5fbd-ac90-42b6-9ce7-699a9b84ea8b, 3919 
89061 1a17bee4-a89a-4d54-a6b1-a11893ae994c, 3919 
248853 58e396c5-d3a7-4c86-b8c4-4b339c18a8a1, 3919 
212712 6af1f2bd-0d4c-4c9e-9e40-ad28291d7967, 8505 
310500 03a4688a-a144-4fbf-b04b-b0c5cecaf8f5, 8505 
254742 00b74328-d879-4246-9cc7-dc7156d76839, 3919 
138935 c706a4e6-6037-475d-9d88-6c2e9c861594, 3919 
174345 bcc4e3a4-fbb1-4214-b352-bec752c9b06e, 3919 
387049 7c203ff9-ad96-4609-a7db-8d13208aabaa, 8505 
4 e7c4226b-1ab4-48a6-8edd-f5ce0afa5c01, 3919 
8230 cb5afa1f-e329-42a4-a64b-1fc6e185f9a2, 8505 
306999 61429dc6-4f53-4717-a3fb-e27a4370e06a, 3919 
310060 ac55bf1c-a0d5-4c33-8e87-103a79f47029, 3919 
143016 3a0225bf-002e-4682-adce-9c3dfc71c5d0, 8505 
314761 3ffef0be-852c-496e-bce4-ec1e9156e1d5, 8505 
129731 2a17ebfc-373b-4c48-aed1-0014f411690a, 8505 
81017 54e42312-cac9-4e6e-913b-55418322d83c, 8505 
197755 10a8bc1e-e932-452b-983e-43463e146819, 3919 
326464 f70f80b1-db21-43de-ba8c-4815e0c669b4, 8505 
16310 95755933-f17b-4eaf-abb7-f4e7e4879f33, 3919 
300902 c3da16a9-054f-4ffa-8f88-290489abe12f, 3919 
82631 2b5eb735-a94a-4126-b31d-711257ac9406, 8505 
384323 2b4edeed-2c91-4db1-bc07-d9d77053937c, 3919 
259476 6b710698-7895-4a23-a925-b74dee5bdabf, 3919 
32548 58bedf9b-1f15-40ec-acfb-3f8dd5b6ca7c, 3919 
95329 01f23959-79f7-46f3-92dd-109681da7403, 3919 
188101 67c701ef-5cff-4a2a-8a34-988cc5df7dc0, 3919 
121687 e83a657c-5cf1-4afc-8a23-3d780ae1ac00, 3919 
74985 15db1b4b-da1e-4611-813f-d731cc3bd442, 8505 
2441 ee3d25cd-5e28-4fe4-ba02-c895a46526c8, 3919 
178621 6e35236a-9158-4d8f-8640-bb595d167954, 8505 
271226 c908dd3d-7a2f-40db-84af-c6fae1825d94, 8505 
76818 a143ba10-e997-4681-926a-716ea6ef5205, 3919 
242250 32248b4d-24bb-4184-acad-faad4f9f2119, 8505 
109388 17be4c5b-7368-4870-b45c-dda2e4756abc, 3919 
330739 01ecab25-340d-4834-b861-94d18bf38257, 3919 
62664 fba34730-3396-4453-b903-7b5a478e8f93, 3919 
391072 7c2f6761-969d-4e4d-8726-772e361e7e10, 3919 
257832 6a12156c-c0c5-48e6-b233-330022c42864, 3919 
92585 1fba821c-c6b8-424d-a67e-d1ee4658d9c9, 3919 
234900 3c39afbc-0726-4fde-a8cd-5bce07162a1d, 3919 
27537 a8b4b2b5-f0d3-40ef-bb98-281d2c114e7e, 3919 
225984 1fd3aa8d-25ee-46a9-86e0-b669adf1c83f, 3919 
8107 5f47f680-8d71-4bec-bd93-0478c93b2c75, 3919 
215530 5b893a27-d3fe-4ddc-9fe1-dad887bd5ff4, 8505 
383440 884437b3-a70d-4dc9-b15f-46a8d7fea058, 8505 
6718 6083ab2a-7b21-4217-aed6-8f80f63404ab, 3919 
117237 11fcb19c-3c56-48c9-91c3-23d1ce094ea1, 8505 
313750 444e7ab7-3da4-40d6-9e7c-c9a8e8c9d33c, 3919 
150939 a3498383-50e0-4b22-9b70-23cd91438102, 3919 
398084 0dcedbe0-7e2f-474a-9df4-615ebd154bd2, 8505 
69300 2e5ae512-fdb3-4ec1-a707-a326fa2fdbc5, 3919 
297509 69da3527-d0f9-4a5c-aa5d-2e61aab2c06b, 3919 
78832 568c4b40-022c-4fad-aea0-74caceef97e7, 8505 
214020 650ab6e3-0980-407d-b61f-89c657bac260, 8505 
314680 56c70070-d170-487a-ac0e-8c7bf0d1b885, 3919 
66290 658881b7-cc66-4043-bf4c-0158da5cc4d4, 8505 
24342 0bff81c7-4ee4-4c7a-8b38-4a7811fc7077, 3919 
360416 606caba3-51f7-43af-be43-6b49c5cf3747, 3919 
397158 04aaed6d-49dc-4e5a-a6c1-71a2c7f2b4e3, 3919 
358942 5ca27e5c-15a5-4c09-9f7c-618aa1bd1c13, 3919 
61985 af56e1dc-baa5-4db7-ac7b-9f09bf8acc9d, 3919 
71822 4d744f09-1967-4c20-bb6b-2d6b377ec20f, 8505 
313491 56a553b2-40e2-49d6-8f06-66ff54020a00, 8505 
195536 5803efd8-e07f-4e66-aa75-d521693e6ac0, 3919 
194447 07a689c3-7c7f-4ca6-81c3-b18ec79793f6, 8505 
341923 cf0c3d7f-ede1-4a04-9d43-42b05e10c649, 8505 
330065 6ece346e-9c81-413f-9aba-1d1f9d37bd94, 8505 
314183 bb49faf0-3066-4dc7-8476-c7688308d906, 3919 
175630 598fafb1-7d7a-4e71-b9ef-3a2d68423afc, 3919 
243140 1995b63f-9b51-4be1-a8e3-c29774b018b1, 8505 
215199 f31783aa-ef14-4f37-a202-87bf00a7479b, 8505 
284538 471c876b-2895-425c-bd8e-1717ce49c289, 3919 
180682 21ef3a95-ba12-41ce-a7f4-1109222e502a, 8505 
120890 38c91d5a-e5c4-4a55-b2a9-cabd54f44daf, 3919 
357881 ded6521c-d1f3-4db7-a3cf-4a2a9887b005, 3919 
233687 295b9c37-4152-4db4-b1a8-62e60f1dc780, 8505 
328446 e9376231-77db-4388-bbf1-35db978fa25a, 3919 
258934 1ccc009c-274c-4074-9fc1-9d0e98ecc863, 8505 
301692 eeee6d37-4744-49f9-a6da-3c68ddce812c, 3919 
375005 c3887774-f44b-4cb1-a662-e933ad4f9ce9, 3919 
116198 734bc293-b79e-466a-8a43-93b0d507eb32, 8505 
251611 416cf16c-cda8-4cdc-afb0-e65d408d7ad7, 3919 
325886 ccccbfa9-7c0c-46d4-9e02-b84fa56fdaa2, 3919 
230097 4d95fc7e-1ce3-499c-892c-5e2d6a505452, 3919 
67113 04e234f6-fcd4-446f-9b28-52abc7dc6cbd, 8505 
392100 6ef1b41a-378d-4ad0-b940-8ef9ca48c2f4, 8505 
334786 a97aaf11-b5ae-4592-9e08-395e96bd5cfa, 3919 
193877 745f8f63-77bf-4457-a53c-8c29363d4be5, 3919 
96265 b15386e4-f401-46b8-a800-de9291152890, 3919 
354097 0c6c0cd3-3891-4517-8b92-bce943db2d42, 8505 
321343 32484ac9-6b45-4b42-b01e-b646448a1443, 3919 
282692 0b7861e9-9a4b-42ff-8c90-d1f946c54cb9, 3919 
291377 837cd533-dc22-4202-9763-e40fb7b7c73d, 3919 
11574 3fa3a281-2abc-4239-8c98-b49ee50ebbbb, 8505 
209050 4466580c-4047-46e2-998c-a9e01aea75da, 3919 
325291 804d6c8d-87b2-4fa5-96c4-2b2780b75d81, 3919 
188617 48fb6a8f-0684-49ec-96f8-f024dd2d5344, 8505 
380540 d9623c06-2d46-4458-bb31-ac0e1712ef1b, 3919 
384691 14d57e4c-995b-4418-b425-a07b6c358319, 3919 
61602 61e915ba-4946-4c9c-b631-92825bd3867c, 3919 
282607 04c5477c-b252-4757-b110-4debea03a9fc, 8505 
89397 be2c3c9e-4036-409a-94db-2e1b91dfca78, 3919 
93580 8aa4962d-2980-4e7b-baef-9790c569e1de, 8505 
331917 417b1c18-eb28-4640-ab88-818b36636eb7, 3919 
243838 eae823c8-1ddf-40de-8ded-b60768b2c419, 3919 
348568 102d7841-c722-4184-95aa-cbdeca59acbf, 3919 
158897 db6d62ef-156d-40cf-85f6-f35e31ff19cc, 8505 
103502 752f14c5-597d-45a9-b3ca-8cfa09ad49a6, 3919 
222673 abf7443d-ebec-453f-bc63-a7fc82387303, 3919 
297053 ab9d247c-a46e-410c-981c-020d77fa94bd, 3919 
159778 630cbca1-2341-4994-bae6-c2ec8ddaadc7, 8505 
180281 132ffd68-7c89-4f34-a6dd-aaa909b1bbf3, 3919 
360333 ece1a1c5-783e-499a-8346-22b9e948aad0, 8505 
354235 e1b2c5f9-8398-4560-8ce0-651449d79161, 3919 
238791 f405a932-7987-47fe-a8b8-19e34ab0a8b8, 3919 
151850 0e1c2ad6-ebe7-4783-bb5d-dbf58baa2fd0, 8505 
172996 15fa8302-ead3-4119-aae7-9c79dbf43303, 3919 
220592 73e6baa7-431b-4f28-9741-4e1afe272c9b, 8505 
26836 99961bf5-f36b-4af1-8409-cdb9061fdb62, 8505 
274812 f8cc7742-f565-4da3-b217-05f4eee98c54, 8505 
220929 5a0d362f-addf-4fd9-bd41-f6eeb265dd33, 3919 
43805 bef83bf2-6369-41dc-a1a1-17522ec91110, 3919 
254695 e149936b-9583-4465-8281-fe247cfc7581, 3919 
110655 c15f6824-2264-4329-9882-2975f0e26b53, 3919 
81344 6c334912-e22c-43f0-b9b3-7be6a75195b6, 3919 
324806 c03e99dc-a007-4f31-b1ee-b36b9c72adac, 3919 
309725 a864de50-b2d2-4bfa-8b08-1c7637e70df0, 8505 
292176 1f76329b-9ed9-4ac0-a79d-2fbacc1df540, 3919 
313863 e28a442e-604a-4c34-a0f6-25c8e40f5465, 3919 
129005 cc16489e-5dc0-4055-a499-e7e384280f88, 3919 
99488 6e8545c4-799b-43ec-9ef5-f0da00ffefeb, 3919 
5984 9e745d5d-d0e4-42fb-a0e5-7b783a5e1a42, 3919 
192285 de6aab5b-067b-4849-9da5-5858a160b98d, 3919 
245187 a3a32a2f-6485-4d16-8ca8-583c32854db8, 3919 
180400 5a57e505-6638-4746-9fe0-5ea57d8e1e67, 3919 
150962 5c218043-0b83-46fa-b81d-6622759b6da7, 3919 
309979 ef34b586-37dc-4c43-a1c6-6ca6bd67a8d8, 3919 
340394 0c69cfed-9bc8-4ddd-9415-1af18213494a, 3919 
160704 c77d54bd-ba13-4ee9-9e45-9531af4d4724, 3919 
6623 fd36dc5c-735d-442d-b017-f66451682e62, 8505 
144855 0524a61b-d12e-4ff7-ac0e-4e8e14e08199, 3919 
89612 1b17744c-be7d-49c0-89e0-b924b4ee0cfd, 3919 
313396 681b7e20-0d83-4e69-b404-a7d214fbda1b, 3919 
357831 6397cce9-1323-4e3f-8796-3de5b0b12a66, 3919 
43072 e3894a46-acfe-4298-8468-4ba6b061de48, 3919 
85440 8085b28d-47aa-4d0a-ad6d-72cdc5faf9ab, 3919 
331489 bc4b5b5d-16b4-493d-8b06-19b528e6109e, 3919 
149179 9eb8343d-1281-4703-97b9-faa98550619d, 8505 
151936 e3a0fe84-024f-48ca-ab51-d3d2de233510, 3919 
62912 ce4fd5db-98be-40ce-8f76-56a6dcb0f877, 8505 
359490 fdff7edc-7235-496a-acb7-53928aa2697f, 3919 
33829 6d256ad3-dbb5-485f-9398-847a34237e7f, 3919 
311489 ce2a2572-6c6b-4d6e-9fae-49ef462430b8, 3919 
258445 ce77c462-afd7-48d5-bff5-9fe5f85d45af, 3919 
323840 90a5bb20-ab7e-480a-a224-e8654b03e624, 3919 
199893 7c61d487-06b7-4ff4-b58d-30b92508958c, 3919 
290497 732224ca-3049-45fa-b2cc-f1efefd53114, 8505 
311424 dd6b8e09-bcda-41fd-b715-69103d92186f, 3919 
5816 f80662a5-c4ec-4590-91e5-34445912ce1a, 3919 
287195 5238cebd-5ac6-4dcb-9a3e-a2b1b7d51978, 8505 
129313 49863711-34c9-4e59-9cd3-0817364cae1e, 3919 
182354 d4e8e32b-2477-4629-bb60-3cc589326a41, 3919 
5246 b8ccc25f-82b5-4ddf-8b75-e17dfb7da551, 8505 
188092 5f8bdf58-321c-4c46-a256-b3d6454bdc0d, 3919 
320155 1c07bf5b-9732-48e6-85a2-19a80d281516, 8505 
297998 cc4661ba-ffc8-4d22-bb8b-5bef711e3d9a, 3919 
207276 e5c311ce-5f59-499e-b421-33c768229382, 8505 
365504 566842cd-2901-48c9-8ad3-229f782aa4f5, 8505 
229277 3aa787c0-34d7-4425-b8c2-012e70de0e70, 3919 
154034 0d229021-1919-4bea-8b10-eb6ded588295, 8505 
178266 59230c71-cb77-46d4-aa5d-1368f2ca2119, 3919 
40492 93667e3a-c232-443a-88c6-5f366bd092c4, 3919 
82264 bfa7c1b3-91ce-44af-a981-f1f11c6a0b39, 8505 
263252 33f7fe7e-57e0-4770-a61f-11f03f2f4957, 8505 
250724 e41774fd-5516-45c6-a160-4803927bf96d, 3919 
130555 b8164cd4-c6b5-4a67-a9c0-c0d310fe1fed, 8505 
171022 fc1c8cb9-5ceb-4f64-81d1-b98bf2392d60, 3919 
58838 70dc94ca-2dca-4da4-ac06-822532f288d7, 3919 
183908 6bc19c02-6c8c-47c0-b6f3-dd7b94479806, 3919 
70262 8a476e04-3d0e-4234-9feb-65d096524806, 8505 
372418 ddfa583d-27bb-4434-89ad-5f8d004b35dd, 8505 
19224 92826ebc-08ab-438e-9162-bdbf716c9563, 3919 
139969 babc0f17-8d83-4e68-b8a0-b88cd2e69b04, 8505 
128085 7cb4dbbf-8828-456e-9948-20a0383175ea, 3919 
156893 e420d503-b6ac-417f-bc0f-a5af7e4ba2a0, 3919 
84363 27c6d601-a3b4-4571-bcd2-e6959a649080, 3919 
6109 2f3d7cfc-0f50-4b94-aee6-973bf03a2e59, 3919 
60365 0b2f466a-3e38-4c43-9617-e7223c88fd60, 8505 
322465 0c01038c-b1c2-46fe-8f4a-85f949a053e2, 3919 
199569 725935cb-8197-48cd-8a71-b4391c018b1a, 3919 
37683 f574335e-21ca-4e21-bfc4-43f84da9e80c, 3919 
64311 d3031e27-40a4-407e-b6bd-c024e89ade9c, 8505 
84103 f70dbf54-5252-4bb2-b334-ee8091bf5158, 3919 
80681 9fb7c0f8-6b4b-4e7f-abb0-c2d7e707a0a3, 8505 
32106 b69e0031-7a1d-4a99-a234-1d0736f73bb4, 3919 
222761 cdcaa5bd-85bd-4c6e-8cf7-3eb3d644550e, 3919 
377547 ef86c4ff-2222-4f7a-82b5-69dc628b70a2, 3919 
144901 23b03ed3-7ff8-48dc-bf24-9e9f1dc07fbb, 8505 
156405 4f2334de-49c7-430d-8dc7-2c48ae05f446, 8505 
135819 5461cc42-bf0a-47b7-991e-b21367df1544, 3919 
312565 c835c3ad-3aec-466a-8b72-346536076078, 8505 
277224 718e32df-3c51-43a4-9df0-36d2b198857e, 8505 
276095 c7b78934-e974-4f8b-b5f8-1c935801eaae, 3919 
390383 9d555926-4d90-4c36-8ea0-4f6589b8ceb4, 3919 
377164 dda18596-cca2-46ac-aeb8-07a61ac74650, 3919 
390491 31ae767d-bb2c-4497-a9e5-b2fc3ddab58e, 3919 
161350 d0563720-54a7-4950-b106-71e92d999c0b, 3919 
355541 1116bf54-3177-466e-ac08-d96ea6b82c0c, 8505 
76758 4aa282bd-66b4-45aa-86ab-99b8b3720ac1, 3919 
242345 5f5d18ec-e100-4a4b-addf-2b244876a337, 3919 
374604 309c396c-ee47-41e6-99d0-baf0013b30bd, 3919 
393037 0ccb4b34-861e-46b0-9ae7-0a5c7e056020, 3919 
156042 92bf0ea8-812d-46c4-aa8d-75c3c0e3f7ae, 8505 
307961 da042e9c-d433-437c-b966-6c600512ac41, 8505 
47326 30c59b78-cf6d-4b83-a5e6-c06e8e246edc, 8505 
144948 65f4774b-fd43-4552-8e77-45fe0d00cee9, 8505 
53167 05c6e5e7-7ad4-4a92-a6c4-7ece2fbf9f2a, 8505 
8064 79775d03-633b-4ed9-bd7f-0cdfa5efbd47, 8505 
244067 0d70b203-24a4-48fa-ae6a-87737da1c77e, 8505 
306469 fb173076-51f2-49a9-9e02-bf15e61c4770, 3919 
79087 663d6102-c0dd-408a-a124-658c02caf14b, 3919 
181055 3b9f76fd-0273-448e-838b-f0beccc0d390, 8505 
167510 7a010f20-8673-4ae6-8150-39f9604bd6a0, 3919 
210722 99e92f73-a5fe-4de4-8213-e0a09bb0a77a, 8505 
214116 abf3b904-9228-4b0a-a998-8b3f0d9d2e00, 3919 
74844 d765b809-eccd-437b-92f2-5cf16851773e, 3919 
89421 0665eb64-2b3e-48fc-869f-cd50dc6257bc, 8505 
285261 81c19d6e-2c52-4777-bd1b-d26824f0922c, 3919 
292743 a3681702-fe9e-49f7-9631-0a256aca25c7, 3919 
393533 94cabee1-aeed-408a-86dd-5cdf9ee7285b, 3919 
29006 33964626-0f91-499e-81a0-cef8551f6f05, 3919 
298974 117eeca6-7778-4f0e-b92f-20d1c65e7d99, 3919 
358285 4978586b-f2a2-4635-be91-5b70b8c85e0a, 8505 
232543 12f8b6c1-8652-4a98-8671-75ab087c99b5, 3919 
301784 7987147c-cce6-4b81-8ee8-4ebad992b5f9, 3919 
131053 c591fbef-7f0e-4347-acc5-5a8ba7f17db7, 8505 
209906 485a0d97-7033-46bc-9136-fc2132040739, 8505 
402782 307ad471-461e-49d8-9adb-5ef17eedee59, 3919 
47425 cb88a144-3c07-4984-bce2-1114c5402b7d, 8505 
371504 c20c1e07-4fe2-4955-b8ac-3cc02c3858cf, 8505 
185963 004295a6-6a72-4787-a785-edd64ebb54c8, 8505 
340538 e39cb2b0-08a2-4f01-accc-c93607c17a5b, 3919 
215806 da331762-0588-4a80-81b3-30294ede0d85, 8505 
382085 c7a978cb-3959-4fdb-a2d4-f0d758902fb4, 3919 
42206 6620de14-204f-42da-919e-9f1d15691d26, 3919 
203205 8552b987-02d7-445a-8870-3f41969b64d0, 8505 
7123 f98d1a18-dff9-4298-9958-c722a4b5de7b, 3919 
185735 e66b3849-fd1b-4316-bc4f-89746814f020, 3919 
361052 e6ccf95f-2d5a-4f8a-a8c5-63e0b4c60028, 3919 
178419 3a03f9e2-6b16-4113-b4a7-768367b2e43f, 3919 
131925 f4d202d9-7caf-4714-9db6-c3605800b11a, 8505 
106901 43807e94-8239-4ee3-82cd-af1467ce6fce, 8505 
155801 36c2a928-970b-44d6-a830-b9998f11ee9f, 3919 
194144 5332fb6b-6aad-4b42-9562-c7165b442855, 8505 
309719 9aeffae7-a800-4387-b4a4-47ef93359578, 3919 
4472 bdfcc789-01a6-4773-a1a0-746e39f2aef3, 8505 
210912 0a579ef3-a96b-475e-94a5-eff11e31dfa2, 8505 
130350 9971024b-cf33-4903-a425-d33bf1043f5e, 3919 
397662 19b9fbd4-47a3-4881-9599-c915c1f3dba2, 3919 
227474 cd36810f-77f1-4c09-b127-bebc739076b2, 3919 
284704 4982ccbf-cd98-4b77-b2d0-23c786c2de2e, 8505 
247914 813d1ad1-9633-4e7e-9620-3b0456060830, 3919 
276693 295cb5e5-6033-4154-a541-e45e3719cb6d, 8505 
90542 8b460fed-e701-4a34-8f2c-7d103438f5f3, 3919 
11620 e2b0c959-fb6a-4c31-be1f-b1d0a3696ea2, 8505 
341083 c1b9a13e-4d35-45db-9825-5a15d9064f72, 8505 
331496 b1154914-acdd-4bee-bd81-23c825b34fae, 3919 
138107 12d5e200-73c7-4e11-83f8-8ea922e4044a, 8505 
223397 f2c025fd-e073-46b4-acc3-1f1bac0d0306, 8505 
302834 91201e9f-3c51-4c47-93ee-f2d0f6196cd1, 3919 
130285 83ae1ccf-087f-4b91-8a1b-ef1fc81d6938, 3919 
176866 291c7c78-5e25-4f21-9839-c093e7a2de3c, 3919 
300895 cf8d6f63-c3cd-44b2-8e69-caf7914fed22, 8505 
178127 8c70d622-911e-4e43-8b5f-fffd4b18cb32, 3919 
203747 158afc61-e81e-4e21-8f37-f2f2d43e632f, 3919 
393602 4133d21d-ec9f-49b6-a914-7f83e7edaae8, 3919 
143509 66c42c6e-2e67-4f94-8e19-6c1df0a2a7e0, 8505 
120322 b7bdb26b-2cfb-4c8c-8f22-d593938aa2fe, 3919 
40836 b889069b-bcc5-4d45-812a-c1b88eccabd5, 3919 
123441 dc43445a-406f-4831-a2af-1eb3fcc8ef46, 3919 
111471 9d70852d-9e1f-47c1-82e2-ba971184549c, 3919 
273441 585e3b65-27d5-4ac9-ad88-039196476e8c, 3919 
18767 3814862a-50c0-4903-bad3-a0ff0f822fec, 8505 
170333 c8941625-962c-465f-ab59-e4cbd75e13cc, 3919 
242796 419e90dd-17a5-4b83-8dad-c909aef86511, 3919 
363200 f901c5ab-9cf7-451d-9fca-4e5038d1de86, 3919 
403497 480906ef-3c1b-49ae-b5b3-9d1d8531d755, 3919 
358948 0e58ae16-dc27-49a4-8b66-411424eeebdd, 3919 
39022 e9b005fe-e2c0-4aca-85be-c2bb41cec9f5, 8505 
61828 ba15e9be-9f48-41c8-977b-5f0683f59eb7, 3919 
371773 5fb906cc-3fa9-42df-aaaa-6765442cd7e3, 3919 
282788 de46b7f9-dbe4-463e-81fa-d1cd77161057, 8505 
119557 298ae532-c075-4db9-bca7-809359efb3b4, 8505 
236474 e880e344-b5d5-4267-ad94-2783d1ca7aef, 3919 
42504 3ed66691-1108-491d-b312-4735dd38c5f7, 3919 
127622 3a85da6c-9efd-4a20-9e7d-6289bcc28972, 3919 
74389 c2740b33-7e50-40eb-aeda-772385b117ee, 3919 
349240 83099ea0-b4dc-4156-9506-5ca5323cd626, 3919 
254334 20be1c9c-0974-4310-b574-96abbe1fc026, 3919 
242628 407260a8-0a0e-4860-b450-abceb11b9513, 3919 
347225 75a41b67-6483-4011-a853-b789d73f950b, 8505 
269180 d8a8c671-3b23-4226-b2b8-caa9d7fdc748, 3919 
52906 077aecb9-9be6-429d-bde0-9790d9bba0e6, 3919 
325817 c34447da-3fe2-43ec-95c4-ceb36291b93b, 3919 
30148 44ad11fa-feb8-470f-ae6d-e642daf11c56, 3919 
150893 361d9138-fa49-4e97-b25a-9b1fc10459a6, 8505 
175984 d3b76935-ec69-4853-9c10-0e27b2603260, 3919 
95278 2dc69a20-1e90-4e40-b17d-ea4bd8d409d7, 8505 
57322 9a2b6f07-7bb7-4aaf-b0e1-90659cc4311f, 8505 
263145 2094717e-ee5d-48c6-80ac-50119ea7f783, 3919 
332952 3bc3ff0f-9c3a-401b-933f-c93fd1976547, 3919 
71188 eed4c559-a426-4829-9c9b-8d25b0027d1f, 8505 
385496 f4e3d574-05ed-4a1d-acb8-228991629c86, 3919 
386197 7c54b589-fd56-4c0c-a3c5-c137d09d1407, 8505 
149855 c6570fa1-d8f5-4d82-919b-4a2ccbe55bdd, 3919 
234241 e535da90-a9de-4c23-84d6-a238bab85a1d, 3919 
190673 80ea9d30-fa3a-4e2e-8925-2595a81a463e, 3919 
377589 b625baac-edd4-4590-ac9a-c1d1b2816ea9, 8505 
63809 8459e09a-0d70-4c36-8c3d-c3ef888a55c0, 8505 
125202 861c8225-c0d9-4ea6-912a-f91657970ca2, 3919 
299116 1bbf73c3-3311-4ca7-9572-3b494f34c6f3, 3919 
290107 18937ef8-0d8b-47d2-a3f2-e2084ac308a9, 3919 
178026 a5cce5d3-7754-4375-9e9b-66020d693469, 3919 
87195 a5112c80-975d-4bc5-bcdf-f605010d4124, 3919 
44651 df65b99c-b86f-445e-b078-0b3a793cec40, 3919 
375483 f3ffa821-715b-481f-ab4e-316d9efe37e7, 8505 
22170 5fdc08cc-fcf8-42ed-b441-23f2c004a9a0, 3919 
391224 b3b0a6d0-70a9-44d4-9edb-942dcf417d29, 3919 
243252 f4927e12-58e1-4cb7-a4c6-b9d227c71dbd, 3919 
171309 55217d9f-fc53-452b-83ef-49748f516f8e, 8505 
6652 a34d642a-1c79-4f07-8f32-3518c381ef90, 3919 
313792 21a7e3ab-df18-45ff-82a7-5bcc75998668, 3919 
300475 bb2ac2aa-a2d5-4e39-8e94-3e48ff6367c3, 8505 
361336 ee9fe57e-31c1-4e68-8537-1a3c22e852d9, 8505 
308245 dcb21f75-b7c5-4468-bc4f-ebd292002054, 8505 
97073 0b3a4705-8988-459f-95d9-9ffeaf8c57e2, 3919 
53717 c11b9610-59d1-43ec-a9f0-f209cb693707, 3919 
241362 1044f457-fced-455b-8fc5-16126dfbef48, 3919 
182892 5d3f1a32-f28c-488b-b5fa-e7e9706d6e4d, 3919 
139524 fb42aa98-4901-4145-8190-57baf6c22616, 8505 
61531 efec05c8-cc50-4890-aaf6-29faeb959f13, 3919 
321281 d1eb7945-924a-45d0-9fbe-ac01795c7f14, 8505 
171085 6a2cc37d-f1e4-4ca5-ad07-3d5eb73f4d9b, 3919 
95627 08b16cb6-1730-4ec5-be3d-c3c301c5c1e5, 3919 
127385 b94d01f3-544c-4e65-8ab8-8ad53897025a, 8505 
66137 722f2882-17c1-4eb1-9b3d-6c17fd7d2ac3, 8505 
102914 a1011369-8f70-49fc-b570-8d9a94c7d459, 3919 
279402 42d1941b-2c41-462a-99fc-53c633af52de, 8505 
290856 fe0ce20e-78e3-454c-ac86-01e35964c0b4, 3919 
270279 1be8562f-455d-443f-9d1e-9cf8f7cb144d, 3919 
363576 18be96ce-9a02-4f36-bf5a-99bf8269846e, 3919 
270802 1766a9cb-1ff7-4230-bfba-f4d057204d9c, 3919 
109419 d504c6a5-de3c-49db-8f86-ae37cfc3faed, 3919 
15241 77a7f9b8-3a28-4c96-972e-3cf5495221a1, 8505 
248210 99ef4f3c-33b0-4466-9cfc-84f21bce40a2, 8505 
229395 c2203fc6-6860-48ef-ba2f-be07c19da3e2, 3919 
373465 8c94901f-6a81-4bb5-998a-848c82e002c2, 3919 
208381 ec08219a-4120-4ee6-bf59-11cc1482a25f, 3919 
317008 b3a812dd-d21d-47c7-a5a3-9fb95063b3af, 8505 
208740 ff688ef8-fd9e-49db-a037-b2e11c6ae8e2, 8505 
63022 70778f7c-f52c-4c5d-a22b-4ab10d4edd1a, 8505 
49948 756598a0-b3c4-4588-bfee-8d614f289d49, 8505 
237788 65e46441-d863-4a40-a197-0f7b53404304, 8505 
106570 3d56a1f2-b219-4ac2-bc59-b344668d6e89, 8505 
69476 f8fdcaae-6566-4fb1-926d-94b169126c61, 8505 
244820 4bdb1edc-5ac1-4516-b14c-fdddddb76985, 3919 
243417 02cdfc88-e386-4943-8cbe-6f55c0293c8d, 3919 
364426 c2572926-668c-4667-804a-84b0051e9f32, 3919 
140424 3a0f7942-6bb4-4813-a264-63f1a7e1f5cc, 8505 
262663 ed490616-0e87-4bbc-ac60-fd7b3fd8244f, 8505 
33170 f6e15817-e2cb-4316-85eb-d6242d63da7f, 8505 
189419 745e7d07-3b63-418c-9bc8-d242c29d906b, 3919 
393629 053b96a2-0436-4524-9498-b6ff77c2f010, 8505 
98172 1b4df526-cb68-48ec-972a-985f07cd0b35, 8505 
76387 e1ede61e-4b84-4bca-9b7c-9993582aeaa9, 3919 
133058 f11dbe44-009d-4364-a29f-4bbd5397032d, 3919 
303333 28e28c21-5cdd-4f1b-b31a-8e92b40d934e, 3919 
109353 25cd4bf7-e01f-4ede-8336-d60a614ad79b, 8505 
180528 fdb65124-1c05-401b-bf56-63fceb88f415, 3919 
339078 505d7a9c-3b77-4c34-b5a5-9f89fbebbf66, 8505 
115339 31641d79-6750-4c22-baa7-109e395f06a2, 3919 
199812 87267112-b396-4f27-a27f-40ece31aa87f, 8505 
18589 87a25bdf-4f11-41a8-a33a-98af5b631099, 3919 
127360 4283f851-1554-4edc-a75e-302e6cfff9a6, 8505 
144829 324ff942-d561-4158-9106-366405d6a856, 8505 
171890 86417918-a583-49da-9d80-b8ed452e5219, 3919 
263867 62ce1ac6-b619-4660-b241-a4f7202eba11, 3919 
8229 48c906d1-ad71-4096-8831-268bfe47a7e7, 3919 
395934 2a2c8670-4506-447e-8246-8019b40f83ca, 8505 
42031 3749efbb-77e5-49b7-a342-ab1089f7b486, 8505 
111924 5e06e358-54b5-4c73-9ff4-3f1bf8c6ce2a, 8505 
57094 71cbba48-670e-4a68-923e-861e80a455cd, 8505 
337508 a205da94-79e8-4bc1-b148-30a9fcc33d80, 3919 
218464 fcd4241a-787d-48e8-b7f4-b1aa3a6f145b, 8505 
221358 d3a18b1d-fa47-4929-bcdb-780b451857af, 3919 
57206 2e773ebc-59b1-4350-b001-7e03408969eb, 3919 
104249 817afdb9-2ff9-4488-9622-56c8baaa4fef, 3919 
238699 106f010a-ac10-47a1-a8df-93243e64430e, 3919 
235385 0d97215a-08db-4ca8-9a20-83e994b0f658, 3919 
68802 79c4b96e-eb4f-47f1-b91b-b632e381fbbb, 3919 
228777 269ac164-7e6b-4d4b-b4f5-9978d9f2f2d6, 3919 
34045 6ca141bb-a70c-49ad-a4a7-eb4e6af71cef, 3919 
382446 f62036af-82de-4a4e-b6c9-52a6774b95f2, 3919 
68758 1d2273a6-5a9c-4a69-94db-1aa204e2319d, 3919 
241357 b5835657-0662-4569-a128-28d5c5a0af5f, 8505 
150060 24e140d0-77e5-42db-a1d8-8151eb52c02d, 8505 
86105 2b5a5fa4-e6b2-41dc-b5e7-8e7bcda12791, 8505 
333796 2cb64eee-04a5-403e-93d1-0b19e32480ba, 3919 
354932 4f6a8885-5484-4e85-b421-66c5daf5e4ea, 3919 
79184 4b9a9ba5-8061-4452-b1e9-9a2e09a6e670, 3919 
8199 60e9b6c5-ad70-4a8e-af52-90dc51260de0, 3919 
230976 63e07fe6-5d7a-49a4-b7e5-46b20aae25a7, 8505 
94120 04a37d4a-244a-40f9-a5c0-f079dc7404d1, 3919 
231759 bd7eb664-4f05-4a77-b93f-374eabebafe8, 8505 
297999 d9b8f67c-9e08-4449-8e2f-40275ba7c001, 8505 
302634 1fd488ac-40ec-448f-bbd5-553057b2b110, 3919 
403358 b0801c05-07fb-45ac-9fca-b296257bd770, 3919 
192919 e8bf0cc6-d1d4-418f-8959-5ef5d0438bf4, 8505 
340256 5d7dc9d1-834d-405e-9cac-03337bf9d84e, 3919 
15544 59d5fb53-5720-4a33-9cff-41636e07e8e6, 8505 
19849 541fdbcb-3eca-43fe-ad0f-2bd3c8b0371d, 8505 
129719 77120c2d-c32d-4b58-98e3-383db24cd19a, 3919 
130379 ee4eb46f-ec67-498c-a455-517c9912a4f0, 3919 
365273 e9c35773-0381-4f3c-9889-2d8efd482eda, 3919 
85152 c99e3863-5df9-452f-89dc-19c61ee928f5, 3919 
200516 f9057cc6-5a58-4b45-9dd2-27aef3587fa6, 8505 
74962 252bf2dc-912f-464f-ac6d-9f3be79bd5d1, 8505 
377187 cb603cca-66e6-448d-a7c1-daa5faf3f547, 3919 
373103 75375da0-9747-4a49-bc37-a0bf4e354601, 8505 
150608 86ce0c2b-1507-4aa7-8eb5-93daa67a69f9, 3919 
304257 f53b441c-40ec-4bef-81c4-10eb4db3dd1b, 3919 
241172 86d64fad-9cbf-40e7-a376-9762fbdeb322, 8505 
343494 002e8839-022c-4e91-a5e6-dad955315ff6, 3919 
998 285373fc-5aaf-41ef-a73d-a8027e0c11e2, 8505 
4121 11387870-7e39-4ccd-985b-86c379973acd, 8505 
277790 b18273fc-6a90-4b6c-9206-92d62aaa0375, 3919 
91343 9476119a-159c-46e6-9fba-47c899c206c0, 3919 
85634 aca1a40f-3e34-4763-bb66-1dd0c992038f, 3919 
86827 cc07cb63-533c-4a22-b87a-04556a1d0a5b, 8505 
204982 0bc1ed86-d4c6-4be1-a4c0-ed9329c9183f, 3919 
101967 696f56d6-920d-499a-9230-1b90f4b22534, 3919 
56899 96f2971f-e274-4386-8bd7-8810f2abd7cc, 8505 
293706 854badc6-706b-4a1a-a153-e8b604d510ab, 3919 
374166 cc11379d-74d6-4956-abe4-ab1e94997601, 3919 
129678 0d7a30f8-b180-4874-97f7-65cf7da34942, 3919 
235319 423f862a-4f62-4cee-8f5f-dd09b65340e7, 3919 
270253 f08f0c83-f645-441a-94c7-e75e1083e81b, 3919 
6807 64712da7-9569-46ab-b886-1e12c8e62dc1, 8505 
377984 f63227af-98ff-4999-95e0-42c7ed081337, 3919 
115641 967bd379-8512-4c5d-9d64-af94758eb3da, 3919 
63715 6c11f4a8-a0f4-428c-ab94-f077676ba5ad, 3919 
329196 b96eed54-b0a9-46bc-a698-9f18844d7b51, 8505 
300305 2d585074-268a-469b-b7a5-1fc2452a7529, 8505 
218353 9734be67-a1dd-4347-87d9-3f73682c7c73, 8505 
39603 cbfceae1-9b37-437e-8f9a-9ec4f99b2466, 3919 
7583 3b73e8b7-13e4-4ade-8365-11bbac729165, 3919 
319140 bf1f6dc1-0422-474b-b988-94a10cbd5c8d, 3919 
16239 a1a22a77-88bd-4cce-b969-322115d2e7d4, 3919 
267382 caa0622e-e6f3-4bae-9c0c-eab9fdbbc1cd, 8505 
147351 6d35b05a-8296-4a06-bdb3-abcb1376ea39, 3919 
202271 15321ab3-0857-4f65-90e8-1292a6879f20, 3919 
278038 1aeadb8e-8bd0-4ea3-887c-27d2c2bd28a5, 8505 
356553 e76c10b1-8d88-4cf9-8723-0a842ca8cf7b, 3919 
71937 54ad04dd-a0af-447a-974a-e35c0f5cb6f3, 3919 
294589 9f433bde-c11d-4d44-a145-ad934c2f25bc, 3919 
198108 f41916d0-176d-41f3-a8a3-d72b2df70a72, 8505 
377829 c555a8c2-6169-4392-82db-98884a2cda8b, 3919 
306152 8f934f59-9567-47b8-a749-4d554560203e, 3919 
390454 aeadfb14-5f46-4e55-b2b8-1ee48adc5281, 3919 
241969 3014183f-94af-4069-8274-a077a0a82748, 3919 
350911 623a1ffc-73cc-4998-aa9e-80f9747dfd82, 8505 
327667 4676ccc9-4fcb-43a6-ab03-57df3059648d, 8505 
348259 5af40ef1-b739-412d-a211-cedd6c97d0d3, 8505 
375845 e5f8bbb2-1117-497e-89e5-94328b61227e, 8505 
157391 e6617be0-b74e-4d6c-b696-a403e674584b, 8505 
400767 3331e6b2-7ef8-406c-aa0a-de9e888ecd09, 3919 
248945 0cf15419-4ce2-4800-836b-e90cfb7d49d6, 3919 
316727 5d0afc8a-6515-4ad6-b7b7-51cb913f4a98, 8505 
330358 b1d86013-ecec-485f-b861-5355c10d8548, 3919 
102153 372436f8-6968-4f0d-9e00-a4a6b974417a, 3919 
124361 8d6930ed-d28a-421e-b30b-ebdf0b026f84, 3919 
150392 9ca96a65-e42c-465c-b54c-f4bd7b2e0fa4, 3919 
187826 63be531c-c4ab-4d69-9b07-b71b35f8dcb4, 8505 
247105 fd9f1755-35d4-4b07-b9c4-44a04da82fce, 3919 
246030 3a77df81-a250-4756-b7f2-72d9e47e8c34, 3919 
34617 dce14dea-f276-41e6-9a40-3e0f9b5818b5, 3919 
108712 886a4d5a-6f55-423f-b839-f84f7d0fcf74, 8505 
254787 4affcb5b-8e2c-4a99-bc5a-86ed0f55009c, 8505 
123958 0bf46de5-8b0a-4b4f-a60d-1a65093ffeff, 8505 
97701 6206131f-a525-4b20-8279-9019dee85647, 3919 
381523 f4fb5864-6716-4929-9afc-09f8df300467, 3919 
133406 2731171e-2805-440e-b46d-c81220f6123f, 3919 
395025 077682d6-3ebe-423d-b2c2-4753cd9544a3, 3919 
126281 90216069-9723-430b-9046-46775857c9de, 8505 
330392 4ac399dd-c688-4536-80b1-368c3aa898e9, 3919 
176210 e96fd079-668a-4dd1-afe7-492d598b1373, 3919 
337362 fbb2d653-ed4e-4b46-bd5b-2a3ab3b33835, 8505 
299197 194d1f1c-455e-414f-b1ac-a372147f1c4c, 3919 
140489 a69ea7ec-f9ba-463b-99f5-e3e0637beefb, 3919 
101572 d8302874-64ae-4f25-ab41-df28406c816d, 8505 
261195 2ceec800-1417-4799-8baa-e7f1a4779642, 8505 
363040 cf40fc0a-cb61-4ed4-bb47-302107af346a, 3919 
290604 ca8ee47b-6438-4a5f-8cbc-a821d11356d7, 8505 
327432 8a0f8220-23cf-4f8e-8c15-ff552a3160e1, 3919 
231889 4b690e0b-62e3-439c-9b19-ddb3d0c163fe, 8505 
232132 0b2ad461-46d4-48ee-af5d-eda20464a108, 8505 
335828 53c9a151-b6ee-4d20-b4b6-cc11b6aba3b8, 8505 
160543 146266a5-75d2-412b-8cc2-0af1548d3933, 3919 
270516 91456e56-9065-4d70-aeb4-223c7829c321, 3919 
243869 04c71490-2167-484f-8cf8-20199f37404d, 3919 
27285 73b6e785-287d-455b-8292-f6030d09bd80, 8505 
160411 7eee6331-9186-48ad-8383-99a0d217f542, 3919 
115411 e86cf781-0c66-4d8d-b64b-05cdfcf2ac1f, 3919 
380472 9e739a38-b968-4249-8968-e7656c1b2f0b, 3919 
188783 dfbd607c-17e0-4c9b-af7d-40cb229aefea, 3919 
203025 2ea205cd-c9ef-4d92-960d-b56f7cbfe0ba, 3919 
327519 5e909d12-3a66-4525-86d2-d96136580cfa, 3919 
217892 c8711a75-5ff9-4567-adfe-e52d4d5821ba, 8505 
197118 97e63161-a8ab-4db4-9f1f-beb5e8f954c4, 8505 
272412 727ac210-5eb5-4452-bfd2-2664182bdb99, 3919 
76748 83b3988e-2572-4d20-9a1d-3a9f44aeb3fc, 8505 
198210 df33dd46-9879-4618-af1b-a34fb054b50b, 3919 
240952 22dfd7a2-ceea-4230-8732-d91346b5b840, 3919 
381402 c25edb6d-6f9a-4573-894d-c8ca451cddc6, 8505 
359982 c29addcc-2db3-4d75-ac0f-e08e983e9126, 3919 
126469 9f3392dd-6cb0-4088-b1d4-2024842eddba, 8505 
159903 06f90ede-72ea-44b0-9344-ab5dcb3fcd22, 8505 
222783 8142e17e-a081-49ab-9862-6481133ecc00, 3919 
144037 9543607a-45f8-459a-b1ab-da660ffbd9e5, 8505 
322785 55aed426-edcf-41fc-820e-a57071b063aa, 8505 
253737 3b38429e-728b-4f2c-8c14-633ff4417b41, 8505 
6520 fac26a33-6bc6-4e97-b8d9-bfb0f09b5977, 3919 
108263 f2cd36ae-711a-481c-8ec4-a4536af9f1e4, 3919 
44046 51ffba8b-17e0-4bc6-8ea8-e47552e3137a, 3919 
146843 5764f381-b8d5-4389-abf0-44acce11aa74, 3919 
124385 9f4ac013-5f51-4a86-b4a3-2eddded3dab2, 3919 
258689 ddf46b67-dedf-427b-bee0-3bc8d221d013, 3919 
254199 cd9f1726-d6e5-4a1f-a292-9125d2ac166b, 8505 
368181 2957ca08-8245-476c-8cae-54f99d7fca37, 8505 
388253 21746270-5fe2-428d-840e-1afec856ff55, 3919 
82206 289df0f8-116b-4410-a9a3-97f8765a7380, 3919 
147588 35ca2043-5e44-420d-b338-29de2bf0b2fa, 3919 
190109 829ca17e-2a3e-4872-b46b-acf54c7bc5e0, 8505 
54248 8e500841-d07a-4c02-857a-a728406a5667, 3919 
210072 8274cca0-2fee-4706-8664-b64c068dc57e, 3919 
277013 fe52130a-eba6-445c-abca-e1a94a4ba92b, 3919 
28452 ad03883b-3b37-4654-96c8-842b37bbee77, 3919 
63404 b51deb14-5fc0-4788-be5b-a14247721fec, 3919 
331617 73b85dcc-6bc9-4a90-95ad-a27e895bf246, 8505 
18808 9ede2056-9d82-474b-a966-1d1d5f4a01b8, 8505 
324533 60cfcf43-6550-4ee0-b289-d49bf2145ff3, 3919 
154263 0745beb7-b798-4475-aad4-6ca86bf64416, 8505 
76727 bc1c46d7-d683-4e55-bc36-9797eb3a9795, 3919 
379041 3ecb5e5f-5a41-4e3d-a672-368574fab26b, 8505 
91852 edd23c60-bb42-4b3a-b4cb-6deb9a2b9abe, 8505 
83283 670715ef-2b2e-4e3d-b236-85269d6abc75, 8505 
118830 d2231b83-ed4e-4669-b052-535c94d443a3, 3919 
112199 13e3d7b0-8198-443b-9a1c-bd6ddfcded75, 8505 
132397 59342a05-a3fa-41fc-8963-60bee5abd5ca, 3919 
235661 0da672e6-5e29-49ea-80b1-bd57279bbb9d, 3919 
15836 27e58a7d-dc74-4562-ad82-fbea9b5750e1, 3919 
386579 c79cf8fd-fca0-4a81-8068-9099cd14125a, 3919 
362197 da8c03ef-0222-4e71-8e8d-962216b72db5, 3919 
213944 c1f42d49-9734-424a-bb3c-9a1a9c4e6495, 8505 
384762 0594a761-bb66-4b33-946c-2358837c4b9c, 8505 
85252 5452b1e7-aca7-438b-943d-8480eb29b55b, 3919 
152032 1dafb9d5-88c0-4399-bfd7-ed5e168e8e9d, 3919 
311418 afbdd183-03ee-468d-91bd-8e0d61c5592b, 3919 
120244 009ef2f2-0640-4091-8d6f-c55ea32e9211, 3919 
324832 74d0b477-5a17-47c6-bdf4-096944d7895a, 3919 
84894 db16f51c-b99b-4cbc-930f-7808f64b1d44, 8505 
275934 6b9d83d8-6318-449e-83da-a135041645a0, 3919 
152915 a712f7c1-2fd9-4aee-984e-2f4a95669e2b, 8505 
57525 14221aef-22d6-4a37-bfe1-b1f277223ed8, 3919 
139712 5160e941-30b0-4d70-bfe7-719bac008baa, 8505 
203264 3cb13a29-0238-43bf-8e45-a38bcc407d9d, 3919 
256692 bea7d702-7609-4a04-8931-118522ca8ddb, 8505 
96725 d5cd9ffa-1666-4522-97f4-867c7898080b, 3919 
137311 7990f53f-fbb0-4fda-8d87-54bd8cb06b79, 3919 
377136 e09ac25e-2da7-453e-964b-6d2250c7e3dc, 3919 
33575 3712e75b-ce21-4240-aa1f-7a69f3befeda, 8505 
81605 d57cd143-bcad-41be-9ef8-f61a2d5f621b, 8505 
277191 28c51874-b012-4dc4-be40-946ec881663f, 8505 
249462 ffd61e6a-6e71-4efe-9394-1090ebc743e9, 3919 
205399 fa4223dd-d668-4583-b627-417fe6bb0631, 3919 
200882 293127a1-25e1-4eb9-893b-adde5054efe8, 8505 
364268 485c9993-8373-4ba7-9c5e-5c42cddf95fd, 3919 
257691 92bd039f-34f7-4d1d-bb54-20943ec9d469, 3919 
90409 cf1abbbc-6b76-499f-9ad9-9274a44b8a24, 3919 
79929 7880ded4-b124-4d0f-9ef0-ab26a90aca6a, 3919 
313177 60fb664a-f9a7-45b2-a537-d1b8b30c1253, 3919 
244951 b9b99460-726b-4c08-a13a-73d107436eaf, 3919 
247636 efb91fd3-9e5a-4c0c-9ed5-37924ce9a400, 3919 
257168 48acf17e-5bde-41b6-9a72-9db8fdeaa78b, 3919 
373083 55fda94f-47ba-4230-94e6-3acbb089a7a1, 8505 
397547 965b0933-26a6-449f-9633-73129dd904f5, 3919 
294189 5b8e8ea2-23cc-46b6-bbfc-f7b9b7f49e91, 3919 
251985 0b90f147-f241-4089-bbc6-0c4d35be7fa2, 3919 
183267 84be1f6b-6642-43fd-8649-cb69f69acab6, 8505 
72483 17943012-64fc-4b5e-b79e-b4da4efe0c32, 3919 
215541 63b87715-73d1-4b9d-acd4-2c8b1676f215, 3919 
84542 db4edabd-85b4-4e5c-9317-ac625739ae59, 8505 
179244 a3697917-f6f2-481b-8412-04eb839bad08, 3919 
22137 389c32b1-7bc9-48e6-815f-ebf6340a28c2, 8505 
218109 aee8c16b-a7b2-4f8b-a4a5-f00aa0522045, 8505 
158946 45b04bcf-e233-421e-8b6e-4f1982683cef, 3919 
228175 2f552934-6939-413b-acdf-1f0bc2c1d242, 3919 
67378 063ff8e7-8e46-408f-83b4-4645845c60f3, 3919 
246128 7eef1e88-61ad-4241-ad2d-3844d72e7f3f, 3919 
288555 b165a3ff-127a-4640-a359-03e48056df58, 3919 
293165 8e417033-d2bb-4edb-9c1d-8020cdb62fc1, 3919 
139266 dce99f56-3eaf-4a37-b085-28787abc7348, 8505 
274439 3cb75b7c-d0bd-4fea-ac03-3cb8732f399e, 3919 
84850 96fc3379-7c04-4694-8d3d-e07eda518d06, 8505 
115081 533124c1-3a98-43fb-ad26-9fe6ae5c2d3f, 3919 
55494 8c180c86-3618-4210-bdeb-295dd1280f2c, 8505 
139131 26180a3c-e2c3-4810-b008-558409560826, 8505 
67207 2454d646-94ef-40f6-b844-208154f40516, 3919 
59375 c159dd2f-eb37-4acd-8afe-0732bdb8455b, 8505 
211238 28025e91-302e-4fd6-aadc-95bb2cbee189, 3919 
356220 8705b144-dc95-4b1a-9d85-a8a89c6b0c45, 3919 
337770 b93ccc0f-3ca8-4fc1-81d9-c18879ae4a60, 8505 
26820 c1d8727f-85d0-48bb-b063-cb7c5e0e449e, 3919 
51271 12952357-9327-4994-8c50-d30de9325603, 3919 
226062 62fb3b30-78e6-4536-b317-0cda67de09d3, 3919 
165129 e2d2ab28-d036-4b13-b7d4-e5c7da03d8fa, 3919 
363614 286e5356-4c7c-4696-8797-d1ff91e4debc, 3919 
64939 e70a7f15-a1ea-4df5-bee2-3506def684f4, 3919 
61518 5de980a9-87fe-40bd-bbb4-140c9567171f, 3919 
253577 8905a66e-76c9-4e20-b0da-db2cf48dab90, 8505 
371696 1fe5d0e1-3547-42c4-8b8b-72ff049e6139, 3919 
326869 3229f7cd-a50d-4b49-b728-26b65e56516a, 3919 
353736 57399908-c71f-4d94-b51a-c83a1177c050, 3919 
12947 ce04db34-d2c2-48e2-ad1b-235f107d3d4d, 3919 
310297 074bc6e6-7897-471e-bb0e-47e241eac2a6, 8505 
393182 23c336d0-055f-4619-a5dc-077c851a2aac, 3919 
198884 818af868-13f5-4a11-98a8-79036425eb69, 8505 
101461 beb2e3f0-cf75-4162-ac54-a1890c752801, 8505 
33932 05c62226-9a30-4ea7-a95b-ddc0dfab0350, 3919 
179753 d5cd4c8b-230b-47cd-b091-bfe9bdee7733, 3919 
141133 fb2d66ad-a417-43a9-a2ff-af7a47a6230f, 3919 
392197 d9339756-1b3f-4aea-8594-06210004f119, 8505 
155971 6f8b620e-dabe-451c-9a32-76cc1cb94ca8, 3919 
220232 59ab1ed4-22e2-4321-9610-1f918afe55b3, 3919 
12349 c481b5ea-9062-4392-b97e-4c53f4b280d0, 3919 
147979 b99a5974-c542-4292-9eea-cf58add55c4b, 3919 
229245 927b0edf-6cd3-4c42-bc00-530a2b0eac7a, 8505 
32074 efe198ba-bc9a-4626-b2cd-de51da4b57d5, 3919 
173303 4551c984-bec8-4d57-935c-5a877d216e6a, 3919 
83608 b3d076fe-4a6a-46e3-adbe-d9edb1e7b1d3, 3919 
10653 012a410a-26e2-4f64-9cea-cf89242b8bee, 3919 
248666 e30c026d-f0bc-4a69-b31d-cd375f82aabf, 3919 
263028 b108d18b-007d-4ff0-9ac7-931599a8e43a, 3919 
57934 03f859f7-7f75-426c-b33f-10aac02c82f4, 3919 
339704 8c2af872-e8cb-4168-8aa9-d6acef65614a, 8505 
134548 85c4d57e-0fff-4b72-af1e-1733cef5550f, 8505 
140359 d9916596-b8b0-47a2-94e7-87bf24ae5303, 8505 
94383 6fc23586-c128-4819-b225-d874bcad6acb, 8505 
95493 c0cfd89e-22e8-4fbd-ad8f-37f3e578d862, 8505 
393547 9040979d-6c9e-472d-bd95-95a9a65bb745, 8505 
262770 34c456f0-2cb2-471a-8f32-31a1dfad3add, 8505 
47096 22671564-ffdc-422e-a144-8a8ddd6f1a76, 8505 
299743 7700becf-c812-4498-88a5-5203da8580ce, 3919 
59149 ad76d166-b96c-447a-b987-c65133e13e6b, 8505 
59326 1eb19377-854c-4900-836c-aabd95384a3c, 3919 
253046 536f5abf-3ac6-4227-93d7-d0eba7f5bb09, 3919 
221377 60688046-11fe-496e-800b-767b25ed9381, 8505 
219809 c57af2f0-6f21-4c13-80f6-4b673b33fb76, 3919 
366331 e1f38aa9-460d-4be5-9fa2-9c2a7ed11a38, 3919 
195074 3e520a8d-b1c3-48a4-9036-5070b14e3e18, 3919 
25942 c30632bc-5d42-4854-81ea-70c71357460f, 8505 
324224 5136d27b-3c28-4803-ab86-0b00f228a758, 3919 
23042 9733e90a-846d-4fac-81bb-8c3d48e1d4f0, 3919 
35365 d2a75c71-9a15-4e52-a126-88db0d7931a1, 3919 
360657 ff984828-efa0-42cb-a1ef-927537f64193, 3919 
134735 911e0b54-708a-4289-b94f-b7c5d737cc84, 3919 
119889 048ad8d7-aaa7-44b8-b2b2-38c606e84cb5, 3919 
177883 db685d7d-d209-4b0a-aba0-4410d2971b3e, 3919 
232118 ff558876-6278-4363-a2ef-b4f435b69477, 3919 
54285 b19047a5-c4f5-43f0-ac1b-1b4dcc13e775, 3919 
76810 da9b2073-806d-416b-aa45-0f3dc3ed3d25, 3919 
37136 432e491b-57a1-4fc8-a94d-caa1e6eab54a, 8505 
378154 7e9c044b-674b-47ac-b108-365e1ed4b161, 8505 
85106 cf26ea7c-9600-4371-a029-9fe18886125d, 8505 
331708 7f49cfd4-dfe0-49c0-ac42-7b6062a90b06, 8505 
388963 dd42d9b7-1efd-45b7-b563-e23622605c26, 3919 
81946 8e205d03-3406-45cc-b430-edf03aae0947, 3919 
317639 aae1ad41-e9b3-4ebe-a9f1-8b8c72882b8d, 3919 
403792 40191d61-a7a8-4d08-8548-876753b964bc, 3919 
97928 f9f9d339-691a-4d6c-9196-ea8ef24ae199, 8505 
184889 23cb90e0-a93a-462f-ac22-861b99b0d183, 3919 
11428 4cc0ab11-83ed-4561-b2ce-72290c35fe35, 8505 
400764 442700f6-3eb9-4c1d-87e7-567801e05715, 3919 
262738 06971367-2c83-448a-932b-a1ea3c218f3e, 3919 
287630 c5541616-3422-4a7f-94e5-3ce83c5642a9, 3919 
76349 f32ec6f6-bce9-40a4-b257-b475c8145627, 8505 
279906 4d2803b8-3a8d-49c4-bafe-199e609ad9e8, 3919 
226463 adac7a19-614c-4e1b-a896-6da5b0ef7829, 3919 
171807 78f15d88-7a11-44fa-91d8-61e59aa9c268, 3919 
24033 12682697-1d29-4af7-a20f-43be9f19f6de, 3919 
200515 78b1746f-86fc-4fc1-bb56-ed34645499a1, 8505 
170582 6c68098a-e602-415b-9f82-89c41d5a7716, 8505 
250762 810513dd-a7a8-4f90-8b2d-b6f42c0d8288, 8505 
324267 f27736d5-984c-4408-bba9-8664a0ef3ce9, 3919 
214303 d36b9a35-fa5a-4a9f-b353-5794d3529ca6, 3919 
381664 ead87cf4-4542-4f1d-8d1b-45890230025f, 3919 
365455 493dae35-a14c-4c72-be45-bf4ea8a7458b, 3919 
219608 e1934bc4-f2cf-4352-96ad-0621261ee1b0, 3919 
56372 f4c1c1a8-6f70-49a9-afa2-2e9a206b67ed, 8505 
290991 97b115b1-f161-433a-9ece-11ee907ed7b6, 8505 
332751 fee718f6-65b5-415b-bfb1-8286a765f9d7, 3919 
103949 f542b040-be94-425f-9d95-d70cf9797c50, 3919 
266022 03255386-8bcf-4c0c-9639-9c941d0d7181, 8505 
361668 bb54824a-d55b-43fd-8fbc-2d3f0b2def6f, 3919 
227815 dd3ad8b7-a859-4827-aa19-0115b349f35f, 3919 
335452 476a05a1-c77e-4baf-ab3c-c50c6f1344c1, 3919 
124087 fa735486-eba6-4dad-9eb5-e24d5c616eeb, 8505 
224938 16a794ae-6d5b-4949-823e-718cf4b38c28, 3919 
297385 5627aeeb-08a5-4b61-b8ac-63421d8b2008, 8505 
128402 97070465-f548-4908-aab6-19779118460d, 8505 
339341 e12aa269-788c-418b-8950-c20272f744b2, 3919 
208614 7b62f89b-2265-4579-8a90-50ea92bdae8f, 3919 
80788 dd55f508-facf-4a57-b3ac-4f805d3412b8, 8505 
175836 126b4850-7e04-4ccf-8a5e-2ab6bafc9287, 3919 
43404 18cf9811-caea-420f-9ed4-32d5b0cb65cc, 3919 
381370 e102178c-99a5-4053-9a6d-f025f1ac81bc, 8505 
201532 6e9f6aa5-f4bc-46e1-abad-85f7f44f82b7, 8505 
218988 84ec31f0-6b37-48d7-819a-e6ca275c4cb0, 3919 
38423 2917d80d-db8c-415b-b452-4cdf155e5c6f, 3919 
402588 ea999c3c-183b-4244-aeb3-6fcd572dc827, 3919 
89756 3c41ed09-f3a0-4fc1-b222-1bf938a6d4c1, 3919 
48911 2c9d2912-c692-4bc0-b1d7-4b633c23c877, 8505 
374885 a866d587-bb2a-44aa-a3a3-4f1e5b1b9dab, 3919 
97962 768c8c54-3c2f-4b6f-93c4-093eced3e043, 8505 
390871 e806d24b-a577-48e0-ad4e-6b4140015305, 8505 
393948 8a200cfb-fc4b-4850-93b4-fb7d401835cd, 8505 
192366 08b2d1c4-f65a-4d74-abb1-4d1a801ec586, 3919 
346850 1aa5a8e2-aa24-426c-999d-1dfe96b8d521, 3919 
129890 c0628072-11e5-43b0-9436-17e2dbd877bf, 3919 
169940 6ee8136a-3160-4c20-8744-acc070457b40, 3919 
345732 72a85ceb-08c3-4ecc-9130-99f5ab389bab, 3919 
106606 d645cf91-ab8f-4bc5-8124-46170945a8b6, 8505 
204868 e782aeae-1193-4a0a-871f-de8832090788, 8505 
50564 7b187b7a-37a9-4587-af34-2a167a90201c, 3919 
325830 437fd25d-94a6-4311-b2fa-a1c9d57da834, 3919 
256023 33c6f8f4-e048-49d9-8469-f5b56ea859c1, 8505 
139460 36a83d91-6931-414d-abc1-cbefffecf27e, 8505 
193115 21bdbb04-3915-408a-b552-2ac98bf93aef, 3919 
185872 38050350-c38b-4a45-97c9-07280ac18fb8, 3919 
395667 5e019a3e-d2c1-4107-a7b2-fd50ae2d972a, 8505 
179227 f7d5667e-ed33-4d35-838c-cd45d093dc15, 3919 
206131 6152b13a-efdf-414a-8433-f6f03654dfe9, 3919 
42246 d0b9f579-9f65-45be-b936-731ea746852e, 8505 
25612 19efca23-ae22-4619-ac6c-ae6efaa5e152, 3919 
47356 a9b4904b-e26c-463d-a762-c8854d886a2e, 3919 
372145 1f8b9f35-a9c8-494e-87c7-8661c8132add, 3919 
339778 d4d2932a-b7b4-43a2-bb24-4145d12d184f, 3919 
12398 fc14be32-a25d-4d26-845a-cd14e6a3c355, 3919 
181496 4d8e6b56-479b-4661-b0b4-1705d0c6944b, 3919 
382068 3796de1d-07a0-4fdf-ae41-015de41af61a, 3919 
113847 7670d14e-da34-40bd-a20d-02ba780d7865, 3919 
78141 b025bf75-9c07-494a-81f3-4b01679fd60c, 8505 
316454 1db0ba0c-5c22-492f-8de7-412a9f0b6be3, 8505 
380510 299dc9c4-e87a-4007-9706-82231a124e0a, 3919 
243067 383af839-2af7-41ef-ba20-b4e29f932032, 8505 
246097 c0fde8cd-e5da-413d-9bf2-995738781526, 8505 
273476 2a89a2c5-7cc6-4e16-9186-b9ff089c3aeb, 3919 
376212 37a1d15e-e9a1-49fe-a02d-ab3cdfb1e739, 3919 
138208 657f5aa4-186c-4a0c-a38b-469fa11bf155, 3919 
271753 dda86bb8-c41d-4354-962b-d0dae2a325b3, 3919 
101027 dfe895d7-acc5-4eeb-954c-be898acb18e0, 3919 
172706 a8833003-a621-447c-ab83-9ae4d736206f, 3919 
339400 900c6ff3-64e7-4cb9-8957-6402f9671c5f, 3919 
190277 5d772a31-f261-4b50-b130-6c528269fc9a, 3919 
236671 3cfb9446-973d-4e1b-8b78-cbc52184711b, 8505 
523 a4bc065d-e618-440b-879b-3d4b54456c9e, 3919 
314266 671bab44-941f-4a1b-a6bb-766c7eb1ca2b, 3919 
364532 f0b617a0-27c0-4601-84ba-738435a82052, 3919 
386353 00bc7c71-a51f-4bf7-b115-d96ea95b1410, 8505 
205048 5325e2c7-2359-4708-8bf3-5768ad58b2aa, 8505 
380936 5a0b9fe1-1782-4664-927a-9361765447fc, 8505 
297942 979e2124-773a-411c-9bf0-368a99ad6015, 3919 
163347 0c000dde-f04d-4c5f-b669-36c4d4cf0005, 3919 
169530 87f18618-033c-438a-94fc-ba2887c8cf2b, 8505 
131632 c376efe4-2445-4c49-9af1-a22b4f291f20, 8505 
54954 503a175f-370a-4d3a-9f4a-96415f20b2c6, 8505 
266973 949c17fe-d5e3-403f-96ad-1877d252e1f4, 3919 
327351 35709ba6-def0-4685-94c0-57452cac0925, 8505 
195134 5b038e6c-2b73-4726-9970-62229660a226, 8505 
106124 83cdf2ab-d57c-4baf-9568-6b5163f19872, 3919 
8886 06991051-c8bc-4851-a010-1f1199f98c5b, 8505 
330608 32149614-9adf-49e6-a8e2-aeb53c3b2005, 8505 
355448 0a48d4a6-047d-45d3-af0d-ada1039b3bec, 3919 
177067 d37baeb2-28bf-472d-b123-a73b6170edd0, 3919 
233301 b4b0822a-60ad-4b41-984b-038f08d233a3, 8505 
333551 038d4c01-1653-40cb-a81f-63176c8c7b6f, 3919 
203531 24cb7ba8-af9f-4420-a695-91c98afd2c9f, 8505 
95962 fb052a9b-2c3d-4094-b799-da8f2d8dad16, 3919 
356884 118ea4fa-751d-4aef-bd58-d1454d6c3f9f, 3919 
387437 7f37452d-200f-4a1a-b375-e24cd1badad6, 8505 
51652 ef936c3a-777c-495a-bc7f-9d4fe06f8611, 3919 
294698 6291078a-7f37-4ae7-b43d-0a5d92f107af, 3919 
138400 af241058-b7e2-46cb-b642-d438c39a8520, 8505 
367767 3aa24e8f-2c9f-4fbd-a731-882d43309533, 3919 
66674 2484a2b0-a1eb-46f5-93d3-954fd5c9b471, 3919 
275812 f35513ee-74f0-48f2-a2bf-d507fc58b494, 3919 
389882 7ad28d61-0548-4dd6-9c57-c798244518cc, 3919 
226615 de997ad5-6eb4-47b3-abd2-bd01326cf681, 3919 
208147 aeb3b298-c782-4e10-a091-f4da73912757, 3919 
276354 d6be0168-53b1-4840-9040-a6edfba40b6b, 3919 
20831 e1dbba13-a73c-47be-8d0b-0e25545bd837, 3919 
144486 8cfde626-6146-4ef9-b2ce-624071a6a728, 3919 
20197 dcdd5b94-d50e-4040-95f4-e8cdef98a460, 3919 
148393 01433ace-d234-4ab1-a53f-f33ed6da93e8, 8505 
108334 ac6e2ee7-9010-42b0-b5ce-26fa09a841d3, 3919 
75021 e030b636-c585-4820-9daf-917ae5d38894, 8505 
73352 9b53ac1b-ccf9-4c34-a681-4273dbeb0d95, 3919 
312993 413bddb7-a2f6-421b-851d-7b6349a8c100, 3919 
340428 06d019c7-4bbb-44c8-8256-3b081f27bd23, 3919 
393558 e2e703dc-b25e-4a89-b6a5-f40c58a6e92d, 3919 
4313 2499c55d-0fe5-430a-b9a1-5adfa201d145, 3919 
35019 d007e492-cdbb-4d42-b7a7-19ba4ee1bf4e, 8505 
289251 7ab0e1cb-c66c-41b2-b646-ff4f4d4301b9, 8505 
94544 98bada44-4e3b-4b1a-a2fd-5f755cbd5d87, 3919 
19290 aff41784-9a0a-4d20-bbfe-14a9d714ba94, 8505 
2995 38b327cb-30a4-4d19-8d8a-43c3b020cd31, 3919 
50995 99e1c947-4879-4e5f-8189-227c327311b1, 8505 
377584 5286b745-f876-4d03-a711-2010de67e1c5, 8505 
273730 dd349875-1f84-41c0-8563-5a0dc61e2356, 8505 
340787 ac0d0c08-aadf-40a7-9f93-40088d7c960c, 8505 
26937 fa8162e1-0528-48aa-9cce-3e7b1a2e131d, 3919 
136026 a61fb6c0-a49f-4251-bc2e-0083ea569618, 8505 
367725 466ab3fa-339e-46b4-a6cf-6c1e3cedd44b, 3919 
34909 b3cbfc19-39c0-4150-9079-da1556a38b68, 8505 
312815 ac5e4d48-56f0-41c4-be60-80a035be87d1, 3919 
98984 234a8bc4-dfe2-4002-997f-aaa67d2e2f6d, 3919 
242972 8a6d90cf-4c9c-4174-a55f-dbcb7cef723d, 3919 
95201 ff3484ec-c1cb-48e9-a505-42bfc877a9ef, 3919 
247784 d74c88a2-de06-4c03-825c-6680ae3a2210, 8505 
62703 9611e658-8592-4f1b-91c2-3d8446122d7d, 8505 
190635 b4d7bd00-e5d1-4949-82de-3ca775a6b587, 3919 
177407 c3e91aaa-27e1-40a3-ab99-608f7467810e, 3919 
127273 a040a2ef-3e5b-4a1c-9ebd-393a6dfdff20, 3919 
403028 a8b21c37-1762-41c5-ba38-0d2901bd126c, 3919 
350221 3cfb4c39-5690-4a34-99bc-3c865f925698, 3919 
138897 375adc08-cbbb-4bf1-a283-4ba4837dc260, 3919 
77976 47df98a0-62ba-4488-9156-0b726608e635, 8505 
350757 29069f3a-c1d7-4ba2-9ad9-8ee0a41c197d, 3919 
330841 f61bdc1f-455f-467d-8d4b-cfe4841ff459, 3919 
111959 0443bf06-6339-4300-a77f-c8a58a38988e, 8505 
72595 98918449-e4c6-4d35-ac4b-9f8702b62279, 3919 
326312 c82a113f-d958-4c1e-a3eb-a789ccd86dbf, 3919 
164245 aa0265af-7b38-49f3-9b0b-38b3766bba9b, 8505 
129692 68ebea61-faa2-44ab-a722-45e780766a53, 8505 
26154 eea07a64-4143-4ae6-8471-6f96419765d9, 8505 
336298 e570e397-d53a-4e6b-b9fe-313996ef7374, 3919 
42454 539b1313-bfe7-4932-82c7-491adc613e38, 3919 
99750 9cce81f0-ddf6-4829-91f5-f298e5cb83d0, 8505 
220128 d2586271-2612-43c1-bfef-f5f1d058faac, 8505 
118060 f67e7d0e-00ee-4daf-82d8-0cf1b947d501, 3919 
121847 6434d5da-94e4-4ad5-af08-f6bc6062dab3, 3919 
285107 60f2c69f-4bde-4513-90ef-b1e1ebe4f120, 3919 
42882 604986e2-7e13-4842-bc46-d8a442477ade, 3919 
4354 08addd3f-8550-4112-89bc-a70a3b7180f9, 3919 
161562 a0ce7751-54f5-452a-8b44-e2c548454cda, 3919 
77256 888c5d1b-0b9c-44e1-8bea-a4eeaee7dabd, 8505 
181338 88c288ac-ea3f-4ab0-8c25-acaa7cdf24a6, 8505 
308141 17b9d26f-3347-4e4a-a001-7c7d5e43c4e2, 8505 
398446 5dc1cb42-28f0-4c35-be8e-dbcac8cfcf5a, 8505 
115472 930dcca5-ef54-46f1-8d37-269752810980, 3919 
320681 8587f419-9d85-4f07-a12b-90b0bad6f3b2, 3919 
191916 b6ea03bc-fea3-44a3-8f81-b51da08e7120, 8505 
230497 889a2c22-2ac7-4960-8289-90e1928b0bad, 3919 
52299 f6f34735-0127-4607-8bf9-36daf8a2c86f, 8505 
348609 00dacf0c-525f-422a-b9c7-b755bf2b1aa6, 3919 
261820 3e66a4e1-2a8a-4f13-95f5-ab9f81b7b97d, 3919 
337619 614ea938-382b-4cf9-aca8-5ec8318ed3c2, 3919 
212556 8fd244bd-3aba-4721-b42c-2aa520ba80e3, 3919 
72539 cc646c12-68cb-4167-97cb-1a05417052f3, 8505 
284700 93c5b3b5-112e-4f3c-b1a6-1530381a3a58, 8505 
72562 5f32722d-b307-4384-bf6b-34a8520aeae7, 3919 
130816 d4d20932-dc47-4de6-8ebd-47e1aa3fbcd6, 3919 
221922 2ecad2b0-ed9e-4feb-946a-c1dedd99d362, 8505 
146977 abe6994f-061e-489c-a2ba-23307e5abfc8, 3919 
311869 acdec0e4-ea61-4db6-8178-462073133415, 8505 
309608 01446d15-7438-4e9e-bac5-dd42cda411c5, 8505 
249842 682262f6-555a-4ac3-9aea-d6450d7ec695, 3919 
216935 81b28cd4-4cfa-4831-b089-d66000c3bff4, 8505 
210751 46f22b6d-e650-4c4f-b484-ddf4173d544d, 3919 
65928 305fe368-e5ad-445c-8ec2-5c78801772e3, 3919 
332267 649e07d8-1717-44d0-a5c3-1028309c70db, 3919 
200639 d8000f6f-10af-4713-a27b-b5b8a91b9a83, 8505 
80127 923a0380-e537-4afd-a567-7fd6bbfa637c, 8505 
97477 fb46848f-ffdf-45c9-9ce6-81db8b7ede97, 3919 
100872 30f882f8-7553-441b-a083-84ddb3f49d24, 3919 
35 c50ff960-aec1-477f-9455-c8b14c60c98b, 3919 
276452 92b3151b-3920-4aa0-97c0-ea92d6eea30d, 3919 
324607 4cbe79b2-0f7e-480d-b82d-6353656dc7bb, 3919 
55804 f3b3fc14-5ed1-411a-8574-847d6089e9b0, 8505 
153086 067a5090-fdfe-4863-bcbe-36d95651d210, 3919 
191833 ad8ac975-dfb5-4123-a6c3-a915b6e9d0f6, 3919 
249436 68efaa32-8be3-4cf3-bcbf-58a3191cbaed, 8505 
195954 a2c87acb-2c0a-4fcf-a7da-e11c13719d3e, 8505 
188983 ad64f86c-5470-4aaa-be84-5c078eb8ba06, 8505 
322105 acd97098-1409-4338-bf47-99de46928e71, 8505 
314762 bded2491-1434-49a7-a6d8-b435693e3677, 3919 
233905 ddbdbcd9-461b-4aac-bb11-f27684563096, 8505 
259934 959e6354-a887-4470-a72f-c52c736be6c1, 8505 
54495 b9c60b8d-4eab-4b56-af89-81dd86007945, 8505 
302104 445d2d56-306d-4783-87d4-f72d1185dc0c, 3919 
293813 44e524ce-348d-43c0-9e1c-b751ef4d8623, 8505 
235359 c6b8e76f-32f7-4734-8df2-50df47359115, 3919 
66496 4c64f326-dc9a-4dff-9bf2-34b1b60bd020, 3919 
25117 92753ae1-17ab-45ba-be09-4efbaeea2a1e, 3919 
139683 d25346b8-0e99-4d0c-8a98-bf945306b0b8, 8505 
283358 a9f09495-1035-41cb-a941-2ad8136ad62d, 3919 
282563 de4bc7ad-ee3c-40ee-a769-d22e186ee91d, 3919 
265042 69aef384-ad68-46ac-83eb-ab29b63684ca, 3919 
284736 19b9dcbb-10ef-451a-9b07-37e66b3ccdc0, 3919 
34142 b8babda4-9b32-4389-9438-d572be39472a, 3919 
268111 5e3948aa-10ea-4450-8c8a-3ecf2a8b7340, 8505 
373717 c5c931a9-f6ca-4caf-a5fa-159f805c06a2, 8505 
254748 f01e0df2-24c7-4a6e-9c9d-5249740b1f52, 8505 
90733 0221b2f5-4ad0-4ea7-9ccb-54cc89c16dbd, 8505 
117935 b6340f3d-cd36-4e81-8619-3c0583754650, 3919 
45697 e5b4d550-da0d-408c-b9a1-2ff9cf31e853, 8505 
168973 375c504d-eef1-4a41-bb7a-dc07369ae29f, 3919 
250556 ab87eadc-a201-4df9-81ae-de7aa054cec2, 3919 
81710 41e1aa36-7cfe-46d3-920c-c0f3833bb229, 3919 
160470 7cb74937-4d36-4bf9-9c16-26cafd3a1c9e, 3919 
261862 429bd303-7142-49d5-9209-580b2b6fa9d8, 3919 
222265 87370519-b84f-41e8-b09c-311c4afffda5, 3919 
243079 ade35af2-c942-4e26-93f0-9e281d1bb26c, 3919 
333720 531d4570-300a-4fa5-a069-617e61fc06fa, 3919 
201792 01f1692f-6b18-4181-8eb9-689d54def107, 3919 
238944 2f4c6e4d-383d-474c-8724-873634c988f8, 3919 
152008 4bf57a7c-147b-4876-ad02-6af9ead20441, 8505 
389421 52b135a2-a5ad-40c3-9c96-7b6e41f023c0, 3919 
325207 a6c6a8c2-b6d8-4550-895d-09adc14d79ec, 3919 
159081 105b6f2e-5ff2-46dc-aedd-abe647096d39, 3919 
109752 0f1e06b0-9a41-4107-86b4-87de0d023575, 3919 
205236 73e04454-0f22-4880-bbd4-3b010cd5b485, 3919 
245059 02a09fdf-9f0e-4e05-92ec-d8f0a28c90ad, 3919 
10053 bc5a24f5-a106-4086-8234-edf5101e0d96, 3919 
161019 aac8ebe5-25ed-4f43-96a8-d96750461c28, 8505 
283743 1569bb7e-6b9b-4033-a8a3-195344f88624, 8505 
313544 de9efb00-6d9a-4bdc-bddd-0d40d6fb6451, 3919 
48544 742bd297-7ac5-40f0-93ad-d1d2eab9bb70, 3919 
373245 56faa097-5ad0-482b-865a-62b49d886910, 8505 
127696 f77f0244-1f72-4b1b-bd5d-8262bc2d5a91, 3919 
297229 5dde2495-ff7c-468c-ae95-f5827d974cbb, 8505 
203783 381bed5c-9b51-419a-8665-c7c8187d044b, 8505 
53439 6614ef12-fa3a-45a3-aa08-b3efd168252c, 3919 
333163 c2027180-7f52-4d7b-80c8-762e8472d3ca, 3919 
40199 0cf0e51f-7e13-4b6b-8da2-63bb61f0e3f3, 3919 
335119 3402eae9-cc10-4060-acda-532ebbff9208, 3919 
245595 0bb1af8f-7180-4625-a1a1-32aa27359a3c, 8505 
139752 599101ca-f85c-494c-a39b-e72b6941d583, 3919 
317613 6a057af6-c1b3-4405-bedf-7a593ab9c158, 3919 
344946 a74b28a5-e2e3-4196-a3fb-b00565941bfe, 3919 
366473 ddd5cd08-2dc6-4f00-98e7-0091fc12b2d0, 3919 
9206 5d351de0-0352-49ab-bce0-65a9b171e187, 8505 
217990 cb7dbcb3-3931-4196-aff2-aff6e04a2629, 3919 
352786 b133ba46-7f17-4ac2-b9c5-f6f81cf069af, 3919 
301355 66c3c356-c090-4d91-bec9-5a49727cd8bb, 3919 
22017 f254fcb9-13ad-4cc5-82ae-102f843dbc35, 3919 
204465 b8f600f3-d588-468c-b8bd-e478ca05b81c, 3919 
42835 92c3fd7e-1a30-4ebb-a874-db9de5ea24b4, 8505 
29897 c12ac0dc-82b2-4d06-9700-59143bab25be, 8505 
373464 3001452f-e5c3-4449-8036-393db4bdac74, 3919 
227358 9bfca774-459c-4e87-b6ea-bb7c8a46a338, 3919 
398760 2f5b6d6d-9b09-4366-905b-2d22f770cc1e, 3919 
246130 47558258-2585-47db-9018-a31544d90d12, 8505 
345465 f5194774-be34-484d-82d2-2eadad90353a, 8505 
286365 90f5f4fd-180a-4f78-b365-ebe7b73608cd, 3919 
75970 2ecf41ef-4330-4647-b244-c58e92af812e, 3919 
205529 14c308c3-e802-47a9-a814-41aaad35a143, 3919 
115924 d56684fe-ba3a-48f8-bb46-907a9bb48b4d, 8505 
163769 5fd1817b-39bf-46ae-bf6b-b358a84ed211, 8505 
219411 1ef6db10-2e1d-40b8-bf9a-634c454e48e9, 8505 
249193 86029af5-a68b-4a2a-af1b-fe566c32851c, 3919 
251790 1b1de6b1-ac3d-41f8-9940-8ff3c60afd91, 3919 
92253 2eed908b-3a99-43da-a03c-2223ce2d44e3, 8505 
35677 b06c93cf-2a46-49f8-b3e5-5c3e19243efe, 8505 
97288 7765c245-75bd-4f93-925d-117c7c24d9f9, 3919 
196195 708f4b12-f8de-45b9-859f-163e5180b090, 8505 
315250 82538baf-33f1-48ce-bf50-3890d41ac2fb, 3919 
209611 390a72f1-6333-42f0-b988-a802ebbc620e, 8505 
181698 cdbad9d4-3985-4ef2-adbc-63f7206b7935, 8505 
356127 5d1c34ba-ac4b-45cb-bb09-d6429ff812ef, 3919 
31803 37920aed-81fa-4435-ba91-3ad16d907fc7, 3919 
94013 82e79ad7-48dd-4ea4-b5f1-53f0502c4f6d, 8505 
398423 ae490b8e-60c1-4772-aea4-59415aa2384f, 3919 
354699 ce2150a1-af64-4de9-993c-e98ef8cf7f9d, 3919 
195069 5f6cd672-1dd6-4612-beca-169aa17cdc3b, 8505 
155207 686139bc-2006-43d3-aabf-e349394cec33, 3919 
39273 421d628d-8658-43bc-b1e1-b81bce9ed0fa, 3919 
374099 8d970103-545b-44d0-b4ab-116f199134ee, 3919 
248981 3ad0253b-918e-4750-aad9-886f06daaac0, 3919 
64957 6e9a8113-964f-40dd-ba98-f37410e33179, 8505 
221460 28b27d4f-b2d4-4a05-a21e-ae47e6552716, 8505 
208356 53fd0dd9-0190-4165-9a7d-61bf13c57c13, 8505 
208045 3ebe080e-375f-4c21-93c5-0417fcc2370b, 8505 
294065 23ded7b5-c01e-4c0b-a48e-f8eaf7b4712d, 8505 
92771 98d09aa0-9a25-4762-ab0f-45136be355ec, 8505 
34979 0605331f-6fd0-4664-b564-5335ac2b9fb2, 3919 
48964 5df820f8-04b0-4310-b6f7-cf1d3ba104e2, 8505 
341257 8abc9c1c-4dcc-4b8e-8ea7-6d9c35b6d911, 3919 
277487 8530b022-efd9-4d66-9543-830addf63ed1, 3919 
94024 dbdf6e26-6095-4dba-86d5-8b63aa814b7c, 3919 
195243 1980487b-9a6f-45c5-bf76-03857fb96371, 8505 
73526 431b1562-fc2b-4064-8b5b-43ee0d4075cc, 8505 
216211 0a2b90cb-86e8-4b2d-b595-891bab9b5367, 8505 
123620 338f362a-cf80-43d5-acf6-ad49b743281b, 3919 
369158 577b3b0b-297c-471a-9f7c-daae9ef21ae4, 8505 
310130 a64b628e-944e-45bc-8525-1726ea7e6134, 3919 
155912 99535d67-9a89-4c26-bf67-dbc9e2c182c2, 3919 
92211 a89a94c2-d639-42fa-bbd5-a46dd64ae70a, 8505 
73727 f0438ae9-aa75-48ce-aad3-84fb79fa2b81, 8505 
247365 d2215a86-ff61-4e66-bab6-943cb4b496dc, 3919 
242564 eef8379f-e9fa-4f75-9b16-3b687d905672, 3919 
270943 73d8fb80-2273-45f2-8085-163dec046ad8, 3919 
200617 93be5df0-cd54-4d8b-9dda-366f6671e481, 3919 
54698 a7c580db-45df-4d00-91d8-a61d01a58438, 3919 
201360 ada166e7-b26f-4654-bef7-7634e8154b28, 8505 
273132 1c78bf43-26d2-465a-8a54-2e118f52a244, 3919 
53432 bdc0c69b-1524-4496-8f27-be36046cf988, 3919 
398863 051f3075-10c1-4df8-ae8d-389898a38a99, 3919 
218757 54ddf7e6-be56-484e-ab64-a08bdf9d044a, 3919 
236250 eb289241-d684-4795-9d79-f5f9b8b28c2b, 8505 
316676 024a6107-617c-4203-a8b2-55072523501c, 3919 
109867 b21d6e27-a106-4a9a-a2eb-9b999c1eacf9, 3919 
344083 8a1cbcc0-3258-473c-bfaa-5c07652ad865, 3919 
390073 723e55f9-8028-4c45-b0e0-09547777e69f, 8505 
367305 a9a0a941-6949-494d-a43c-bc7a8d4671bb, 8505 
233391 464aa1f1-d700-4831-8c66-4fa907cdf825, 3919 
248780 d204f9e7-5d2b-4b6a-92c8-66b2c0aa7fdf, 3919 
401276 543d3d3d-f26f-4f75-acb5-97eedba7f392, 8505 
4903 5546da09-0945-41ab-bc83-52cbf2bb1417, 8505 
122005 be8009ec-6c79-4be4-9e6b-5b0f97e8fa68, 3919 
270960 b736944f-d783-431b-93ee-7f69a4486b00, 3919 
326534 7d11b59e-e1d6-4334-b396-a7140fe4ec8b, 3919 
288814 9cb6f234-c6d2-45f9-9bba-e68d599c72d2, 8505 
174794 71e4f1b0-130c-47cf-832f-89e2d6cfe590, 8505 
19973 bd08077b-1ad9-433e-90f9-0594227b57f8, 8505 
213285 ea77cdf1-4e6e-4aea-8aa6-a8439aa35d8c, 8505 
176812 4d12b702-0256-4196-b990-4133bc59819a, 3919 
201593 bc6de92a-79af-47e6-9f67-39a9efe50e9d, 8505 
108979 f90f1823-6e16-4258-b6c8-678d320b8e21, 3919 
308391 23226dc0-ce58-43c1-80e8-bb0c13ab8d08, 3919 
236897 ba19104c-5c29-4cdb-a358-2ecdd244e6ec, 3919 
233503 d947ed7f-50c2-4cf1-b71c-f16ec69849fe, 8505 
309963 93233781-6b72-48a3-b160-70bfed2b7ed2, 8505 
172536 803c5ba9-a430-4f56-b8a6-2a445cb59056, 3919 
176817 e0e360b0-ffe1-4046-ae78-c009dd7f6394, 3919 
118316 7d786615-97fe-439d-b029-2465e6655f0a, 8505 
160842 693a8e70-5fa5-47ec-812b-f2fb75e2d594, 3919 
337806 5efb47ac-fa2a-4569-8750-e89bf33356bd, 3919 
132551 90d53118-78fc-4aea-9298-020327793453, 3919 
178908 ea5aa583-a185-49f2-8221-55259e5ce798, 3919 
318041 d9b9377d-eb1e-4abc-a76b-1108175b13b6, 8505 
158790 4e3f65a5-9fb0-4a3d-b1e5-54ffb51f67e0, 3919 
18942 3456dbe8-658c-487c-ba40-3a69454bf9a3, 8505 
362967 4fcb511f-c8c1-4b82-9d42-8c0112904ec0, 3919 
398115 bb0d33fe-4c83-41b4-8074-fe1f620c1a67, 8505 
325658 f5fe9a8d-d2b7-451b-9417-db59789669a4, 8505 
272922 4d046c2b-2383-4c49-9d2e-49cabb938e8e, 8505 
103741 bde70434-2f85-4b4d-a041-438551ce4591, 3919 
56912 56afd004-2304-4da0-8c76-6497591511aa, 3919 
291544 3e78ca76-ccc3-4979-a9fb-8df544ff3c78, 8505 
197757 5112bfc8-85ef-4931-86a2-9973335364b2, 3919 
386729 2e86a7c9-59e7-4a8b-8f56-a3aa9b26e339, 3919 
241451 cbc3082b-558c-4e0a-bf4a-48f61cb04d57, 8505 
87255 3c71660e-421d-47bb-aa47-12d74c77e2ae, 3919 
71745 c2f411a0-cda6-44e2-9ad6-b7f1225c1a4e, 3919 
398628 bd783119-97ff-4473-a942-a3569fb5ef6a, 3919 
227010 44db05b5-256a-4d0c-9a11-d04b7701987f, 8505 
334044 6fc4086d-3da7-45b8-a7c8-40021acda087, 3919 
382127 33af8724-fbdd-402c-bf1c-ea2f6475375b, 8505 
78671 11dc398a-3a4f-4b7c-8c28-4b3633133b88, 3919 
50644 34ca74e6-d44d-4bc1-adcc-4ab44656cc62, 3919 
199865 9857caeb-76d7-4c57-940a-97544286b304, 8505 
397373 e0d262eb-53d2-4413-9b42-7a70c1c4d605, 3919 
253031 9504593f-fd7d-4e88-a081-693787ed1706, 3919 
188458 11bcd20d-220f-4888-867f-a345a64f351c, 3919 
171325 bca4894f-e41b-40ef-8227-ed181258af49, 3919 
274803 e5ed7633-adb9-4d0c-9eba-097436b61ce5, 3919 
211390 83e3478b-a108-4794-980b-c032380ed8c3, 3919 
295069 95803912-448f-4a17-86d2-5b796627d93e, 8505 
373017 8e122041-af88-4c9d-8914-29932a49a510, 3919 
297350 c38af7e8-7451-4a42-9c45-b01d4bc42b5a, 8505 
5042 31f843e3-aef1-451a-afbb-e78baf0cbe11, 3919 
143402 11a3590e-43de-428b-9376-f509a45c8e64, 8505 
36125 5cf370d3-95bc-4334-a3ff-0a4eeb633440, 8505 
72398 b559fedb-29a5-40be-bf04-647560b0bd4b, 3919 
364627 c084608d-5b72-4154-8b13-6d76c999a237, 3919 
391064 3d94d12c-552a-425d-bdd4-dc6ba349a349, 3919 
352001 b2fdf1f0-c500-461f-b09f-96b18ed68d9c, 8505 
253979 22627793-e657-456e-aace-89056df1a842, 3919 
271799 5345500b-a25c-4f1e-a89b-fd73e4bb8e0a, 8505 
104636 9e23cf37-5abd-4822-baa0-da0903da915b, 3919 
319884 5b4224c7-407b-421f-a5f7-7e691cd3b227, 3919 
149281 2054ca85-e9f2-42bd-adc6-e524be2389b9, 3919 
241000 a1f3a429-c174-4612-b58d-06fc46a813de, 8505 
368042 04100b9d-fced-40ad-b7b8-2f712ae9e56d, 8505 
242702 b3e392ba-281d-441a-81f2-6666a99a9fab, 8505 
342512 7fc22e06-6b4c-42e2-b1a7-e6d1092ab72d, 3919 
215944 046083b0-518a-4640-8580-3c4426f182a5, 3919 
257299 85259c8a-10ad-482b-b446-d9ad62d2615f, 3919 
326637 a322b3ff-adba-48c6-98f1-8e709953a53d, 8505 
244237 255c895d-136f-4c10-8f83-180b1a330bac, 3919 
17227 f3aa175a-7e3d-4717-8f2a-c8aae921980c, 8505 
10308 b6fb72f0-7b5f-4553-9bf9-e6bc9fb63aff, 3919 
332314 9b1fcf2c-f56a-46dc-833c-8094827b28f8, 3919 
318164 09b5c239-aa82-41b6-b3c3-14b46ff73b90, 3919 
125928 8303ced3-5290-48b2-8aa5-ac0d74bf0b46, 8505 
22918 1f2d28c6-8b27-472a-b1ed-ed9ed8b6b9da, 3919 
135778 28cb1608-35d9-497e-a1d4-5c6360d538fe, 3919 
146495 49c56687-5e5e-42dd-a30f-deded677d065, 3919 
317837 e300a2da-59d5-4c76-aa12-bcf74e483509, 8505 
194715 da801d51-9589-4f59-a2c6-cb3f9006a65c, 3919 
2687 857432d0-5cc8-42fd-acd2-eb69e909aee7, 8505 
75388 53990116-0e4a-40a4-b9ab-36310e2cc270, 8505 
1530 d9b9c781-e69d-4f93-b4ec-bd2ce67b580f, 8505 
204378 603306d1-d096-44d8-97a4-00ee9f454473, 8505 
271528 89cc668e-b056-40e0-b05c-5b98c6b6a4b8, 8505 
221109 9f949ef1-d83c-41ce-9a81-f906ab890c80, 3919 
6048 c950c944-150b-43da-a969-2ad8b3a85c2e, 3919 
169460 3f5d717c-07fb-438e-b46c-bc5b1b116603, 8505 
350817 09dc625f-a939-4fd5-90a3-5ccc9c9dd9b1, 3919 
110037 65310043-77ef-4c9c-ad87-5a8284db4b3a, 3919 
109999 6906dc2f-fbf3-4bb8-9ac1-cf7e2e6f5726, 3919 
261615 b995dbcd-14ef-4fcb-82d5-5ed394e8349d, 8505 
337637 5ad77803-31d1-41b8-9944-239719b3f04a, 3919 
251135 45e9f5ad-c471-4553-a46a-b0509a883b3f, 8505 
131932 5623ca18-ea8a-4b6e-b198-b98d758b2e32, 3919 
52262 9cd8555e-3dff-4a31-9cc5-01e451f520b5, 3919 
225557 0e269e8b-1e1f-40ba-a758-620cc06992e9, 3919 
387853 92f54485-c428-4e7d-9043-3ba3ff98b461, 8505 
280660 43564eda-1643-4a30-8bd4-ce2e2687fd06, 3919 
323189 946c534f-7a1d-43bf-866b-2c372b259668, 3919 
161686 7aa32e87-a881-4d9e-ba00-9b15252a99e3, 3919 
163633 7580711c-4d42-4976-b328-85efbe5f5d5f, 3919 
120098 6f3a4dc0-e6cc-435f-93e7-6259aa5781b6, 3919 
154973 ade669f2-8cc8-43a3-97db-56b190ba5297, 8505 
389760 723b3580-0ee2-4711-bbbd-20d076275227, 3919 
288075 8de903d0-f907-45db-9b19-c558fd6d7c03, 8505 
385568 616cd43d-070e-49fd-9d3d-ff4db5abd5e5, 3919 
336260 8c3cd7d8-bd2a-4da7-9627-3fb8a7123444, 3919 
93515 8d620464-1ecf-40e1-a22d-ac2e41500190, 3919 
397222 a3beb4d1-d09a-42d7-a3a8-edd784de3b55, 3919 
311969 a25d7c41-3b04-4535-92a5-d8cd5fff82ee, 3919 
343580 349d01a6-baa9-4ef1-b229-46b8ee3c63df, 3919 
86693 9968b696-89cb-460f-89e4-1b16b9a398f9, 3919 
208519 5a7d5d32-db4b-44ef-a7d6-95cebf8e4353, 3919 
311086 8dbb14fa-cffe-47fb-ba5f-bf3c396ee351, 3919 
233807 8ddb33ce-f8bf-4c37-b86d-40f161d02814, 3919 
293550 72fd0d02-2e54-498f-be1d-621c88cf2199, 8505 
235622 80783cdc-6b4c-48ee-933e-adb8b2c14408, 8505 
349823 f5c44cf0-d8dc-478a-8be3-5cc46f406400, 3919 
150746 97370720-d4d4-4c23-9c7d-3bd3d889816f, 8505 
297957 c1fe0cb0-662b-4617-a0c0-b517c89d2329, 3919 
297480 38748c64-6b7e-48da-b26e-a5431f32521d, 3919 
152595 f89aefd4-bc85-4934-ab08-9e3e1030edfb, 8505 
225704 1c857a15-da78-429d-b8b2-b253c66619fc, 3919 
294144 6e7a1309-031c-4fdc-aeb9-901d5078085d, 3919 
227644 6f518784-4e2b-4af7-837c-a486d7578e69, 3919 
299179 13c05f27-5d9d-42e8-93f4-bcb4207c8a86, 3919 
342612 893a1c01-31c5-4048-a276-2fa2f41f6fc6, 3919 
12005 4877a425-4bd3-4fac-b962-a2e8f43840eb, 8505 
59634 a158cda8-f14b-4e6b-b9ec-751de0f6be68, 8505 
396572 f5c7043a-bac5-43b2-bf5c-9bacfddf0c6f, 8505 
78436 c87ca02d-3969-4f18-ae1e-5a21466b7519, 3919 
354087 0d592140-07aa-4664-810f-8d50fcebf16e, 8505 
170238 a1b342b2-b2b2-4b7c-ba99-090a1eec3cfe, 8505 
209008 28ceab49-9e3a-44fb-a2f8-463a843ff354, 8505 
338102 35e23579-f49d-4b66-9d56-c25ec79dc879, 8505 
349883 d4d5a697-521b-4f4f-9fd9-dbe9e05b25c1, 3919 
48040 91694445-329a-4d70-87b9-6b3bb5754a94, 3919 
119845 92b00450-b490-4e14-bffb-a70abee48457, 3919 
42116 37a35240-c17f-42ce-99bc-1195e5d86260, 3919 
72553 16e0ab96-8d38-440b-ad4c-850c83f09d94, 3919 
231998 7459c913-ea4f-4614-976c-de7a68711106, 8505 
140606 0dcb6150-40d1-474c-a5a5-f3792ff38351, 8505 
127904 52a52384-dbd0-438d-a6c6-2a6fa3842128, 3919 
265301 4492ca1b-3b27-48dd-9f12-bba27ef6c96a, 3919 
187435 7fb2643c-ac94-4043-bd03-c911c1f2de56, 8505 
321606 7a40465b-9df6-42a7-9fca-4133c1178821, 8505 
32541 94a14851-68bb-4e42-b15f-51c08dd66111, 3919 
255617 96ed9fb5-4010-42fe-99f7-6592df79d797, 8505 
23966 3cfac443-6078-4047-ac66-1875d3f5f872, 3919 
54769 b1eb1c20-b321-42e8-8eb8-7a55e051322e, 8505 
134677 f39e33d2-2c79-4f68-becd-6966719ef148, 3919 
310210 7918cdee-6ec6-48f7-85b2-8d0ac87f7628, 3919 
189894 358fa231-b356-43bf-8a81-f47e67305e3b, 8505 
242457 178f81b6-ed3a-436c-8733-989bc1502a2e, 8505 
278588 56607e22-a8fa-4bd2-8ca7-497e46ad3dd0, 3919 
130970 f5312f99-7261-46c0-9ccd-4b33860164b3, 8505 
99570 27847fdb-c724-403b-85ac-b099c83adc82, 3919 
30153 423e707a-78eb-4b45-8a20-b72a5da78759, 8505 
251278 47e14225-762a-49ba-b469-e53b76790b19, 8505 
259954 cca7e54e-f7ae-43cb-b2c2-9b9ca08c75de, 3919 
212492 fc6edb38-9cc4-4d20-b54f-c121d2680370, 8505 
223290 ccd0e3ce-e4f5-4037-b4a2-2e5fbf443264, 8505 
222058 f573e539-5e4c-4363-a67d-3d4a2ca6f0e1, 3919 
278528 a8356667-d7ff-4bb4-b8f0-3a74f2552bfe, 3919 
377127 34d33603-f872-4797-8da7-8a071ffb07ba, 3919 
290110 6d01680b-e20d-4c94-be87-4df9edb44bfc, 3919 
255849 09f83756-91e9-48e4-882b-1b41e62fd0b6, 3919 
20877 b9e7941e-7681-41f0-a768-fff4f9d6f452, 8505 
154206 d5ae2d72-c7fa-4562-b6ee-7f5faa55f61a, 3919 
219094 18ac572d-edb6-4cc8-8f53-26f2a01fac37, 3919 
147635 06b71a32-8842-4ba6-b1fe-f1f0cae4db5b, 3919 
384155 7faf2cb9-0c82-4a04-a4cf-3026500baadc, 3919 
298304 ade13fe7-5e78-4184-97fe-776ce83bc597, 8505 
260267 df3bead0-6ebb-4b17-b9c5-c885b8b69ad4, 3919 
161086 90ffc426-c5e2-47b1-9ef4-7d4a0f1f9f8d, 3919 
71886 40a0b24d-001b-4047-9b81-cc0da619457a, 3919 
143213 5a5669e1-91fa-4836-99cc-4c2d96459a1f, 3919 
47178 399f5dd8-3c07-48f9-b0c6-fb36135e1b8b, 3919 
140936 5d160592-deb7-4224-8f78-2ab7ffec0cfe, 3919 
30900 5333539a-94bd-425f-bf95-b7195829f26d, 3919 
30206 da215fee-8d9c-44aa-a499-b106ecbf2cf4, 3919 
387446 47ff68a2-8e0e-46f7-a1cc-1234436e3597, 8505 
63173 370da9af-42c0-46e8-9ab2-aa2b798461aa, 8505 
287267 32e97baa-53f2-42ef-ac49-d5fe0821381f, 3919 
234039 3fd61a35-0f17-41e1-be05-4d0d5128db9f, 3919 
311630 9f6dad46-5efc-4dee-9b41-acad9776bbde, 3919 
207878 dfcca77b-6e11-4429-b138-75d7b81ace90, 3919 
398702 3a056c0b-2b71-407b-919b-50c96fd13343, 8505 
182450 b5a79881-1d80-4294-ab32-91396e54521c, 3919 
349463 04223f92-0e6c-4318-af5d-3906601cc87a, 3919 
357088 b9bfedfa-97f7-4de3-a5e8-bd15f0190a77, 3919 
23066 50bbef3b-4c5d-47a2-a107-5549fe170b7c, 3919 
324018 0d0e04ff-e016-4310-aca3-0036de200479, 3919 
292194 3df58bc7-3024-4cd7-959a-7dfd4a712fd3, 3919 
372090 c92e1baa-dfd1-46fd-8b8d-4e3485d1889a, 3919 
169281 5191ca6a-7b6a-49de-8a94-cd9eb52ec5ac, 3919 
144819 2a3892c4-41e4-4b16-8ac2-05385a3f2522, 3919 
346491 822de3b6-a62c-4a15-836c-f841150a4390, 3919 
229310 90091565-51ed-425c-bba7-b2921ca05831, 3919 
167316 25dccf70-42e9-43fb-ba64-cb607a3a0aa6, 3919 
387451 ad05fd79-91c6-4d30-a47a-8daf5c39ceb0, 8505 
296178 ab22fc11-90bf-4da5-be68-cb029bc8bef5, 8505 
317214 7b18208d-f7bb-490b-a10f-332c2603b515, 3919 
54565 807a8135-7890-43ca-a614-d14d4284b43b, 8505 
262439 2580130d-db09-450e-bb3e-277f489452fb, 3919 
273208 7fb25fe2-357a-4dac-bf19-8b09b2afd978, 3919 
94889 9fda06cf-b3d1-4c0e-9954-b82afc0a9c7b, 8505 
95451 bf860626-e89c-4b0c-b749-80cd2036ba92, 3919 
233656 e3ffa4d8-7421-44b6-8b74-74f50e246445, 3919 
132887 b9ff9e63-09f4-4767-88ec-0cfe55bc7d49, 3919 
373101 b46bcb2f-fa4a-4fc6-b891-bebf1956fbd9, 3919 
74084 ac00d17c-a24f-421c-b37a-c759dc062f7a, 8505 
51165 668b4109-fc3e-42c1-af21-4141efbdef10, 3919 
132082 6dcbe1ff-50b1-478f-bfd7-d642dbfc4fb4, 3919 
353 16b272a4-4883-4216-aecc-3ed1c0973e48, 8505 
82426 24427d79-f3c2-4a51-9545-9b62978d3a6e, 3919 
342978 0421e5ac-a1ec-49ee-8127-1ce988a6288c, 3919 
275780 a4000761-18d9-4e07-9578-2ed932d414d0, 8505 
261476 6ccd8b0d-81d3-4a28-99c3-5d1f1e6162be, 3919 
163856 30e7ef96-d358-4ab2-bad0-c98df9f1a17f, 3919 
292871 c7de8a14-c90d-4c71-8938-8045a871e7d5, 3919 
372151 006d3b2d-fb6c-4e26-87f9-6f38e4e97422, 3919 
134776 79f90213-c74b-48d6-bfbf-4811d4dc56cf, 8505 
216834 0590b1a5-a16c-4e12-890e-10daaee133ee, 3919 
177181 381535af-4901-41a9-8259-bfcfe324e642, 3919 
285888 e1cb1943-6bc4-47d8-9c7e-8c936e1bab7d, 3919 
117633 3ad3368e-a1f4-449b-bf94-2fac60c9b505, 3919 
160268 e3b32a1f-c4eb-4247-9bb8-40e536ddcf4b, 3919 
386907 04fa85b7-9f83-419f-9303-faa0c3128c0a, 3919 
348236 6a96c7b4-b1e4-47fc-89d8-d436c38bbc57, 3919 
107934 a74feb7d-3464-42d9-b1e2-5594ab6da5af, 3919 
154350 bafaa875-8177-4baf-ae64-934b00ea20f7, 3919 
11405 128dfa51-dcc4-4b82-a989-802544938255, 3919 
12742 257d81b3-a14a-4bc9-9f34-6433ec96c73b, 3919 
36592 4e35ad8b-433a-4757-8589-494dc1dbbe5b, 3919 
76606 a56b3135-7561-42db-971b-952ba394593a, 3919 
177571 8795042a-565f-4848-8916-04fc4fe8b862, 8505 
137506 9ea8c092-15df-4d67-8029-a361cc8b18ac, 8505 
270341 b272d6fc-98a7-4715-9476-fd409298bfe5, 3919 
47898 b09f3034-ed61-4d83-b2cd-9b21bedb59ac, 3919 
124371 3003b336-0780-4a2d-8cef-1a0e4cfb46f6, 8505 
283419 2fcd2185-2341-4a09-933c-463d3b743009, 3919 
247639 713e92d7-5a44-473a-9b6c-9eabb4fbcddb, 3919 
291136 050e7f64-02f9-463f-bf26-49cfe3b3bbfe, 8505 
193250 8c4cb962-ca7d-4570-bf28-9d5e8ba7ff90, 3919 
302576 f9f29f37-1319-4d0c-897e-1e7297754d09, 8505 
34084 c84a3055-814f-4b25-acb5-505e43ca56e9, 8505 
141991 3aad7273-a278-450f-8179-26a0d4b9998d, 3919 
25059 02882cdd-66c2-4e8d-a4dc-fe970aa40044, 3919 
360253 f503114e-8f9a-4eae-a3ac-38d1736d6846, 3919 
52378 d798e1b8-3b19-460f-8b17-dc833bbf91a0, 3919 
66230 cf12e84f-af3e-46e2-bad9-5dd93013d4c5, 3919 
65617 586854f4-6f14-40de-b2c4-33946676979f, 3919 
98488 df6e47eb-ad59-469a-b905-3721a057d18f, 8505 
54180 5f43e132-2659-4fa0-b4e6-f6c23e9ab98f, 3919 
324149 125b3485-2de5-45e7-b0c8-c20beab675b1, 3919 
147568 15f6992d-eabe-41f5-bde7-8aad1bf22ddf, 8505 
324237 9f2e2499-24d0-400c-b233-45d698f70811, 8505 
104747 f71f8c4a-e49f-4ec2-9d3a-3f2a729b5399, 3919 
242933 891c1091-73da-4f26-a73a-fb36b365f338, 8505 
48862 a4afa0e6-165a-43f4-9edf-ea897087e5ec, 8505 
4342 698d644c-cc6c-40af-adce-2ebd71da474e, 3919 
270028 175f85e7-a4db-4feb-88e8-cfd500beed4f, 3919 
27521 e446c63e-a60d-450d-9135-2933bed11e60, 3919 
107523 f1931a14-8bed-4192-bce5-06f573d1eaaf, 8505 
128061 2c55b1d7-b645-4b2a-9bd0-27fd4f31a34a, 8505 
795 6e924772-6455-4a0e-9a24-9b59535d2deb, 3919 
72526 9521313c-318e-45e1-99a2-ca8be44ec57a, 3919 
156739 96091304-f02a-4cba-8263-cf64775a9997, 3919 
151127 16e1ab9b-ce90-4452-a809-2344d5fe0a01, 8505 
206974 d70ddc33-8d58-4f46-a9a7-28f72301980c, 3919 
87577 afe5bea8-0961-4400-bbeb-3648f5a0c22e, 3919 
379498 4397dd0b-6196-49de-8c27-872a1a960a49, 8505 
119513 cab8b295-231e-4175-9f28-ba2aa61da1ee, 3919 
393921 27bada3c-95bd-43da-9087-1d7f7a9bf48a, 8505 
297101 72c42df9-23ec-405d-a8ba-0dfaa84b3f82, 3919 
368218 7bba21e9-0830-4d63-bc9a-64ece4e01f7a, 8505 
336440 f17f0efb-d26d-4516-b48c-39955ece8938, 8505 
303515 527ad393-e576-4c88-abdb-32dc5ec3b86e, 8505 
127702 61054aa3-cb9b-45c1-9efd-20dc7ce695e1, 8505 
39247 46400d7c-af76-4ce9-93c7-0190ea6c3606, 3919 
99781 83503c0c-4563-4d4a-b9ed-402ab3ba4521, 8505 
53027 dbf6a713-5aa0-48cd-8ed0-ac264be60a50, 3919 
371155 00011cb9-c798-4b88-837a-1ff36739c239, 8505 
251384 9876a21a-85a0-49be-911e-573e3918b126, 3919 
337765 3e9970ba-1898-4f13-82df-386e92242577, 3919 
2283 fd980679-f3a8-4e3f-be53-d856903e0d82, 3919 
85654 01c28fdf-5b68-46ab-9651-5939eaadba60, 8505 
115934 e656e883-4731-4ef6-88fa-761edf891959, 3919 
98260 ca74edda-531a-48f3-acfd-b8f949ba2805, 8505 
25073 068b7f39-4d92-4f9a-a8bb-f4cd2e2c5e02, 3919 
258571 5ef08a19-58d4-46e8-a192-66fe5703afae, 8505 
318376 623d7c91-e776-4bdb-8d53-712bde01ec32, 8505 
13803 b21ff132-e1b7-4508-b2cb-e983b8ef0436, 3919 
239166 d3db7792-5668-4a0f-93dd-1b436cec67d2, 3919 
53598 ff7a53e1-5850-4ab0-80b8-d015685cbb4f, 8505 
56851 714ee0cd-2eda-4eff-a6a3-4ac4b1ca868a, 3919 
32015 5059b929-17fe-42f7-bae7-01196e4043b8, 3919 
355324 68b40dcb-4af6-4b79-9b42-1340b42cb02b, 3919 
396254 81ec7885-3624-4896-8b07-da9c0fb170fd, 3919 
375209 8028a028-cbf1-4841-b9ee-f90a8703fed8, 3919 
203629 03f76dbd-1aec-40aa-b472-a751b818f8cd, 3919 
157639 3be1a3ab-264a-4563-8c8a-46d915429791, 8505 
14831 f141ec53-1b5d-45ba-93ec-9314d9f55d3a, 3919 
10769 04bc9c17-9f24-4426-9eaa-295cea889f01, 3919 
111350 4ccc3d96-fdf9-42fb-88a3-e9143c0f2016, 3919 
81128 b293cefe-e395-4558-bc89-aaa406b7c3ec, 8505 
299622 51734efc-33d4-453c-9782-eccfc2ba94ba, 3919 
399920 2cbb3c5a-0c92-4d71-950d-e34b3041dee8, 3919 
305913 5fccae3d-2b5d-4737-a761-49850344d621, 8505 
295933 70c58994-ffdc-4a60-b3ef-e0489b89d511, 3919 
341340 0088503f-6c5c-4262-8418-9ec833d302a3, 3919 
104581 dfe8ab2e-718d-4bf7-925f-c08034029ae1, 8505 
201358 c89dd2e1-e4c1-4a67-a0d8-3a7f3de187b9, 3919 
93303 2051aaaf-60b5-4ad9-8260-d0d0c900f68f, 3919 
346621 9a33fdda-4a14-46f8-8397-50f68a564538, 3919 
46847 3de63aa2-cd16-43ab-8a0d-b68a1ed62116, 3919 
266644 8ee06e2b-97b2-4ce2-a05b-8cf5e2bcc0a6, 3919 
40430 aba41838-d874-48e7-a0b9-9c2c3590a5da, 8505 
357484 97ab3b6a-c46b-48fc-b358-837529d23461, 3919 
343639 b54d4dcf-619f-4f91-b0b7-2a5fb999994e, 3919 
359713 3cc24a7e-7540-418a-9153-b9a115334771, 3919 
325343 9192b9cf-3971-4222-b571-538c4ce4a167, 3919 
141119 e5955b99-28cd-4ceb-9352-a15dd6ba2d3b, 8505 
150217 40c81009-5179-45ae-8f38-6989024efdfc, 8505 
230878 0948c975-068c-47fd-b57f-7e36aba5fc35, 8505 
281904 1c9b0153-ec9f-4ece-aa8b-2707981ea25a, 8505 
10038 a100e16f-df22-4385-84c5-bd097ad717db, 3919 
403968 b6c5ce17-ff27-41ae-ae87-e6980c3b106c, 8505 
266651 6b727df3-906e-42f7-a80e-4209241503ad, 3919 
209261 d6744e7e-0d0e-439b-af7b-55c095e91f16, 3919 
13519 1d46e83d-5e2a-4547-9d08-bd0c2e39ef82, 3919 
189843 41c401d9-1bd8-4a14-9cab-3dea29968da6, 3919 
27669 b40c09ed-993d-471e-b78c-c88d218bfc7c, 3919 
378137 7627b4ae-a203-4d5c-b12c-b99737990739, 3919 
36574 9e287465-33a8-44a0-9539-80f91955b9fa, 8505 
3856 5383b2ed-f3d4-45c0-a5c9-3911b97ed909, 3919 
311547 4342db9c-f7a6-4ff7-80e5-9d95c9bb32fa, 3919 
171598 5fbd8008-2bac-4eef-84d1-d536a03041a4, 3919 
258123 b056ee38-381c-4ba5-bbd2-5074ca39f54f, 3919 
47943 f0ed0f83-a13d-490e-a6c3-5bb149dd0607, 3919 
257375 7903400d-5e6f-466a-b70c-d01e217b0392, 3919 
87917 988d6a90-8f74-4bf6-b3bd-30ba939b81df, 8505 
84595 b3f07bcb-168a-4903-942f-83deab5671f3, 3919 
268379 c96296c9-82ba-4900-bffa-b4f3c2b5d300, 8505 
374182 2a2f1d25-8842-4cd7-a67b-1ef62ab1cd5f, 3919 
147807 53d7598f-410e-45ca-91c5-a77b5af9832c, 3919 
315631 697ecb2c-ec09-46ac-a341-5224dee61b37, 3919 
283080 2e4d759f-ae8d-4fe1-a89e-486bda6a2511, 8505 
209767 64fb9bf7-52a2-482c-92e4-8dc23a90c49b, 8505 
124072 3c633931-e23d-4943-9e18-c1cafd4ad7a9, 8505 
16846 ef85c330-3e79-46d2-8920-b1e3ff0cf6cd, 3919 
320159 2904588a-3f0c-471e-b5de-9a7790e0d234, 3919 
98334 2978ea5b-0c79-45f6-9cdb-7afc8aa6d0f6, 3919 
196168 5a7ffed6-f813-4f31-86b4-c076a2ed93ef, 8505 
111524 bfa37e3f-5886-484a-bc3e-df73adc8cacb, 3919 
386543 92e53386-dfa8-4b40-afa9-0e7fea375e9d, 8505 
369825 d8276848-37d9-4a07-8a21-c9d5edfbe84a, 3919 
28181 8776632f-ad6d-46f0-9628-e182560cc5fc, 3919 
351839 af534e43-3e63-4e93-8e34-6c7039c98b07, 3919 
276066 ac91c336-01d6-4e6c-8145-f58b67eda17b, 3919 
208088 95a556b5-ada7-40cf-a8d3-2f099cc8d3c0, 3919 
120657 280d5ba6-33a7-4eb2-b428-623c7fcd7459, 3919 
113551 91c717ea-20ae-4a1b-8ce1-2d3130a36ab0, 3919 
146966 16cf08ff-0c66-4d73-aa97-28a0c143b5f7, 3919 
127103 6c621d56-758a-46db-848a-91b080801117, 3919 
39003 2a24a634-3dd1-422b-a863-008bcd78a19f, 8505 
400025 2932b86f-5700-415d-a4be-76243fb5f72c, 8505 
19435 73b22645-74ff-4f64-b64f-3eef43bdf172, 3919 
170478 599528f4-5b21-46ab-b5d4-e0de9e9e2ac3, 3919 
379578 968acf39-10ce-4911-9316-a405bbbf3f10, 3919 
134288 e40ae301-30f3-4810-9305-87c3f23e727b, 3919 
24305 e215a5bd-264f-405f-9edc-fb8f06f2c9c2, 8505 
175592 a513a9ce-2107-49bb-a688-bdb81105c2d8, 8505 
2684 81f6ecb4-253e-403c-b0d2-4b08ac11f6e2, 3919 
214663 b5e3177d-c423-4550-ac06-8819ecf117e7, 8505 
96606 ff850382-44d6-484e-9e4d-d7ff1635ae58, 3919 
192006 7fc64006-595b-4b37-a815-af5ab43f3ae6, 8505 
359708 6398cbb4-463c-4311-9f14-9bd1c4ca9636, 3919 
172827 808df24b-2bbb-48b8-b482-908de5f350c8, 3919 
399683 47564c54-8174-45b3-ab59-f051baa747d0, 3919 
277582 b0651a9a-f584-4951-953d-e8ed26ae5eaf, 3919 
205001 b0391a68-cb2d-47b0-8af9-5162ba967e51, 8505 
189729 5c750a75-a442-446a-b272-0079405a3872, 8505 
268446 9fe82fe2-7a7d-44d0-a31c-4159c1ae0e89, 3919 
61078 30157333-f91e-4d2e-bbd9-1d7feae5f7ff, 3919 
366140 d3882f1b-867b-48dc-824d-ea62847b7eef, 8505 
347054 96aef6d3-9b6c-4836-998e-89a6eb760a49, 3919 
279683 2e3480c0-24d9-45ef-94b4-dcaf112b5e48, 3919 
128220 47e55fae-2831-406c-a2f4-592bb6ef6fa7, 3919 
270543 e910240d-dcb1-4ce7-8034-d488f8f69a07, 8505 
113479 cb90e3c6-8f8f-4a6b-aa60-5bad45bb9713, 3919 
386989 25491eb6-f693-4379-99d2-5591d554d3a1, 3919 
18367 bba0ab3c-363a-4811-b122-e0e981fd41ca, 3919 
14553 af3c6bf3-b040-42b2-a133-1e3d355c5957, 3919 
30961 66d4c2c2-d5ff-4d54-892c-b9497ae89357, 3919 
265897 56489310-7ec8-4042-965d-fcaf4c7d72f7, 8505 
145600 ee47e156-f196-44ae-87df-17ea0d421e73, 3919 
273124 88e9663a-872c-4a6c-ac3b-84ce66d9e7a6, 8505 
216021 00adb47b-19cd-498f-983a-9e095efcba06, 3919 
186941 82821027-1bd2-47cf-808c-56b3cb6bd4b4, 3919 
368603 7df9f357-eba8-4bb3-91a6-ae7b93be62cb, 8505 
165929 5d87e467-f61d-4929-9452-ce542c36324e, 3919 
275979 ce81c6f0-e0c7-4dd9-a544-79d5b0790843, 3919 
336587 a8776f3a-463c-479b-b435-62b8bdb8f456, 3919 
364727 9e441b61-dcf6-4e9e-8f77-a2dc892489e7, 3919 
46776 cb1ede6b-3835-4af7-9789-994568774b69, 3919 
118072 509ac66c-22dc-4e1d-9064-582371f98c16, 8505 
288974 6a194577-4648-4011-8ed6-f38a90e05c14, 8505 
254991 0512a54a-b475-4cb9-b0d4-c845395ebc46, 8505 
49494 549e03c5-d72e-4c96-8e90-d2ff4a2a4931, 8505 
386124 4eaa2844-2cc4-4edb-b66f-5a28dacd18d0, 3919 
338757 2df22437-fe18-4bb7-b3a9-4dfe55041957, 8505 
193939 cc8baa10-a2d7-43d5-a2e6-30233e74233d, 8505 
207880 7b9d41b0-5482-43f0-8772-8320c07e4d98, 8505 
226020 f3961c6e-e025-4e62-8038-e58d5958a2f5, 3919 
216634 2bda996d-b938-4140-95da-c902c45e8018, 3919 
325700 ebf866f8-f272-48ce-b4f5-14f2dbf4495f, 3919 
393672 ef965557-fca8-40cb-ad75-daae2e2bbc9f, 3919 
346082 bc91d0ee-83b3-46b9-af40-5e73ea0b769f, 3919 
282829 190b8734-66e8-453e-b7a8-883a1a6711ed, 8505 
87689 370068d6-fba6-42cc-b618-fb01d6688774, 8505 
233702 15bfb0a0-ae48-4896-84c9-3e4a92653dd2, 3919 
344888 17719d93-c16e-4aab-a838-ab03ced45503, 8505 
92820 abbe0a3d-2d5d-4e5a-b361-d6552b50ba48, 3919 
150630 23355ee1-3ad1-44d0-be20-5aa8d421c37c, 8505 
157030 df54667b-1039-497b-bb67-38fefa019a20, 8505 
170896 34897171-92da-4740-b922-c10bda5f6b1c, 3919 
202917 90bdc1c1-54e7-404c-8c84-cb9abd2236fb, 3919 
248797 8d175ee7-e28f-4c6b-bb18-ceb2bf62310a, 3919 
179225 ee568d9f-7bc7-42ec-ac67-04165bc03943, 8505 
345361 d2ba985a-96e7-4316-8fbc-8971e4d5965c, 3919 
339976 f182612f-cd95-4b8d-874b-f0f3aadd3233, 8505 
154643 b19e177b-51cb-4c3b-aaa5-57fc0ba2a5bb, 3919 
189989 7e8cd29f-42d1-4c33-ba39-10f95cbea91f, 3919 
105123 389acaa4-633f-48cf-b4ea-89bd13599006, 8505 
129281 0545203a-ceed-44dd-8b0d-53c3821b6661, 3919 
96268 bd661242-3c44-41e8-b6b6-087748e7c1e4, 3919 
339007 f3278092-326b-4cab-b868-e238afec7300, 3919 
349333 4b1fdd92-47c6-48cd-95f3-26b23c84afeb, 3919 
161097 5ab1838d-ccd6-489d-8117-586ecb3699ea, 8505 
8291 52ca469f-a2d9-4ef6-b019-879182d23c1f, 3919 
48877 9491323b-9a2b-41b7-a514-2e9e7a3291b2, 8505 
148462 76152865-8c91-47d5-8bd8-8c120dc9da5c, 3919 
391447 4e16a6fd-4282-40d1-a0c2-38301c077f98, 8505 
348793 38cc06dc-48a0-4229-aa96-4bc8c92f9e18, 3919 
207418 92743700-acfb-41e7-ab71-c35d58272ef1, 8505 
208749 5559601a-dcd8-42d7-ad66-4c3e8deea52b, 3919 
354186 6a37faa0-6af4-4d97-a9a1-5eee9588db50, 3919 
235310 3f70d2aa-5196-4b0c-a934-1c2bff4f3fea, 3919 
90216 f78929a8-2ee5-4b55-ad1e-b1c844081a59, 8505 
26991 c142c0bb-3216-47da-bc99-96f263304d79, 3919 
387823 25c86e8c-fb74-4c12-ad59-a4a2002e978f, 8505 
11534 fd4cd8fe-1224-4c54-8c9d-3caac2564f82, 8505 
183711 2be3913f-84a2-498c-aca7-e449bd2c4e35, 3919 
172107 b45fbcf1-1fa0-44e0-a9b2-17b1d936f4e3, 3919 
283232 31448cb6-5bc4-4d60-acd6-db7c3c7c1021, 8505 
401012 a3c648a7-282c-4e96-b8f5-02e0102c4a3d, 3919 
132586 0798c54c-3bb7-453a-8a3c-809acde90116, 3919 
150273 487fdbcf-74ea-43b8-bee6-4fdd2072f323, 3919 
391511 ce2aaed5-b6aa-466b-b085-383f96531da5, 3919 
2796 a4e74719-33cf-4623-9350-288c405de5f4, 3919 
289540 97c332a7-73f8-41f7-9c06-76a65715db11, 8505 
383485 27c1abda-3174-4d95-a741-2d6b44afc097, 8505 
153912 de1bcf00-5a89-4521-b875-3de0af37ea65, 3919 
12828 13b80dcf-6bf0-40b4-aee2-90abd517ad8e, 3919 
338193 08474696-db84-46e2-ba94-a808ef807d08, 8505 
394523 d5f44d34-0041-4235-b3f5-349c436affe8, 3919 
249684 f3661598-27b8-4aae-92c6-0793530c2e30, 3919 
353100 d6f82f01-a83a-4a65-9372-ff6e49ae5e9e, 8505 
68365 8e9eafa2-8dda-4985-a785-778dfc3ee301, 8505 
53913 9319344b-abd3-41eb-9065-6efe09207484, 8505 
36448 b71d7350-574c-4fba-a92c-750de5126a27, 3919 
98413 db7b94e0-c30c-4a4a-8299-69b33793c755, 3919 
335885 15963174-1f22-4062-8ed6-e72da819c2de, 8505 
101213 628ff278-97ad-4972-8e21-d1c7d8e9c24c, 3919 
66301 82d3a339-2c60-4cee-8a67-0ac259508a38, 3919 
48509 2d01fbbf-f929-48a1-a3a7-98f4f21d1efc, 3919 
212519 24718fcd-3617-473e-a096-37e59dace6eb, 8505 
95534 cc4e3148-559d-43a7-b0a3-8ae2e61a1b6e, 3919 
276535 a7cbf6ac-aee1-4481-a371-d7bb2c488a6f, 8505 
131057 0303fc25-83ce-4e95-93d9-e5df20d95278, 3919 
382184 24dbadf5-f98d-4320-a911-215165b1ae2c, 3919 
125893 12f93c54-429b-4e61-bcf3-e1833abde2a0, 3919 
107848 c648b357-3cea-4726-95a2-42d7c115aee5, 3919 
67687 53aee2fa-f8b5-49bd-88cd-51bbd9102f10, 8505 
235916 ed6750ff-5a86-4238-8948-450e57dab5e3, 3919 
258364 f12bf95d-46eb-420c-975e-06da23b95482, 8505 
10782 0ea68654-854e-49db-89b6-576cbb234e9a, 3919 
64177 4a4f3ac9-9e64-40dc-9df8-1213296794ff, 8505 
102040 938fd68f-e653-4f4d-a0dc-108348d08008, 3919 
35503 12bf591e-eb40-40f5-97fd-1dc59ce1935e, 8505 
258071 a4388402-4776-43e4-9d2e-28fc8d3bf5f5, 8505 
167849 daa01db3-e291-4650-9773-9c464f3179e1, 3919 
273245 2ce08a76-8f79-4d2d-8423-ea02024440c4, 3919 
2262 7ba3df17-ea50-4029-a907-e28439855a49, 3919 
214389 dbbb777c-c7ea-437a-bdbb-b02dee5e3902, 3919 
147396 62960164-ecb0-4c13-b02c-c4087940d04e, 3919 
232459 ab3c70fc-4873-4f29-b2ad-08abafd0ef8f, 8505 
185249 bd12c289-22a3-447c-88de-4328b4a492bc, 3919 
221412 81204961-5df1-4162-812f-b95f089f80b7, 3919 
386364 154460bc-ac98-405b-8ba4-50a0819cdf8c, 3919 
197043 835b74b0-835c-434a-95ef-3da8f3649f08, 8505 
227322 50fd4cb0-8827-476c-8498-3c18c449426f, 8505 
132003 d12f3e56-e6a5-4929-b056-ebf3f45f7f58, 8505 
282178 5e765814-67ac-4750-9d9c-f15dc001b71d, 3919 
24089 8c8cbe72-f77c-48d2-bd7e-1fa9399365ae, 8505 
68859 9f987200-fdea-4262-a697-ccbc42b032f4, 8505 
314545 659d10bf-a5dc-44b5-8580-a06a5024e602, 3919 
211051 2ee6acbf-3fa3-465a-acf5-656d1d0274d7, 3919 
171276 cb700ad7-0162-4b9d-a4b5-6132b827880e, 3919 
174426 a0603be3-e2bf-43a6-b9c4-f0ce449500d0, 3919 
18725 842471be-7f85-43c5-815a-56f4ed62a637, 3919 
362046 e3bdf9a4-ea1f-426d-845b-21b4cdced9b7, 3919 
72475 e31a523b-cf2b-4ac3-90b5-7a31555b0e77, 3919 
229010 df99e50e-31d3-477a-9253-17f0afd5d47a, 3919 
186852 a7b760c7-3d8e-466e-9eb0-b9436d83d37a, 3919 
323962 a8657904-edd2-4376-ac3e-943d62a80686, 8505 
306148 6860061c-02bb-450f-9dfc-3a93497cd639, 8505 
152736 c8dc811e-d626-45f0-89a3-c867d7362d21, 3919 
37499 88279cd9-1bf2-4bfd-90f7-2a7007614237, 8505 
356111 3e9a6f8c-743a-4e1b-8e6d-92f3186e42e3, 8505 
189511 8250d299-76ee-42a7-bbdf-ed54bd768e32, 8505 
253349 9470b612-3fbd-4467-9ed6-721d66012fb4, 8505 
129282 908078c0-42fd-4c36-8897-822ea08aff28, 3919 
241638 3a5d6124-1758-41e2-914e-840665a82bf8, 8505 
43512 c1d6b603-1b34-4417-a90b-e4d90631ebac, 3919 
97884 a6329be9-2f0c-4ffa-a5b6-ef0695fc38aa, 8505 
235541 a1962351-0444-4b42-a42f-4a654044c38b, 3919 
6428 602ba0f2-0e6b-4a51-957c-bf53f5d5921f, 3919 
79429 3bba40b6-06b2-4abe-89bb-22304511ddc3, 3919 
366396 d05272a2-044b-43da-88c2-542dc1b4d16a, 3919 
237001 c4c35fd0-c9d2-4046-bb92-d21fd77ddcc9, 3919 
50510 4d6e6f04-91f4-43ef-ad43-530d3cff566f, 3919 
25415 cf4f2125-3b2d-4f18-bf1a-6235a0648d19, 3919 
337389 2352d8c7-6541-47d0-9e2d-0396d9e7255e, 8505 
166753 937d6f73-96bf-40ca-863b-ad0399fdb448, 8505 
289208 ed07af1c-31f8-4062-a1a1-ac8269ffb3db, 3919 
151615 bc76f419-50a2-407c-afe5-cc0559700089, 8505 
281633 4641e1d7-c255-4779-a2eb-d6e9f0435df5, 3919 
289858 9055288b-dbd2-4da2-a993-457abbac1b28, 8505 
68932 c07b3b10-0c91-4ce7-bfec-e71c247a5eda, 8505 
64455 a2b238c0-f4ad-4776-b573-6ecaceab50a0, 3919 
300193 61d9e5c1-7214-4360-b9bc-1ce63f8d5819, 3919 
197391 0391214d-0957-4acb-b4ec-d8b7333e4cca, 8505 
205042 6d197861-80df-44d9-8d35-0074d75bcb74, 8505 
275663 59e0b53f-d971-4320-8fbd-c57f39fce697, 3919 
205699 8dea6254-f8cd-4c0b-aab4-04305a04ccd6, 8505 
58370 eb4c2e6e-f81f-493c-99dd-277561d36fc4, 3919 
178455 27ff9e3d-20f0-4d26-9346-fde2f25d735e, 3919 
188122 deb54e7a-e709-4423-8127-5dff5fae90bd, 8505 
234559 ecf041a9-f0b6-43b9-ae94-648a529e7c22, 3919 
110815 5f6af087-f70a-4a89-a2db-b3ec038137eb, 3919 
108139 a77b95a9-bb84-4fb5-935a-8a323e4eca79, 3919 
362384 d9006dd5-4162-4b8b-ab65-fe176aeae3a5, 3919 
57421 14ea609a-28c7-48fc-b843-3f3ce2832438, 3919 
58850 ea0e7116-4a90-4c75-982b-ecee4b07ab56, 3919 
47411 b60b24a5-04e2-43e7-a9b4-a8f78dc47011, 8505 
54812 c6d08b0a-b2f7-4c2e-99b4-1e40491cd77c, 3919 
347156 19d78100-727d-4163-bcfc-8b437e629d5e, 3919 
50670 ddf99809-b0c1-42a4-9603-e30dae46429b, 8505 
1352 82085cf8-6325-4a32-ad77-37d2e3841a92, 3919 
353488 7beb0ba7-60b8-44a7-bf17-1f0b2fedcc0f, 3919 
289082 cd1ac21e-c633-4a3c-9a15-cc18d5b2c240, 3919 
123089 596666e0-2d37-4aa0-b87e-908eeff466d0, 3919 
289012 955c6111-a820-4823-b9ef-806f7a46d3f0, 8505 
195056 f3044e68-6609-4ac7-a305-048d8bd28bd8, 8505 
256525 f4c0c964-236f-4115-8fd4-5018a0a79944, 8505 
131014 20779c5b-13a7-4380-aac4-8b3ea0d1bf53, 8505 
205333 281ec790-ec41-41d9-9b08-66c5b68d2e04, 8505 
63745 04e3c214-6d17-4390-89d6-f48a4efd6550, 3919 
330693 d17a7b19-ab25-47c4-9260-d660c80098ab, 3919 
157053 b7b43baf-072f-441d-b1f4-7619ec498976, 3919 
252558 de8b3eb4-5907-4659-80ef-c67abbef0c21, 8505 
348621 97ebd707-ee61-4277-af5a-29de9d4408d1, 3919 
118718 e4606ee5-af51-4abd-8eda-7bb299c71a5a, 3919 
83823 5e1c8d6e-9ce1-4132-82ca-d4e0b57cf5ab, 3919 
226550 03fdebc9-b2e0-4297-8394-5babb16400fc, 3919 
375000 b9a8ae3f-9f15-4e53-b17e-3e5a9385a19d, 8505 
275356 75d0cccb-fe6a-47b3-87db-fb27348a21d9, 3919 
247991 656636f8-d1bd-4832-88ac-a549de9dcc44, 8505 
245555 d960ab73-e416-4394-95bf-1154bdf079f3, 3919 
58111 24bf789c-ded5-4d22-bdd3-9262e94b6fa1, 8505 
389729 d3a98852-9bb5-4c32-896d-7b1ef1a9a416, 8505 
244275 d33d38b1-6d74-4158-8f15-e356828cf262, 8505 
22342 63a1a447-64e0-4c93-be76-f49d0fc4feeb, 8505 
142025 d9545788-212c-4bd6-8e31-b8623924091e, 3919 
17880 062e23cc-8887-4cc7-979f-3e29754ce72d, 8505 
352857 2a6dba47-eae4-4ec4-8da2-345976152ca1, 3919 
270094 5903880c-8da3-4d7e-b1ba-dafc749d148a, 3919 
61096 c71d3ee5-f0cd-45f5-a504-3aa1e3d29811, 8505 
249933 2f9ed589-69d1-469b-8277-9f594e6cc090, 8505 
51213 404952a0-0ab4-48de-9c67-cbcd8342ea6f, 8505 
144225 4b85c52d-2add-44a6-8c38-048361cd445b, 3919 
350662 6177f62f-614d-49d5-85f4-e0fce6d6d9c5, 3919 
126843 718d8ad4-5cdd-443b-abfb-a1e36dc5c927, 8505 
128226 fa7f04e4-c0f4-47e8-a557-b2ad98b81c87, 3919 
118873 b078379b-5122-49b6-b3d0-2828c1471996, 3919 
347198 509a39f6-33bc-4fea-bf04-d125e3fdb76f, 3919 
155405 6b7ce3ad-8c8f-4108-a135-ba046f520864, 8505 
77253 e4872fe1-58c0-4c01-9f95-49369bd6e118, 8505 
92895 76e0386b-8cde-4d2f-9ac6-4c079249f75c, 3919 
341304 6dd21617-9216-4980-9057-3d9382cd9156, 8505 
129919 576b4a05-e4cc-4a35-9153-de4d7387eea0, 3919 
78517 d94aa330-780a-4edd-ae9b-2f8f98a3f509, 3919 
131296 ca081bf0-3c6f-4382-b70a-4671ede6a686, 8505 
39322 635c52eb-ec0a-4888-8c9c-11bd05ba7fd2, 3919 
218253 68140b9e-0c07-4935-aa1f-897c60b146aa, 3919 
344668 7ebeb8cf-04d4-4bcb-908b-f16ffbf343e0, 3919 
164742 39cc4824-18e2-4058-aca1-6593a25108d8, 3919 
186372 64809e3b-0fc7-4e3b-8f98-4db0a9603af7, 8505 
234562 5db78c45-4c87-4829-a212-f5f5e2e0a19e, 3919 
231979 6daf7622-24cd-4715-83a9-e07d3ed8105c, 8505 
10438 3ec95df8-3bb8-4f53-9fb0-1ece908a4588, 3919 
209409 dbab1410-2dfb-498c-9744-abe0ed7e6412, 3919 
262324 bdbeabd2-679b-4564-8679-7bd18ffa7cab, 8505 
21251 6937fbe5-3a46-482d-a679-5f71bb70673a, 8505 
152129 a0fc723c-6944-4004-9d7c-d32d1ba8c5a5, 3919 
7070 06d0e680-c6bb-405c-8c7a-77a797f724cd, 3919 
101254 ed4d8f10-e17e-4ed4-a413-e462b465d282, 3919 
48852 f1f45f48-c43c-4ae8-b403-42fe12ffe4f0, 8505 
281798 47801a92-cc2f-4f3e-b694-a085d308deb6, 3919 
191561 db9492f5-595e-405f-a4f2-9176620ba5ea, 8505 
221929 68b441dc-f94a-4668-8128-03de5d6adc45, 8505 
160634 ea2168d6-e82f-4ad4-a9c6-f5862df32e63, 3919 
212538 e0238c80-922c-420c-9218-38f161bd254a, 3919 
388619 3e44c13c-a7dc-494d-8a64-39c3488082ba, 3919 
229379 39a6565b-ea92-48bb-b63a-9d6f4a8a4429, 3919 
299924 64670b81-f9f0-415b-8ad8-d647e3aa597d, 3919 
141421 21e4a8f3-f14f-4b5d-aad5-c5af334e562f, 3919 
76775 0a50af5d-08ea-4e34-a0cd-3e4d23ac5172, 3919 
27871 34e48942-8acc-4b53-8f05-7e567b2d0357, 8505 
58161 ab1edaea-d30c-4db0-ac32-8e9831c9d461, 8505 
172094 ac6b69aa-2eda-48f4-b647-cd6b7d5f44ff, 3919 
3723 b12373a8-6cbc-4033-89bf-c7aab7a858e9, 3919 
102969 5caa4912-d418-456f-8c3a-6fc0268aa88f, 3919 
8130 6c6dd729-a3a2-4117-ab1f-565320965604, 3919 
270661 b81be8a7-0bd6-4343-a266-09e2e265acc2, 3919 
220150 41bbc0e9-609f-44f2-ae25-9aa8b5ec446c, 3919 
244195 9d7ff6eb-99b4-4779-9ce2-ec2b3480a56c, 3919 
6620 d09f1791-1bbb-4ca8-84df-6f16f456e4da, 3919 
305516 384a2737-dc76-4022-a124-d900428fb50e, 3919 
489 5fd44646-dd8c-4cd0-b803-5f0025bb660a, 8505 
232746 edb6c9ac-1287-4634-8f22-1c94e8050c6c, 8505 
163357 9aaa2088-c025-4cfb-9d9c-a4e4d1921bda, 8505 
120785 a8141183-181a-46c3-9851-4d08e863aecd, 3919 
200316 48e9c527-3b4a-4cbd-b9d8-e8a175e88d9f, 3919 
78674 82e12f21-51c5-4413-b4f9-1739343b5942, 8505 
171283 d40199c1-9ce3-4fe3-a5bf-f85f12c13a50, 3919 
325128 b0d2a19d-f5b0-4e46-9b46-a1bdfde0cc46, 3919 
235399 093e527d-afca-47a5-acb5-883673581e7d, 8505 
324665 aea5b720-a719-431d-a2f1-898d62dbd0a2, 8505 
308259 d181b463-a6de-4d21-baea-f60aa822f36e, 8505 
117549 a342662c-12ff-4d0f-a17b-78d72d1b3a8e, 3919 
123956 63be5495-93e5-4fac-9f28-3ad62cd6cd59, 8505 
148977 e9f365d8-e16b-4048-aa7f-12295173e9ef, 8505 
143134 d1959f1e-1bf8-4e8d-9dea-00f1076aa853, 3919 
160389 4861c0e7-5558-4242-8763-e36bcb05c06a, 3919 
148584 79bff597-b2da-44a3-88ca-1ccfc4a09850, 8505 
181878 6dee2742-21fc-4bfc-98b8-292cae113734, 3919 
275331 eab765d6-fb3e-4e77-8ddf-8846aa548da8, 8505 
79289 6212d0eb-524a-4530-87fe-3dadb8eb87c1, 3919 
231206 75a75934-bfd8-496c-afa2-cb0d88361cb5, 8505 
224777 31c9be95-bf92-48aa-b112-8cb02c26cdc5, 3919 
180275 f5a11880-bb28-45c6-a4c5-3f93dd843f5a, 8505 
374150 a63aa9b1-4dda-41e0-a1b8-0daf4f21cbb1, 8505 
323243 386392f9-fd3b-4062-b172-a5c816476322, 3919 
194071 86978ff8-8839-41ab-9a8c-713b31479dab, 8505 
213432 1ce0c649-2197-487b-9720-e37441cbc5a0, 3919 
255147 ebc12589-0f5e-4f66-88e8-cb5031d1e725, 3919 
40974 1e8b57e9-3388-4ef2-86d7-06a10533a2c9, 3919 
213540 15955b61-6cde-4335-830b-dcb611ba97cc, 3919 
260322 758e902a-6021-437c-9e66-5abb9d89096c, 3919 
137201 76367e58-7bcd-4053-97ef-885ec22874e3, 3919 
319468 dd60255e-add2-4019-8dac-37b7e4a9946b, 8505 
222052 cb14c92e-5655-47ea-9eb2-b770a6c53bed, 8505 
144370 9b156f64-7337-468d-a247-4b2ccb8a4860, 3919 
229314 f1180dad-fd89-4b68-8c7f-993f597e1f77, 3919 
266484 888e3d23-63b4-41b9-9f18-0be4ed48668d, 3919 
332980 58fb0891-0962-4378-a606-e508cd91e173, 8505 
110795 b02a3c36-7c63-48cc-a56b-a09a2dad31bd, 3919 
393861 1300c67c-2dd3-48ee-9cce-c10f33a8268e, 3919 
119501 c7d4adf3-74bc-4f95-acb9-ba4ccaf416b4, 8505 
179759 7b58b17a-946f-4a14-8ef1-f145b938817e, 3919 
256044 dca7c761-edd5-402b-bae8-beb81f9cf26b, 3919 
212528 31063766-6b6b-4087-b339-953e366f40cd, 3919 
220300 4def4af1-f521-475b-b7d1-0e634bbbf739, 3919 
395556 68438ff8-a87f-4122-b86d-23934e60f20d, 3919 
305996 7f042580-09ad-477c-8e07-b4ed474f28ee, 8505 
105230 129a8955-f1bf-4355-8f37-520716129e75, 3919 
7427 b50283a9-34f8-4195-b87b-e01657f5e186, 3919 
109427 e33ccbae-d4ef-43ec-a52f-b16343f3ff6d, 3919 
26367 69917a1d-1543-4ef4-8de1-33f47dca6d7c, 3919 
86627 33c2a764-ab8b-4121-a2b8-221840e3a055, 3919 
296688 525a6787-05f3-4563-a8f2-e8f48a2c7917, 3919 
361152 7e8141af-e412-479a-87df-cd8200238c50, 3919 
111256 f9e9f082-0598-4ce6-8ae2-eb5ccc89dc62, 8505 
92300 9a8a1ee0-0391-4946-8c25-2962901bd893, 3919 
280043 a269a5f2-f9a5-4a4b-88f7-593891edafdd, 3919 
222983 6a34dcbf-26b1-4f29-a918-31a8ddae8949, 3919 
194186 b41a29e8-deeb-4097-8149-e3d95710473f, 3919 
193697 db4d8661-05fc-4389-b88c-755c3d3a2685, 8505 
387386 de2210f5-ccac-44b3-9d38-2c654626ada9, 3919 
88892 815e482e-f65f-4525-bb8b-64c9116d162b, 8505 
235384 a8311057-1e88-4cc7-b5bf-edeca0854af0, 3919 
402366 5a94a925-e618-4ee6-b156-6f497dc96abd, 3919 
137447 0264d56d-0395-437c-b2a6-98b1c9afaff6, 3919 
234117 315d37e2-2111-4163-9c77-395e23b3899a, 3919 
184565 e11cf71c-59ab-4e9c-98ab-13ed82b23ea8, 8505 
277265 684bf379-f965-44de-962d-819c24cb5046, 3919 
25189 315bd2a0-91ef-453c-8633-f2f3f78e5266, 3919 
11178 cb4b3d93-8a8f-4cad-986a-295512922156, 3919 
55105 71a73737-9ebc-4c70-b89e-cc87f1a08e97, 3919 
218166 98ed10ef-9896-4535-a415-36a7220c902e, 3919 
126704 c3442f0f-8fcc-4c29-9da1-c160edf6bbca, 3919 
29883 5916f3b1-cdca-4cb1-a449-e1cbf77c5cea, 3919 
350351 356e1c31-1417-44cb-827c-72d7b175fbfd, 8505 
56480 7f4e19e8-5968-4899-9a65-0c7eaebe53c1, 3919 
87835 821856e9-f87c-4471-8a80-cfc06f4f2d84, 8505 
160094 901d68a9-cfc4-4c06-afa2-d0c57fa6fada, 8505 
72504 f3b947f9-708b-434e-a8ca-03f20a3529bc, 8505 
54483 61b03dde-7e4f-4201-bb9f-d4f64fdbcac5, 8505 
213090 871cd47e-89cd-4157-ae4c-12dad37e12b2, 8505 
242650 bb4d5daf-526f-4881-b0af-c17489c1f582, 3919 
187384 35221370-5563-4edd-8094-14e619f60c19, 3919 
273068 087bbf5a-21e1-4812-9f8a-8c545852709b, 3919 
245573 55b8a402-77d8-49cd-a8f4-0942cfc0459a, 8505 
218263 d6abe188-b1e2-4649-9158-07854b7bffcd, 8505 
372362 2efe5548-8f4a-4721-a853-1d8a1cb932f8, 8505 
383806 bbeebeb3-753a-42e8-bad3-617bd253c5e6, 8505 
128255 07a47dda-5c08-440a-90c7-7f0bf8607fd9, 3919 
153519 664f3e9e-c83f-46e1-bc91-840f57e6ffd5, 3919 
391306 ebdb3cad-a10d-4c55-8e17-5686de878eb9, 3919 
52485 ff16ae9a-eb47-4023-981a-d26241ca79aa, 3919 
14665 1963aff7-735e-4029-8437-cb027f94ccd5, 3919 
35355 a6f04ad1-2327-42f4-b36e-1dc2f4911ed3, 3919 
53303 7ac186db-899b-4e9b-a3f3-1f54cff172f3, 8505 
78335 c140ca0a-c34d-4c31-aa32-9c16d387c8ac, 3919 
14716 10b4c380-ead6-4f4b-895a-b42bdf6060d6, 8505 
79653 5947c39d-c279-452a-a029-4561ddad1dff, 3919 
89349 b867f28b-969e-4913-879f-814681da947d, 3919 
126990 884c4b98-6adc-4962-acad-fd84ba688879, 8505 
217271 c234a4ed-78d6-4f98-a658-744313d8797b, 8505 
276188 738ce2d1-a580-494b-898f-d3b56488f821, 3919 
394206 a416ed6e-5e4e-45ca-a5c3-6c8ed84296d6, 3919 
334444 8734a102-14bd-453f-ab94-415c132d1418, 8505 
323729 4a732953-5288-4018-9521-158c7876b93d, 8505 
388206 5dafa633-ce66-49fd-ac78-3df96b31ee2e, 3919 
240707 83f36d62-b89e-4164-b447-e542b17e156e, 3919 
9346 4ccc4d39-e8ee-4d14-aa14-c32796c84974, 3919 
142093 2044b2ee-7363-41b7-a963-676d826c4fbf, 3919 
376485 12ae7625-a5ab-4f94-a591-fc4a4545286d, 8505 
79918 3e5ca006-cb1a-4de1-be7f-a4de069444cc, 3919 
172549 2c6d12b6-a4a4-4036-bc76-5cd2fc285b80, 8505 
157241 81253f11-83fe-4874-8873-44c0bd876b50, 8505 
188185 849b24d3-2e75-48af-a4b2-9ae5398e1c07, 3919 
370262 627e78e7-14a9-4048-85aa-03169692f9e1, 8505 
199059 4b10c758-f031-4b10-a87b-895e16cf4b6a, 3919 
132223 050d4eeb-76e6-44fa-955f-50f097136315, 3919 
283449 17713145-c51c-4967-931b-33486b50a28f, 3919 
27112 790de73c-beb7-425b-b289-6f84b8e620b8, 8505 
168083 565d1aee-af75-486e-af4b-53ee0be6ad39, 8505 
272478 b74fb66c-8b02-48f7-88bc-a4a6104c870d, 3919 
400730 197bac6d-06dc-43b7-ba5b-3f22c3ede73b, 3919 
37580 6731eb0c-f12e-4058-8449-06fa4e232be8, 3919 
326517 94e94109-ebaf-41ee-8977-161e941d94c9, 8505 
243964 2a291a73-0f41-4d8a-81eb-47232352816d, 8505 
208717 b9ce82c3-a27f-4702-815a-ccf0c3ca09c9, 8505 
95558 09bc69bf-88de-4619-99a6-16b7e5a9a6ae, 8505 
253529 efa1cb6b-084c-4885-8765-d82ac0ef5cd3, 3919 
54936 f5c568d8-fe34-4d9d-b14a-8db4c6e27b6c, 8505 
212192 06609faf-d354-46ed-8e5d-0358178d7a4b, 3919 
258111 dac08d45-9ce6-4465-8653-a7524000d4c6, 3919 
52689 5890d0a3-545f-487e-8be9-0ad279875639, 3919 
192906 f631ead4-9150-4972-857f-47a3fd4acbae, 3919 
222574 555d959a-daaa-42c5-afee-ab3e498da33c, 3919 
135615 30d2b889-20ee-41e5-8ade-329b72e9d6bb, 8505 
185145 3a17bbd7-d3b6-4760-964e-3bb5c279fde1, 3919 
312518 4a34e972-b652-4501-af72-02b8bf9d8e78, 8505 
385371 507503b1-c10f-42c8-940d-97258df5ecd0, 8505 
268617 339cf609-5991-46ef-b932-6570a1c2f1c4, 8505 
180508 f26cf9c2-937e-4b81-ac88-7af02b260125, 8505 
51068 78254a5e-82b7-4480-ba96-874869f4c78c, 8505 
31593 e9e480a5-b49f-46c1-b06b-6f31483d818a, 3919 
22344 cccb48ae-075b-432f-9e79-d04238965671, 3919 
131091 a5be4b4c-ecb5-4d7d-8e69-f7c5fb0f4957, 3919 
373011 bf455f2b-75c2-4e62-8df8-71867a44e9c8, 8505 
291734 1a7d7f91-741a-4457-bc96-33872373771f, 3919 
385413 73c0e392-96bd-4744-97cb-a0ad40d194e4, 3919 
180468 1288ea7f-8df9-4f0a-8f85-85bb49b218ab, 3919 
62233 c77644db-f442-4a97-b77c-1d9305691acc, 3919 
19907 941f92f3-c6f4-47c8-b88d-df52e067981a, 3919 
278571 3999bce7-1233-4524-9bff-e5d973036ac3, 3919 
39353 43772799-5503-4115-8ca7-301ce335d7f6, 3919 
42406 23867d58-c513-46de-969f-37824b782e0e, 3919 
283813 dcf438b0-a6dc-4078-96fd-079f335318dc, 8505 
66656 910c68a0-c0a6-4a59-9a4d-41873bc64b17, 8505 
204015 7633b30c-0a4a-4d76-947a-6209a8a4d61a, 3919 
369614 c0d19ac7-a94d-4ff2-a954-eac569fc863e, 8505 
135996 07d9aea2-3c4e-4fe4-adab-f59e4d2aaefe, 8505 
362164 919a8c07-f0aa-4da7-9fc7-afd701a4ff7f, 3919 
264609 ccb8000d-4626-4930-acef-50359edcec93, 8505 
76395 f6eb8c1b-ead4-4282-a023-34231db61c46, 3919 
196986 aac6dbc4-03f8-4b1b-83af-1d45d132a643, 3919 
141297 afc40b4d-fc7f-46f7-b6af-dc01c1705eb1, 8505 
227813 cbfe09f0-7be0-4418-9a02-e68eba9c4dc5, 3919 
158855 31df22b6-ebbb-4a75-a27b-bb8a04e3dce3, 3919 
301388 9173a551-7514-48bc-a2d3-7200ccfe1321, 8505 
11269 4295662f-3277-4a09-adc5-161d84a023f0, 8505 
237051 bf579293-344f-4235-be39-4a3a5486622d, 3919 
131837 3f7cc7e6-ced5-428c-b6f1-4a4eb739dd82, 3919 
355636 676b8c80-44d5-43d2-bd9c-fc4b1c7d48ba, 3919 
153340 eb556b91-06c7-4636-96ec-5a23a0cf66a7, 3919 
94294 ca8e2db2-13ae-488d-abe7-c127e8db0341, 8505 
93319 1f44bdbc-cff0-4f79-a7d7-cc178aaec680, 3919 
24327 2df70472-1055-4584-ba16-57c998ac9178, 8505 
352798 6068c4d6-6cb7-43e6-94b4-55b268c67e70, 3919 
386964 ec0d0175-e0f7-4141-886e-1572ace3081e, 8505 
373162 f0fd4f78-1ed2-421b-b96e-3c8c69c82f27, 3919 
242657 f32b655a-b499-4312-b629-d5decf6a8f5a, 3919 
59545 8ae54365-c061-4695-b6b5-aec6b73f356a, 3919 
177074 4c3882df-1699-4b0e-baa7-e1c8d49f61f8, 3919 
77439 72472a65-dc89-44f5-bb46-9d3ef7ce53af, 8505 
309410 999a67ba-0c62-4f1b-a729-6d01d901347e, 3919 
274214 2f1ad8dc-1964-47c9-9d92-2e6a52709bd6, 8505 
319200 ecc7308a-9cfb-4d74-be0f-c7ed30c3033a, 3919 
269828 72e2d9ba-8366-4c2a-b561-d3f12561de06, 3919 
74334 238d4df5-8567-42fa-b1af-577a9714cd27, 8505 
276459 4ff97ccb-c1a3-4ef1-9be7-9c8d0d67b361, 3919 
148788 aacdb088-9ebf-4032-bf9d-7c1499386c8f, 8505 
276670 8583e3da-3b88-4cf3-9810-495c5afe6fec, 3919 
390975 c33c5dce-baca-497d-b09d-81bd20313617, 8505 
57282 90f6092e-64b6-4a6c-b746-bfa528355ea9, 3919 
307980 de6b5096-d297-4d5b-80bb-653b04562a17, 3919 
74593 43ec5e29-88a0-4184-afc8-fac313861837, 8505 
75424 73b304a9-a40c-4688-94e2-7ed095fb8cb6, 8505 
19923 eb2a5613-4d11-40d0-821a-195da4ab9d18, 3919 
103141 e3732289-45a6-484b-8bf8-d746379392ad, 3919 
194933 86c907bb-ad1e-4ac5-8927-123a1bffdf9c, 3919 
53181 df64aa67-0d06-442d-830e-aacfea67ed4e, 3919 
258882 30cb5854-ae1b-4b1f-ae12-b85c700f6fce, 3919 
82609 da907a3c-eb0b-43d1-b22f-b6c26712709a, 8505 
366875 3da52f31-6d6e-4ea6-ac2b-e12d7078eae0, 3919 
263336 eace7bc0-825d-4170-8b89-bbb2c51488ab, 3919 
285710 d8d18d21-1f8a-4a3b-9f26-341bf0f22453, 3919 
71104 d0e34448-0d07-434a-933f-3dedf80001c2, 3919 
396578 00ee5df9-3466-4398-ad84-dfdb4820b1f0, 3919 
144250 768fa2ed-9af7-452a-b07d-1fee277970fe, 8505 
347766 3e5fa92d-2449-4238-bedd-a912ca6ce899, 3919 
138857 a783ed78-28a6-4132-a7bd-d85dbc21b76f, 3919 
152722 9133351e-a99c-452d-92ac-ee49da2c55e2, 3919 
397229 4054fb74-350b-42bb-85bd-6a4e14b6407f, 3919 
18279 be6a643f-ef3a-4698-b3fe-4dfb11bb6e57, 3919 
289362 afccdcc5-c506-49b6-a5ed-4640ae145a57, 8505 
356635 c7f53bc7-0a09-4d9f-ba82-eebb302f2b77, 3919 
106912 e5dfbe63-d013-4598-bfc5-717c207ce67a, 3919 
337215 d83b755d-17dd-463a-9b5d-dfed787435b7, 3919 
162963 0148b878-0243-469a-a82b-61eae2b8e9fc, 3919 
311168 024836d9-a197-4a4a-8a5d-5b23f9df9c20, 8505 
157622 ba14c253-c1c0-4f6f-ae0c-4d9d8aa379c0, 8505 
350715 9193dc12-4010-455d-91ad-03e7b6ca1665, 8505 
185988 9fd0dbe3-aca1-4a3d-b9a7-4beb7bf8539b, 8505 
187473 5020e79d-bece-4502-bae9-7ab24fb3101e, 8505 
300648 413c0666-761b-42e5-b538-90637b1cf347, 8505 
52085 d98e8ee0-1f4f-4801-b75e-778201001128, 3919 
84051 002a0da9-f36a-4d4b-811c-aa9321850ceb, 8505 
188003 af53e036-4179-4008-8191-ddaa247c4978, 8505 
222314 1d76f0a6-4b2f-488a-87ab-24c91135dc69, 3919 
254544 a73c77e8-00c1-4463-b373-84d6a3d467fe, 3919 
395409 60d5ee3c-73a8-4c75-b0dc-6a0c8c17d2e7, 3919 
133718 b46dbe73-b6cd-4e19-81bb-3dc36e286187, 3919 
360072 72058380-92d7-4a02-a2c4-3010ada04399, 3919 
292558 60275d93-77d0-4a3c-8c54-8f0d1a045f9f, 8505 
278651 75bfa243-8e93-42e2-b483-ae66450fed12, 8505 
129133 956b3300-a9f7-4c41-a709-cc51e08b2f34, 8505 
381148 bd029691-bffe-4b45-bcb7-629949101cb9, 3919 
28351 bda8a86f-1449-40e0-a1e5-e6205ace45f2, 8505 
107166 ed5acae0-c48b-4efd-94b9-c1a83301fea1, 3919 
198453 4a482604-8889-49eb-9eaf-ad43e8da57ef, 8505 
67973 50c7ae55-e167-45b7-9582-2fdd8952df1b, 8505 
330486 20bb3528-8130-4e99-a264-c5400783ed6e, 3919 
391066 823202c1-15e4-4eb5-bb2c-edba3547b60a, 3919 
307728 167ee98c-9609-4ade-b899-2b8f0d50c663, 3919 
310283 7912ee6c-010e-436a-8a63-c67e1bf24e45, 8505 
149416 10e675c3-ec6a-4923-802e-42a4007b1d96, 8505 
191055 fedbd042-ca43-415a-a19e-4f522b189c5a, 3919 
135138 92f917a3-d0ef-471f-9dbc-09172c585aad, 3919 
364824 afd47413-9c8e-493c-bad0-a50170abf6a8, 8505 
92388 6c6274d6-19e3-409e-8296-7df83f395569, 3919 
344445 9ccca14e-7854-4a42-9b04-fefd5a0de8f9, 8505 
317309 111e8a54-ad77-4650-a614-4b3ced9b8e02, 3919 
246715 1f59296b-9d5a-4f94-bb86-d2e14c2a51b0, 3919 
323905 f725f257-19e2-419e-b98b-7c1e248c0e95, 3919 
191923 5b1b13da-b0ed-4887-b479-461729e77025, 8505 
378552 44aaea85-6c1e-4e99-b6b9-429b094f0881, 3919 
209749 f4f2882c-219f-4644-873a-1a92437daf25, 3919 
97513 53a2f0ab-78e9-4813-bfb6-03f6bd2d94d1, 8505 
285611 b8bf2e0b-fba6-4f0c-af6d-f4b0e0ecc30a, 3919 
135089 774df74d-fba7-467c-8ddb-16e9e4508e26, 8505 
391368 01117883-4cb3-405b-a290-779e2f7388fe, 8505 
105765 89187569-2f18-45e3-a158-a096d7a08572, 8505 
105790 2911cf39-042d-4a0b-86a0-37d2b01ea0c2, 3919 
355311 00a50a6b-6d59-49eb-b4ae-7a926a0ee47b, 3919 
22103 a1c68402-72e3-435b-822a-c29545be4c24, 3919 
376904 5a72179a-e980-4af0-b3ab-31460f965524, 3919 
100887 64e32ccf-d6f1-454a-93fc-c657423f3019, 8505 
218642 77db79a4-23a4-40b3-8e0a-1682466ace72, 8505 
151055 6b63dfac-7104-45be-a73f-aa9b8d91a0b2, 3919 
205154 20179298-d6e0-4226-948f-80823d3a0a0b, 3919 
173725 2eaa5223-757f-42fe-8018-f9ad28b3a91d, 3919 
360997 535b76ca-a190-412b-bdfe-05c1e211e4ee, 3919 
193419 313e618e-fa93-4040-8466-cdeeb59f1771, 3919 
90076 24e50fbd-e0cf-478d-a9b7-077680ed07bf, 3919 
118007 c68339b6-bb2a-43b9-8e82-751105d61cd9, 3919 
318301 7b671ce7-6d07-42b6-888c-9c3f00272113, 8505 
211438 7ad229fb-e7ee-4b6e-8edf-cd6acd279493, 8505 
9477 8712692b-6386-4799-ab4b-61b71bda7fd7, 3919 
141981 c5b19005-11e7-4dbb-80f4-31eea9282ac0, 3919 
154038 4d2cf796-6dd5-489e-afcf-835a60c00622, 8505 
156870 0ba657c4-a4cd-4e83-957f-74b36e16a40f, 8505 
63925 665fef4d-42a9-4c5b-9715-20d705e6f7b5, 8505 
153380 72d82f76-ae8b-4981-863a-fb4926c3c625, 3919 
121220 0b3cc485-ca13-4f02-a32e-f566c676225e, 3919 
145077 89920cee-dd23-49be-8f48-b6fa222d5de9, 3919 
355143 09ef247c-1062-4d49-8943-bb5e40318961, 8505 
99085 0311332a-609c-467a-9ff7-a10fd943e14b, 3919 
243486 992d90d6-8d24-40e1-992c-4c9102227772, 8505 
226557 15daef10-427c-4990-a3ed-31104e9c11d1, 3919 
248186 198c530e-7448-48ad-8b3c-dae26c17a9f0, 8505 
287736 78e74da4-d13f-455c-9840-633b86ab2d1d, 3919 
175846 9f9bfa54-7d82-4646-a57f-438d286b2916, 3919 
321202 c737bbe7-039b-4345-aa40-5b10573f7ba5, 3919 
201219 f5e3a554-856e-4cf4-ae80-e901f7b34242, 8505 
123399 c581b7d1-d881-48b9-a53b-6066fb7eaacc, 8505 
244851 67cdab3d-2bb7-4e13-a51e-a35da65c72f2, 3919 
55307 18a47d18-499f-467f-9a42-d57d72773f09, 3919 
313942 c2d83b47-27e9-4b09-8fd8-a58cec6e74c8, 3919 
302669 e7d007fe-78ab-4b78-9e7d-3cd21f71bccc, 3919 
377609 79609b21-bdee-447d-a376-abd2f0bb4d69, 3919 
149776 fa8b887e-410b-4b35-b702-20b393d5b67d, 3919 
185699 34d4fe13-c8ca-4e2a-8321-9495c03fe159, 8505 
10306 cac15474-075e-4399-98be-f8d49586e0a0, 8505 
131226 8f532e8e-a23e-4188-8e02-5820b52a4329, 3919 
397473 970c5f5a-5d8d-4a67-91f2-7923f67b6076, 3919 
234894 097a3464-b30e-4fb2-bacb-15e415d9591d, 3919 
228233 287ae9d9-a9b1-4eee-9de7-5c2f9288c7ca, 3919 
187219 fbd459aa-4a44-460c-82bb-d7c394228b8c, 3919 
116163 5a01e93b-3b83-40b4-a8d5-66c431f1d8ce, 8505 
209739 f320040c-3c6a-4332-a68a-abeb67e66ac2, 3919 
285244 95dac2c0-4f67-4a28-9c8e-2d43e5b8f45b, 3919 
52364 b16db723-80a7-4043-9cbd-d597546db55b, 8505 
139359 42e38a6c-e17e-4f8c-80f0-e89a980a98aa, 3919 
173748 f1b909f2-3122-4725-a2ca-3cacec1a53de, 3919 
376431 3fb0a6da-d1a4-41ea-a14d-6e30a530189c, 8505 
10982 a504b340-df52-49da-9432-f84860d0adac, 3919 
403234 15b4a0a1-4836-4eea-8d1b-78c67b7eefd8, 3919 
1265 cdb8fca4-926b-4432-a9c7-ccbb4bd40292, 3919 
64613 97a78af4-b747-45c6-8686-00f44dc2426f, 3919 
240084 fb87b823-d03c-4dff-8e56-98928f0e2a07, 3919 
342100 ce0a75f7-3903-4e77-8e5a-429120dc555a, 3919 
108501 6dfa48b2-01c3-4f12-b02a-027c596727c5, 8505 
325415 7b5bce9f-9c99-4851-bd95-86c74202c0b4, 3919 
25289 6a4c4a90-4fe1-4088-b151-e90214132832, 3919 
236609 1255086e-3a0b-4b2a-b681-fbd1ebb1f5ad, 3919 
101077 79e0b41e-c4e9-4f96-ae39-0da94e87736e, 3919 
401174 05433d0b-4277-4c1a-8b3d-6f1b953648cd, 8505 
183475 55e75664-b6fb-4198-8a30-b1f1daf9e3ff, 3919 
49667 636c7e9c-e5ab-4bbe-8575-caec6ead3d7c, 3919 
160117 18a45dfa-a71a-496d-8931-3cd09daf5e84, 3919 
167812 e135698d-1096-4d27-9335-6a641f263d61, 3919 
85784 2de8e52f-f0f9-4894-a632-daa4d81a67ff, 3919 
8241 76ccf9a3-1787-4ec7-8ee0-fecbdbf64b54, 3919 
315517 2e2ae191-fd71-45f6-85e5-78fba9fca6ce, 3919 
283870 f103e45b-0c61-408a-92dd-52f15a76c356, 3919 
214927 f30fe3a8-f3d0-4549-adc9-fbd10cce9383, 8505 
105509 288756d0-f1a3-43c5-aa07-f4cb2e6070d9, 3919 
379142 f3b1d256-abfb-42c3-971a-3831b868a576, 3919 
207706 a6da6520-7d49-4aed-afac-bc03b6dc7a70, 3919 
314330 94aede07-4f9c-4b18-bd1f-f50e71027f96, 3919 
30962 2efcd083-b219-4b41-ac65-2eed3e33a5d8, 8505 
112109 c0507eaf-9ddc-4868-85c1-0e5121055f63, 3919 
27668 3e961e47-6331-483e-85f8-f7cefcd149dd, 3919 
4083 5fbb4726-3a83-4e5c-8377-a53cde15ca7b, 8505 
315067 51034385-6c69-4bc8-92f3-026e6bc5829d, 3919 
228949 67f7623d-286d-4179-8e31-e724a937bf63, 3919 
241491 62a27ed0-61fd-437b-ace1-3ab73bd42d51, 3919 
39843 322ddab8-753c-40da-92b9-9f8a12f9e205, 8505 
278756 b28f8898-c00f-4111-bc74-32ab7fa7b30d, 3919 
69937 42ee041b-941b-4524-af33-fcf68cb8c099, 8505 
136711 e4060233-2f74-42ca-b763-be9aae316d74, 3919 
113537 098bbf57-b163-49af-9555-e30153216d6f, 8505 
380673 426c2fa2-da6d-408c-977b-b077ad891b63, 3919 
335357 47aa8172-69ba-4532-ba68-642904d91a5f, 8505 
269157 823091c0-aad5-43c4-ac1f-ddcc4fa9b8e9, 3919 
303405 d4dbe74d-be87-4f12-85c2-0e09b3acb0f5, 3919 
237039 a99a613e-5cdf-40f0-83b1-b4c00fd84d45, 3919 
381935 5195679f-8b9c-41fc-a267-d08768550a07, 3919 
28871 f37adb20-3f65-46d9-82f6-f734ce3ad3cb, 3919 
183986 e6100536-08cd-4da8-9052-ead7e67fce6c, 3919 
134961 1265ab1d-a71e-4368-b9ce-377b0cdadccf, 3919 
63042 65376b7e-5340-4670-b555-81a067b998b9, 3919 
91047 cb710a6d-d52e-4908-b572-c13354b4255c, 3919 
25007 11cc7fc0-757f-43c7-917f-7dcdf736358b, 8505 
306947 a7e98f6a-4585-4f34-887e-a00ef11165fd, 8505 
7591 df005135-9f98-4e0d-b3a0-edf33db7a2b8, 3919 
32323 5051feb5-7e5a-4895-96c2-811210ecf561, 3919 
151097 c661b47e-c7fd-4bdd-8e1b-a555506b325e, 3919 
142408 134c50fb-f9c3-4065-9631-bfe922a41fd6, 8505 
260142 1791b3e5-cf29-4d8d-90f8-83c8a01d14e1, 3919 
44800 fa0c5dc2-3c2d-45af-affd-27bcbd13d65a, 3919 
212067 53ba7922-d9f6-4c48-a134-a1d042a0fc81, 3919 
27445 9d921a66-3894-4538-8c32-5408d2f07165, 8505 
136951 4f74e735-a275-463d-9393-27b63370f5c9, 3919 
58733 8d352109-80dc-431c-9bec-c3cf0bf67fe0, 8505 
170984 69f55f6e-0e7c-47ea-bf8c-902b331021a6, 3919 
384956 cacd5677-9639-46f9-9b98-15630e62cfd8, 3919 
95578 2af8959f-f813-495e-90a0-dcccb7ac2a32, 8505 
268338 f336e572-82ce-4a07-9b47-8de63639376a, 3919 
107287 a26b5ab5-d3b8-43ef-864b-20a7b51cb529, 3919 
368754 4d30dfd0-2055-4437-b249-5aaf484f61c6, 3919 
361112 a491d877-6dd0-4140-b322-f68ecc487808, 3919 
147238 a4b7fc8c-5eb7-4f97-90ac-b0f736c99cd6, 3919 
380986 fb6adc49-2449-48fe-876a-946c41ace4db, 3919 
206041 553b5fdb-be68-4da4-8c65-21db8f3903b4, 3919 
383730 902c2dee-ef77-457d-8d5a-8ee3a22e637e, 3919 
45023 44f8b47c-d996-495b-b558-160a5e880dde, 3919 
41185 4bf874bf-adc3-494f-9cd7-284768888f9e, 3919 
321774 921cf9ce-99fe-41b2-9fa8-a0c3e752fbc6, 3919 
219422 ca65c29d-0ecf-46dc-97ae-ba55ebb5af1e, 3919 
322340 b58865f8-5e11-4a3f-97ab-c5012e4ee682, 8505 
337621 56e34a4e-962e-4d8f-b1f5-a0abd344ab26, 3919 
96714 cb8f8097-abd7-4386-80ee-0de771f1638a, 3919 
53685 9d45a50b-b89b-4a02-8b23-c0f504b68dfe, 8505 
150089 8e1fdecb-3eed-4dee-a6f2-5cf95b878f58, 3919 
6805 22ecb032-c597-4630-9f0f-f23768837ea5, 8505 
151074 1c8de540-3726-43f7-a635-c895e269c1b9, 8505 
193429 298f38e4-ba72-4d3b-9d19-ca1125508484, 3919 
387263 8c1d6e1a-1fb2-41c7-a912-9c5ae09d719d, 8505 
357263 b2597126-f51f-45fc-a6bb-1749477dc007, 3919 
47202 fcfcd8c8-c2fb-4578-b26d-036efb08244f, 3919 
35265 81be0b7e-f984-461b-9d52-6577adc7d186, 3919 
183182 1fba8d84-1515-45d5-9c59-a7685587cfa5, 3919 
83253 085a3f70-9b83-4f29-abd2-055ec1e1a8a1, 3919 
315438 cd21d875-88e7-486f-9475-950bfb536e4a, 8505 
302303 38c13812-c61d-4977-8ea1-3d974f4c7ba8, 3919 
307478 759ef9ee-c97f-4ae6-b702-489297eeeb9e, 3919 
96508 aca03fb6-953b-4104-a393-c2ae13d0ab40, 3919 
204965 6283cec2-7548-41c5-ade2-111fa72f61e1, 3919 
79032 2a7a4e99-5247-4e84-9a62-09672c7b6f04, 3919 
109618 de483918-c8df-4a81-b484-ec338ae38af4, 8505 
250558 d5163f6a-a2aa-4bed-ae1d-c34057338229, 3919 
329136 0d52fbf0-bdaf-4d1d-a20c-0534ef1b1365, 8505 
173886 17ac31de-cabe-4ed0-8c31-c4a128f28bf6, 3919 
353489 52fe4e17-5467-4dc1-9c32-9ad980cd6325, 8505 
126340 e0421679-686f-47c8-adf9-b20e33bdf8ac, 8505 
123009 85ae4c4c-f3d1-4c50-9e50-1666651d7257, 8505 
59076 46dbd8c0-df45-4ce5-bb98-bf2f3b4c1aa0, 8505 
218722 098c21d6-0f78-413d-a01b-9cdd9808e2e1, 3919 
231187 08c9615f-4631-46a3-9f90-bbefc4529cdb, 3919 
177632 449c8863-dc43-48c3-b61d-e76677c83577, 3919 
260106 3b5fdd83-cd3b-4cc1-92a4-50ad95187e94, 3919 
335821 f03f8e90-aaff-4ea1-8172-4226fd9d871a, 3919 
98253 c4b03fbb-744f-4915-afa8-a70523fac037, 3919 
70194 88cca02c-ed06-489d-bb7c-290e252161ab, 3919 
280316 e7f0ad34-7e88-4e1b-bd0f-9d5bbf86285b, 8505 
114453 8e4155d0-0695-4cd4-a0d0-ff602190e1a8, 3919 
379408 c69f1d69-b15a-413a-bdb6-643c5ecf0e6c, 3919 
12520 b5ca76f2-113e-43c9-96fe-937029b0f2c0, 8505 
361350 2bf5f06d-6369-47b4-a759-9fa53d7a7593, 8505 
394396 c2df06de-604c-49b7-9193-105197488f4f, 3919 
48457 6b649d80-a561-40cb-b0cf-0cc6d5b19585, 8505 
22999 86b5d58c-9400-4133-948a-977c1213f41d, 8505 
68612 d6052957-d955-4d6e-827a-2ced909668e1, 3919 
383079 07a77478-6d42-40b4-a25f-6abf71ca8fef, 8505 
375883 5124f061-d2c0-4906-acc0-0c2ae7fa7d85, 3919 
36213 837e6634-cf6b-45b1-80b6-debabe3d4465, 3919 
392025 7a32843f-7370-42c7-a58b-6d15f9ee76c7, 3919 
257781 c58d0986-3f96-4617-9237-491c1dc2c2c5, 8505 
127208 4d0bd012-3ee9-498d-906d-cf6baa3bcc4a, 8505 
333104 a90a4ae2-bfc5-4d71-a97c-c62dbf6554bc, 3919 
104938 abb0056e-e52b-413d-8550-28c608383827, 3919 
207675 c0cca0b3-95a8-4e51-a7ce-cd81882fc684, 8505 
258841 c2efc080-9b99-4268-ae81-e493c867afa2, 8505 
219216 b6ba5713-09db-4a89-8469-4a5cd7258c3f, 3919 
96611 b2b07cd4-cb5e-4ebe-86d5-5773f4b78506, 8505 
311323 a6078e32-2540-46d4-8e47-f791473e81f4, 3919 
235579 df65cb1d-2b06-4bd8-85fb-4bb027d61ee4, 3919 
218764 24d5cc8c-60cb-46a4-94e6-461bee3e74ac, 3919 
392601 0c9a17fe-31ea-45ba-8363-0fb495bd7d58, 3919 
373739 fa6e983b-6eb2-41b8-92dd-23f1ad818075, 8505 
224967 a568d1e1-2085-4708-8849-19d1d16a9c8b, 8505 
239811 297fba2b-39bd-456d-a88e-327b07b512a1, 8505 
330588 1fcf51b1-97ad-4a9a-afa6-179159ea421b, 3919 
135202 7252d33a-741b-48e0-bfb6-20b1af86851e, 8505 
287094 24114338-de9c-4ac4-8e1d-cc523825ccfe, 3919 
220149 8a52ef05-46a5-459b-9195-5331bb811531, 8505 
383340 55a7581d-9299-4727-b96f-67fe480c5539, 8505 
318356 0bbf1c63-a700-4634-994b-9f3306721ee0, 3919 
192218 9224f696-bc15-4b23-8f80-711002406041, 3919 
304168 61b9101f-2adf-4bcf-a7eb-546e5e2829d2, 3919 
163497 49a5e279-5ada-40e4-850e-707a33e6e3c4, 8505 
347658 4be00024-ba22-46c8-aeca-b8623c84019a, 8505 
329185 9193ae8d-9a64-4d89-81f3-9c7fd45a8a6a, 8505 
61371 01c764fd-8e18-42b8-a629-1da811fc1371, 8505 
46315 597fb2fc-3f4b-4e8a-80d9-a84098190274, 8505 
326731 26ef4bc8-e3de-4c5a-ae1d-810c4eb4f2a9, 3919 
253510 bf3f88ca-8822-42de-abd6-f9e3bd92f10d, 3919 
149332 2e29b954-abc4-4703-8d75-dd80c06d8128, 3919 
360300 6ed287fe-2787-4da0-b206-8bbe242e8acf, 3919 
187248 97b09cfa-068e-4406-b4ce-4d2cb2587551, 3919 
371032 274a408a-d17f-4a58-876b-6de76e60c0f0, 3919 
369081 a53d6f6f-3717-482c-bd41-a84329e91aba, 3919 
255832 ca103044-ffcb-4b15-8565-5fb338fa3f9b, 3919 
288765 81926704-dc33-46a7-877d-d60e819d3ffc, 3919 
87857 5e8e13a7-f648-4d5c-b2fa-fea8503ef2bf, 3919 
152066 6c54b027-551e-42a7-a13f-ee826bb5a4e8, 3919 
243771 172df81c-1761-4499-bada-604a591c93b5, 3919 
345937 d6b3f9dd-cbb9-4c66-92d4-5b27b4579cd0, 8505 
318740 adf09c72-1ced-4483-b353-ad72436b640c, 8505 
263254 d1459296-3345-40ba-bed5-d4669a91a093, 3919 
276282 6a0b09c6-c4e4-4302-ae34-69f57042d5b5, 8505 
382408 8643c30f-e565-4273-8a0f-0f9ea03e3cb6, 8505 
173790 26be297f-1582-46c7-a2f6-96aecf6c0c9b, 3919 
385134 d50335d5-aaa6-44d8-a01f-bfaf55c84bbf, 3919 
151225 9fae6049-5062-4c0f-a545-1de33371e7d6, 8505 
167487 6106c972-e533-4d6e-9ae2-399984c0825d, 3919 
4086 a3ac2525-8073-4b88-895f-38b435d3e317, 3919 
2249 3871fedf-9bb3-4960-bb09-aa281ed41389, 3919 
399300 54b79d3d-8487-4479-a914-56990dbb8037, 8505 
270178 55a59f7e-08c8-4d24-880c-629f356fabd7, 3919 
36453 568f53a1-938f-4c5b-9ece-0f2d2300b455, 3919 
346519 591d8699-9867-45a6-b24a-79e0ffe8edb9, 3919 
298007 c825898e-2460-40d5-9dfa-efcd9eefcccf, 3919 
390796 cdcc683c-744b-4fab-9b74-8a4987650a8b, 3919 
16890 a2a0570e-f7f8-43ff-96d9-290ea571ecac, 8505 
157538 f689c3b0-a88a-4815-9704-cf15f212eee2, 8505 
117179 2be2c160-c283-40ff-8fca-6f733a0f6b68, 3919 
119963 4d424495-87bd-4b46-9903-8db1b14f442e, 3919 
287993 c863028c-5125-4d19-8b44-9c92ed81f006, 3919 
302449 5c599d2f-8b2e-4bb0-b744-faa5844a1bb8, 3919 
259998 db27111e-077b-43f8-ad93-74c4daa9ed96, 8505 
109874 c6cf3935-821f-42bd-a249-b504744ab944, 8505 
138265 92b9bd0f-1f6a-433a-a57c-8c26e8248897, 3919 
199577 91be8b6d-fbdb-493e-8d83-7c92896258b6, 3919 
235475 4926439d-a370-41d1-83c7-23edd1e1ebcb, 3919 
150144 1758b887-0185-4e8e-8ffc-993d6256fc60, 8505 
1940 4db119c9-94e0-4b0b-ac5b-23d63128d528, 8505 
167763 152f25da-2aa8-4ad6-9ae4-b0068d4af2b4, 3919 
298288 ed0f6b23-61d8-4925-8bd4-b1f16d3570c9, 3919 
13738 8d6a455c-2622-4b02-a01d-3042d4745048, 8505 
125167 e78a969d-08df-4171-bed6-807b392c696a, 3919 
284140 9c0bb139-363c-4862-a516-c30fc3349adb, 3919 
171658 1fedfc40-f99a-4061-bcf1-9f5ef1e7e858, 8505 
169230 76a83011-20c0-4f89-9671-8732f37ba3b0, 3919 
218104 b669ff18-ac29-4425-b7d3-d9aa39c4cce4, 8505 
57845 aabaa32a-0740-4633-b58c-105a99ad1469, 3919 
41044 e2235e41-8f0b-4d22-936d-a0e0adda5910, 3919 
114907 062e427c-331a-416b-842f-dd2b0dd10632, 3919 
79220 f35bbbb9-19fc-49db-9ef8-0363f7014163, 3919 
395385 f786b8c7-39e8-42ef-a229-e01187166fd5, 3919 
5390 922c5618-6fab-43dd-9cf1-aaa09a354b84, 3919 
155348 2670c654-cb39-40f4-b8d5-966837f0472d, 8505 
282281 f7a76c4f-1e5f-40d8-ae23-6540abec4582, 8505 
58645 8ac60a65-48b2-448e-9429-5ef79d9bc95a, 8505 
135695 87b28a3b-de4f-4b16-897f-402b6ae1c1f3, 3919 
99279 9b5ec527-f00c-43e5-ac99-0f0bf2db3472, 8505 
130417 76ca7840-c101-484d-952f-8c78d28f3a84, 3919 
164719 07f77267-5a0c-4aca-865b-bc9238fbde39, 3919 
58427 9066e5a3-a693-47bd-a1fb-08d261ca2d02, 8505 
362702 2eef4343-16cb-40ec-ba5e-f140c3a190f4, 3919 
256299 2936fe20-0a6e-4451-9a3f-d9d69e9747a0, 3919 
74386 efe152ee-965d-4642-bbf8-6a2e1342b0a0, 8505 
297068 37d73952-4167-4402-9a46-b7b72efe4fbe, 3919 
360553 7e2647f0-daf5-4346-abef-870f800b3ae1, 3919 
33593 1c66c7e5-b0d7-4892-b2a0-593e226229f5, 3919 
290535 35e8ec35-301a-4a46-af26-69d0c8101c93, 8505 
74098 fbf89025-8d7f-4e2c-9a4c-caa2c20abedf, 8505 
388192 b75ffc3b-f3e6-4463-b8f5-847801808467, 3919 
110534 812b9fb9-f277-4802-a974-86b58d516ddc, 3919 
348571 fe1ab6c3-cffc-4708-b0c6-017754ec1cbc, 3919 
255037 2d99c4b4-23ce-41fe-ba71-c66ba8bf1a26, 3919 
266542 a4c614c8-e09f-4ee8-8611-abc747f3b1ca, 3919 
180890 38142672-ace4-429b-bab7-651ba84c982e, 3919 
215748 be0ad251-5d16-45d3-9946-18aaf07db70c, 3919 
99913 1be32c0a-eada-46ff-ae34-e12b34d02ef5, 8505 
380405 80fb656c-efb6-4864-95e4-c63c986b7efd, 3919 
125534 632c3562-77f8-46a6-86e2-56cb465832d6, 8505 
354602 7532dc69-f5e7-4c35-b94c-aa32951142a9, 8505 
120873 0232abc2-1501-44f4-83c9-ef088f5c6378, 3919 
19764 4bb497f0-c824-41e0-b97e-48ce165c15a9, 8505 
15994 0e3060fb-544f-4122-8aa0-0375fa88813a, 8505 
251210 73c17b21-9cf1-471e-b934-97f7996a4a34, 3919 
342399 d1bee5de-ba92-4865-9084-f9f2a7d2db74, 3919 
322282 7f9a2a2c-b62c-47fa-bc98-109fd6124d9f, 3919 
225865 17328d2d-e31a-4741-ba47-0bf21becf1a9, 3919 
96010 0442e955-00bc-4f05-aae6-7153c0104ecd, 8505 
382212 e0cc244d-97d8-48d4-b501-ca1ead48a72c, 8505 
285212 faf34d2d-e417-458e-aec1-0ad97b057d27, 8505 
190816 2d9c459a-47c0-4878-8781-77a2043f733d, 8505 
216371 2cdd086d-147b-453c-8e40-ab938dcdb617, 3919 
355897 f413f545-afd6-4cab-84a3-eda818e9b0a4, 8505 
166569 61d72b24-6dce-4a9f-b1e1-def053bbbba0, 3919 
299769 4983027f-d34c-42b8-8714-1c9ede33af34, 8505 
377382 4f3b1f2d-e1b1-4dd3-8877-e64ec7036db0, 3919 
89534 808614c9-6c80-4504-8554-b547ebc45064, 8505 
218937 b76ea90a-afa3-4418-9cad-a8e76d2a6456, 3919 
72879 664d64ad-9818-4ccf-8a6e-2a875fc35c21, 3919 
87812 e81ec9ad-f3c8-49e8-845a-c7fbd15b6d3c, 3919 
189111 3fc674f8-7703-48da-960e-639a513d4aa6, 3919 
288982 d1e12f5c-8a79-4b1b-93ee-a0438f771546, 3919 
276701 abbb37e1-01d2-479f-81cd-669007731dd2, 3919 
369482 f38249ac-23b1-458a-8051-00f3b529c7d5, 3919 
358416 a62bfbc2-4c14-4f52-bc98-bc6c11af56f1, 8505 
333057 b2f2e6a4-b2ff-4dca-a646-869cf41062e1, 8505 
351238 94f83a3e-59e8-4166-b65a-872024195f37, 3919 
338851 e399d3d4-2187-4538-bea7-7672087145b9, 3919 
209573 010d4a1f-7860-495d-baa6-825d2a8ecdfa, 8505 
308503 f289faf2-38a2-45a8-8e8a-a6f7709988eb, 3919 
217724 07a43549-687c-4752-86d5-be0d73ddf8af, 3919 
272518 3052169d-f88a-453a-a291-4fa37100a3cd, 3919 
132866 73320c06-8097-4e7c-836e-b3a2dc439c6e, 3919 
353935 b44de00f-9838-47e5-b08e-ff73018936fd, 3919 
180446 1d1f697e-5db3-44d4-b587-7ea6e2c67d49, 8505 
328316 e6a40393-7a03-4511-8b6c-ac77b9f811c8, 8505 
138981 0db58bb2-9a95-4db8-b9e1-5f05ce072e60, 3919 
86333 6ad43fb6-6429-4579-89a0-dadbad5f0fdf, 3919 
216804 504d4da4-9230-420c-bbd1-b6636a097694, 8505 
138735 ace37594-73ce-4ac0-bcf8-dca6a3ac96be, 8505 
393794 8f9b4b9d-a966-4ca0-aa56-957e29e3f610, 8505 
59666 3e25a0a0-a886-410c-a4fa-9ef1b53653a5, 3919 
129860 5913aa24-b873-4159-bdda-a851f8fe7481, 8505 
193048 59f8d5c1-16a5-4712-a438-9da40ff7811f, 3919 
175307 d7733327-a099-438b-a3bd-e02845a746ce, 3919 
185325 b295d4e0-ea92-4dd5-aae4-be02de799e49, 8505 
257276 947b5907-a4e8-4d8b-9b33-0db20859dd42, 3919 
227525 7f363b4c-2bac-41a6-86e8-0091cb23dcbb, 3919 
363777 06e149c9-f120-4372-a672-08494c2634fc, 3919 
213380 64ead7b8-f006-4df1-82ba-08898ffe6e0d, 8505 
6093 fc781c41-4d1e-42fa-85bb-aa1ea5bbeee7, 3919 
276037 cac9122c-8ee9-4330-96e9-ed5269f45fea, 3919 
241585 ca78e867-c9b1-4ef2-8eb2-9ce289255224, 3919 
267626 53f60aaf-b57d-4444-9f18-fd336febbc49, 3919 
131045 ed3dcb9a-608c-49f5-86f1-321d95091a8a, 3919 
212133 85354f12-1383-4de5-8760-94137d2aaa9d, 3919 
107209 01af0d89-7c60-4de8-af26-d6805a76107f, 8505 
236756 759b532d-387d-41d4-b1ea-b1f4df5910f2, 3919 
57800 60543c0d-1deb-4f61-803e-6108f28dff9a, 3919 
217512 fae2d72b-f5d8-49e6-bec3-b4f76d47338c, 3919 
128055 cb5cc721-4a3e-46b8-bc2a-e13044119748, 8505 
138296 26f59076-ce10-4395-b24c-3399e1b3c1d4, 3919 
93503 b1a16152-c70a-43fc-bb53-36c5cbfd8727, 8505 
258894 26b38fb5-70e6-4e24-9e78-a314ac430304, 8505 
288457 6467e673-cb1f-4127-b139-3b8aae98ef0f, 3919 
144854 1481f185-22b7-49a9-86ee-4e3f9d5b7d38, 3919 
158980 b524d81f-d073-44a8-b265-19950ac72fc7, 3919 
363288 579df5d0-9bf3-4171-b822-1ce5074ccc17, 3919 
184213 11bc1a82-fb99-4f4f-aee2-937ab7b0b0bb, 3919 
150854 e9cb20e3-d031-4caf-b6f7-954211a0dc09, 3919 
146923 008ed43f-f5e9-43e9-8be3-169525a93a50, 8505 
265926 9291d97c-7829-4fb8-93a9-a4e5cf1b0ab7, 3919 
220087 5d45b275-0041-4045-b1b7-7e57c58c67fe, 8505 
57072 d03bf0e4-db4b-4e70-9e05-3392ccd597e3, 3919 
44054 ce732696-a477-4169-ac71-9da5600c10d4, 8505 
137851 64ac5a31-970e-4900-995a-8c18e29b6b24, 3919 
2304 83e86019-e9f6-4c24-9d4d-7b05f27a5c10, 8505 
20050 7ae49a92-f879-4eaa-8160-1e19c0e94a97, 8505 
285807 0cda172f-668d-45dd-a631-23e00f2ea882, 3919 
213126 afd05461-227c-464b-880e-1ea8ce236d5f, 8505 
71292 da91ab4c-7859-47e9-a2cd-499d5cb90bb8, 8505 
338430 a6f49b1b-a2da-4c51-b3de-a0ca35140b00, 3919 
61567 392a0d33-9f0a-477d-9f19-3cf2c041449d, 3919 
32453 a82454ea-32bc-489b-bd0b-e0d1825358f2, 8505 
72670 89787c42-1c5d-4f00-9810-ae814c38f916, 8505 
265756 b871340c-c991-44dd-b356-a29cb1ad289a, 8505 
121713 09624264-eec5-472a-bfbf-f0ee9c4e6c04, 8505 
19778 0b793324-ea6e-467c-869b-1e9c0fcb9f8c, 3919 
347914 cce9ec54-c7f8-43fc-aa20-e484cef117a8, 3919 
333808 ac819050-fd86-4d2b-a8a4-484ac26e4c03, 8505 
185719 619c78d0-8e4c-4bda-8399-f6e09ad0c600, 3919 
399184 0f576426-f7d2-4c15-b694-9df645a33d75, 8505 
344276 a065e40e-311d-4354-9ee3-fbf26f8a26e0, 8505 
93874 4666c5f0-3f1a-4d31-bd18-bb80242f511d, 3919 
251141 d0aaa646-5334-44f7-8f77-513c910ff111, 3919 
325514 82aaff6d-84a8-4ccb-b1a9-897e1d8af026, 3919 
357387 0d1c211c-dddc-4828-8347-d3285317848b, 3919 
168748 eacfafad-6dab-4712-9322-a62f24671bed, 3919 
224337 5ced1408-37e6-4106-97b3-48f44b4ce1df, 3919 
332364 3860ea1b-10be-4187-a5ed-d8b82117572a, 8505 
199720 b7c78104-5dd4-4dd4-97b0-e16182000087, 8505 
119923 eb509a2a-a095-4cea-9619-6413303b2410, 3919 
306873 2c4285c9-78bc-45de-9ad1-05d223d38299, 3919 
85957 6c1b2327-20ea-4433-bfa4-bb3885b150b5, 3919 
32148 a28a370e-e8a0-4441-ad06-2fad1b2cf81d, 8505 
319845 abc32968-8dca-4620-a0ae-3e2600b5114d, 8505 
202319 968f883c-8601-4724-873c-94736c709d8e, 3919 
384818 38287a67-61ed-4a35-aa1b-7874c847b29f, 3919 
293336 8ef8c646-855d-48ad-8c12-834716f739de, 3919 
339856 fe175964-95ce-4511-8b08-93dab73e1e26, 3919 
201696 c838ebb0-98d5-4cc9-af44-9c0e823b2916, 3919 
260834 11d40d5d-1f4f-476a-865f-df9af3623204, 3919 
367330 a28e675a-ce72-4bd2-b134-597af741246a, 3919 
270140 276ec239-c1ec-482b-a437-b2b0628a1bf0, 8505 
295522 0cde852a-e035-4ad3-90c8-b8d02f9133d3, 3919 
382517 d14103d3-9608-48e1-a22f-5c904c1cd5ee, 3919 
387717 c5228162-1276-451c-b920-2b6b35990fa0, 8505 
11223 db0c52bf-88f9-4efa-857f-0debbd52aeb0, 8505 
105883 2ebf05ca-9d6a-4614-85e3-f6a3e9993322, 8505 
392238 d91e83e9-f92e-4d69-b227-90f2aba02556, 3919 
176101 156f2236-80c9-4ae1-bb11-5bfb012a58ba, 3919 
28890 059ad434-978d-4ee2-aae9-5b5ef90a76c8, 8505 
125133 f74767fc-665d-4c23-aa29-c7827c00b8c5, 3919 
38509 6cc208b4-96f8-4635-9535-af96a9dedca0, 3919 
96393 cd695e29-5387-4354-a8d5-da42aa71cbea, 8505 
275138 f13d44e1-fa28-4bda-aace-78b41bf9e55a, 3919 
320636 752d977c-1071-4803-9b37-a27422ac6e45, 3919 
363262 f58b378a-a205-44e7-8937-b5a6d9d4f53a, 3919 
347035 685e8ce3-d128-41fa-9875-45613dacdaa5, 8505 
74531 940c6263-d509-4495-9799-437f8939c07d, 8505 
179879 c919e2ab-b10b-4d23-8b0b-954423cbf3b5, 8505 
234731 23a7428d-ad87-443f-a5bd-6aae6cb9eeaa, 3919 
129513 23f2c56d-66fb-422d-b379-769ba383786e, 3919 
437 dd8c079b-1bec-4769-b40d-895365e862da, 3919 
186630 3e79568b-d02e-4f20-ae0b-19c8a8fcbfb1, 3919 
128154 869100fb-b3c1-4435-9ad0-ed38558b46dc, 3919 
5214 b59a992e-9640-46b2-be09-3283d99769f1, 3919 
285452 59d28d73-ab92-424a-8014-e5ebb261581d, 8505 
306886 3914153f-a8c0-45ab-920a-7556fd6058dd, 3919 
325433 a0507483-ed1d-4564-9bde-0843183a5a8c, 3919 
209276 51485f43-3a92-4f07-9b2f-f89858a645a2, 3919 
83254 a4b331a5-d1ff-453b-8c91-9a5f0e0d57b2, 8505 
64365 19667aac-9156-4ffe-b943-7dd5f91bf6b6, 3919 
350192 1c704816-497d-4cec-8bc8-1d0591541d3a, 8505 
196533 15847bb7-7874-4a08-a93e-88b197cc163d, 8505 
383717 1f710c1f-3abb-4d76-a423-0422f2fd2da2, 8505 
271784 1ddeaeac-ce5a-49d2-b6d1-2c647330217a, 3919 
143208 a758abdd-5458-4dc7-b8b0-034d111d2bf8, 8505 
194359 15ec3d86-4478-4ad9-b3ae-0f54357ff7d1, 3919 
216863 472c91d5-07b6-4587-9d39-dbce8b69993b, 8505 
353789 8c022b0b-d849-4d54-a266-c1e395e4f3bf, 3919 
1386 60ad022b-933a-47f0-91cd-b645fba0a5f0, 8505 
199801 8e3d40f5-275a-4ae6-aff4-9d76a42203a9, 3919 
344058 7a5e9ee4-dd24-4403-b11a-c88cff82d83a, 3919 
56116 38a5fe4d-33e1-4af9-b11b-1aeaac7c17a4, 3919 
32826 079c98f0-895f-4f9e-a1d5-057afee86399, 3919 
23805 c9008275-2784-4cff-a708-867e9513e9e3, 3919 
46956 eff701aa-769d-4718-81ed-b13e8855f8de, 3919 
119083 1593a486-cd27-4fc4-81fa-d84bb090e444, 3919 
96842 0abcf801-d24a-4529-9f75-cb4521664d8a, 3919 
359710 6862491a-b08d-4300-8fa6-17a9c9716e0f, 3919 
131258 e0da4693-acb1-4481-bbf8-b69cfe0713f7, 3919 
129879 309726be-8379-4c41-800f-085dd12cf9cf, 3919 
173706 e6057ac1-6a62-4acc-91e3-c7b023332b4e, 3919 
339972 e4f9bb5c-10b3-4876-a84a-c15f25a25215, 8505 
287507 27d02b47-f01e-47b0-b6cd-22b9a05dc691, 3919 
216104 db0883d0-0119-43d7-ab11-9b5dd3055340, 8505 
174860 7de928a5-d7b2-4959-a6ba-da0ecd8a6b91, 3919 
164492 91052b9c-4039-4c87-9685-885fc08c9348, 8505 
12433 dd198b48-149f-4057-ad0b-5b6868f74d09, 3919 
383792 86cc6a5e-f4e0-4555-8ce4-51d1a7d41dc4, 3919 
95938 6a84190b-9cf1-4f6c-ac49-81afb42343f3, 3919 
343603 96e6bbac-d11e-4617-83ee-c08a38503f3f, 3919 
300520 7c1b8c47-66d7-4f6b-821c-a80790a5cbf6, 3919 
295790 60b20f5a-7e0f-4807-923a-bf39497a6585, 3919 
296435 9cddbd49-97a2-49dd-8cc2-4205a624c0ad, 8505 
348579 cdf3e32c-59d9-4970-9058-7049d03f89ba, 3919 
160405 1f60a4f5-91d5-4328-ba9a-782b66b8959d, 3919 
332067 c12bdb5c-8a7e-4f41-b73e-e9a930aad8ce, 3919 
225798 fd7d1b6c-8ad6-464b-a2d2-ed6f94b9df59, 3919 
290872 f65ff96d-97b8-4b9f-bb41-dfd9b5a0c1e0, 3919 
129229 178b38c1-ff48-444c-8284-11e8cd376733, 8505 
388821 013091fb-7237-4be0-a81b-aec608e4d786, 8505 
208291 aeace86c-16d8-4442-bb28-d02ab4e12a83, 3919 
278630 71f9a471-c4dc-4f67-bd06-24183c80c66e, 8505 
65316 ea8ce325-30ed-4778-a213-b4950b99ebbc, 8505 
58281 f5363f23-49ba-4ca6-9893-8a63fc5ab41b, 3919 
90497 9e0ce33e-9eb4-48d9-b2d5-d3840724236a, 3919 
272538 70690442-45ff-491b-8176-b81a227212c8, 8505 
367216 8dfc2e72-c1d4-4897-a985-346c2ff68cf4, 8505 
80204 350d8062-742f-4ce0-9eef-4f035952b358, 3919 
143139 bbd05807-95de-4dfd-bfa9-e9ca9d18b088, 3919 
125136 8327d94a-bc0f-49c1-ad34-2d50da347023, 8505 
222403 8d9e6fcf-a550-45a4-a1b0-86a77df2d99b, 3919 
369866 797d2794-3b11-4b32-bdb6-5444f82289f2, 8505 
388161 09eba374-ff63-47b3-b7db-f6d5c44efe73, 8505 
77797 3b3936c5-e26f-4497-8dae-354672ea2f5c, 3919 
176749 0319a3a0-5e85-4c83-9201-51dc6e45e9f4, 3919 
215480 ebade637-dfb0-453f-a478-767b92e656e6, 3919 
175991 1ec4f410-e381-459b-bf61-9c49bb518d92, 3919 
47085 aa97d32c-dc19-4d74-89ba-54f7b26fc58e, 3919 
291927 a110c9d6-2388-4911-9f3f-a77d02fca830, 8505 
198171 d48d102a-eef6-4ad8-a156-d6de0216de4e, 3919 
288015 4721a746-e1cd-417a-b95e-ccb183d53ea7, 3919 
98255 99c04852-9ecb-459d-9e35-e4b761bdbdb4, 3919 
13872 8408635c-66b7-4d06-8b44-515aebba46d1, 3919 
258705 dee94a2a-7052-400c-8b4b-c648e51578b6, 3919 
39680 28d26754-191a-4406-abc3-e7125ac0cf56, 3919 
53792 2d063256-93f9-489c-89a3-de8ba248a4e2, 8505 
21458 1e41ba29-fd38-4e13-85e8-aef3d4ed0605, 8505 
348490 d1d245fd-67a6-4b70-9d63-1c5026287558, 8505 
84212 4533c57e-a53e-44b1-94c4-71ea546d27ed, 3919 
272902 a8b49048-f8e8-40a1-b61a-cccb6a345b93, 8505 
140927 893dc7ef-487e-4f51-9ee1-45c4530b47d6, 8505 
368810 0f66cc63-6336-4c29-8f67-d8aa75b46a26, 8505 
35565 91d682f1-68d2-4fab-b0f4-76918b559202, 3919 
212938 491735f4-e110-49c9-9cbf-1bc537ca2cfc, 8505 
176472 1908919d-a7f2-4fd1-b354-74833ada9513, 3919 
142832 60f5484a-aabd-4e4c-a483-5b1a91d13e25, 3919 
109449 4acd69b4-8d92-4251-8ad6-062a880fd7ee, 8505 
131206 310035a3-7131-4406-a00b-fac1de2debde, 8505 
112378 b044d81e-a165-479e-9906-143865e53e78, 3919 
387306 1479038a-cc2e-4b60-913a-160d057ad172, 8505 
74788 e2603dbc-cf24-4f11-9996-f8ac6d95b478, 3919 
27373 14a388f9-ad43-442c-b300-d71f4893a702, 3919 
309357 e3b11276-2d7a-46c6-b016-092261627259, 3919 
204323 95edac0c-4e65-4de5-9fa2-08c20463835e, 8505 
331648 ce34b13b-e7dc-4b7d-b044-7341ba5e0d74, 8505 
176946 c5d2a042-6a6c-43f5-ab3a-bbaa7d2c0f2e, 8505 
290680 c83d8ab1-fd90-47af-a81a-f8f9e3800097, 3919 
216088 0ba8ebef-8282-4241-ba7b-555902739443, 3919 
180853 b6744b00-4c62-4def-ba18-ac023ca22b56, 8505 
99194 a90ad190-bf32-47a6-a8fd-04a3e3cf85e0, 8505 
279329 d8ed3378-5f9e-4a2a-a740-fdbf8308ea8f, 3919 
325371 b70d8084-e9f1-4568-a0a7-b512bbf68654, 3919 
151410 8ae4f3e0-6d90-444c-871c-babdf2dcb13a, 3919 
162091 b5f13f20-e95c-450d-b12e-9f136cd574b3, 3919 
203829 5a6e702f-94cc-415b-a337-977a4084ca25, 8505 
39646 742cc5f6-28cb-4a0d-a727-8385c3975675, 8505 
286873 d0a22743-40dd-48d3-9269-685c272c55f7, 3919 
56752 cad5f17b-7e79-488d-b47a-b2e5fff03579, 3919 
249560 c8874d73-8e9a-4c67-a322-290f5e375863, 3919 
154057 172aae4e-9a76-4b3a-9b1b-92104485d596, 3919 
131593 4c81b1a8-2c82-4cb0-819e-df65557734cc, 3919 
118399 38e04b65-b513-48c3-9793-b020e50fd6b7, 3919 
212721 be195cc4-441c-40b8-acb4-11866bef76c4, 3919 
291673 50d4f2f9-5a07-410e-b893-cf946464f335, 3919 
38846 aa2ada15-4a9f-4c0a-bef6-5bb296a214a4, 3919 
238977 018203a4-a5a0-41ac-8591-bde36356c613, 3919 
41651 a779bd85-b810-44c4-b6c6-ac2dec67f69a, 3919 
403741 77664c85-884b-4952-a0fc-d66430947ce4, 8505 
77492 b57ae2a2-7b5f-46a0-bd9a-02bbc909fefc, 3919 
49215 a334d35d-fd70-43b5-9056-818026f7ed0e, 3919 
123096 c8c1c7e8-cf5b-4b45-b1e5-c89a60d8b471, 8505 
380604 67991622-84df-4ec4-8d8a-346b0b3d4b12, 3919 
15341 f918d65b-1a3b-4e69-abdc-f39fe8bea6f4, 8505 
96176 e15413ca-62fb-4840-ab2b-82112b9c5824, 3919 
132927 aef9787f-1a6d-4be3-8fff-a441b84da709, 3919 
345654 113be4d4-b129-4677-ab46-62afc6759a0e, 8505 
355105 eb37530d-7ac0-447e-bd9f-308553fb26bc, 3919 
148850 78075d61-f8f2-4657-8e2d-e1ddd9c3cf86, 8505 
296190 fe6c601f-5198-4d53-9261-dfe1cc4fe1ec, 3919 
87765 b02c95a9-8601-4058-b452-9be9f4501990, 8505 
352213 6e6fb7ca-397f-475e-b5a7-d4c6b234b60f, 3919 
301594 b2b4757a-599c-41c0-8e22-83cfcb3538c6, 3919 
257164 432d523d-e2d4-4d70-a8dc-93bab6195ccf, 8505 
368190 81679f06-e7b1-4fb2-8bec-f919d3483c63, 3919 
18345 fc7f05d0-06b0-4215-a92d-63f265bc8a39, 3919 
133169 386025b0-1757-494f-9acc-a59d2a5a0ab2, 8505 
116147 bce35452-1e64-46ed-82cc-6c2099049074, 3919 
28016 8bb111b0-22de-4245-96e0-f03d136e64b1, 8505 
211534 5b328b43-db82-4547-8c3c-d12ee4a2d1d0, 3919 
207067 9d7916a5-7429-4e03-9723-a471229857a0, 3919 
68150 8a286572-7859-49fa-bf3c-86a7484e90d0, 3919 
42057 42134c7d-3f01-4352-87cb-52eb208f363d, 8505 
152966 3e68b114-4803-4eb9-a064-4fc93f55929d, 8505 
40863 14267abe-46c2-47b6-858c-6fd372a1196a, 3919 
377504 580e788d-3638-4e7b-afac-af86ade6535e, 3919 
358235 ef60eb1b-46f8-467e-8cda-03dba8c9dd13, 3919 
384995 0160f299-7d25-499a-8c52-eb5a8a0e46c4, 3919 
230988 25647fd3-12b9-43c8-a242-4fc87234631b, 3919 
121606 e980309b-74f1-459a-8c1e-c583e7e648ca, 3919 
44234 c3cc1381-841d-40b0-8eb9-1a77180ee941, 8505 
106015 30a0d622-82c0-4828-8a84-afbe3a784bde, 3919 
162920 014d1980-a0a5-48c6-a1e1-60540b750793, 3919 
346099 9879433b-d382-4f3c-abf4-1d04f02c4c1e, 8505 
248342 cae9fdae-9aa5-489a-aa63-8e388294ad11, 3919 
337095 11138bee-c5cb-48af-be77-f18a851f958d, 8505 
238549 3cdaa71d-db51-4e8a-8aa8-0fe04260c468, 3919 
279925 8c4ccb32-d9be-436a-b214-055123d98269, 8505 
158518 c896e61a-c815-4405-8303-6324d956b056, 3919 
243076 73316a16-c8be-42c7-89b9-7caf3780a3db, 8505 
391657 e242244c-1ef7-47ee-916f-87d32b0f279e, 3919 
188595 c31fa8b6-d93d-4a27-8f2e-b9492b01833f, 8505 
130500 98856004-9cec-4513-8edb-8f980e309761, 3919 
243478 7b79bc03-a1c0-436c-b8d8-c11ad6687bb5, 3919 
306978 7a56d7ea-b735-4f2e-bdbb-59e508002a6d, 3919 
116521 128197cc-6286-4c8f-89ac-7048e69e15b1, 8505 
188682 151a01bf-8815-46bd-a077-52547f303cc0, 8505 
403165 15810d9c-127e-46e8-b20a-7d752728fe24, 8505 
329053 4d92f58a-6c91-4f50-876b-098950811cbf, 3919 
293501 003d7a20-87ce-4360-86e5-60acc181bef9, 3919 
397613 db68ca75-2e37-4625-a455-5d6325df1a52, 3919 
84673 3ac11f47-350d-4998-a12d-1b931e8b5803, 3919 
320213 aa7a0730-3aa8-4c60-a42b-4b34d30d5134, 3919 
69191 10d8131c-0dec-4f8a-9cb5-6ea3410e167d, 8505 
389708 efbd724c-ff17-4221-9de1-8d87891fb555, 3919 
157485 66a8d2a2-16f5-4f0e-9375-6afc3bacfb93, 8505 
357651 a4a00d55-096f-4a3a-a781-f5032fba57dd, 8505 
278143 ff64bd69-7508-48c1-99f5-91a044d8accc, 8505 
67511 7fe541df-7f2d-4b96-90e2-698eeca0ae12, 8505 
34530 469e49fe-e995-49e9-a0d2-2aee2748d428, 8505 
358667 7f027004-880d-4ae9-ba44-0fa83988d9d3, 3919 
75931 2a468ea3-deef-4105-8572-8dc12a76f9a0, 8505 
360210 3ddf5c6e-ad4a-4550-948f-15f0da069300, 3919 
40139 36ba215c-5eb2-4409-88f4-3112365336d0, 8505 
310003 52d24d2b-be18-46f7-ad2a-1d9cad3e21d5, 8505 
403445 992caf34-280a-4338-8091-da6ffae920be, 8505 
175188 cc5d2964-7443-4dea-ada6-3da0b9ef8814, 8505 
375027 c6dd2be3-0fae-4c15-a70f-902fb9117863, 3919 
1799 271748c3-4443-4987-a8a8-49cfd6524c93, 3919 
399361 4685b1a6-3e03-4ab2-81d6-8c1a0214aca3, 3919 
141462 8ea6aab1-5b4f-4950-9aa2-b6457a0361be, 3919 
4317 337a2990-3cc6-444b-901b-f7b0c9bd589c, 3919 
222300 ecc65e60-dfd8-4918-b638-aa77d98e6e14, 8505 
146141 96f1b786-eae6-4f8b-a02b-fb14fc81a8bc, 3919 
257333 59069184-558a-476e-ae6f-7b71492a4a58, 3919 
279252 0c155497-b63b-4bcf-8c63-e8ce1f2f8d11, 8505 
254408 9c3fda9a-5b57-4350-857f-af217e49fd12, 8505 
336652 371f7cf8-563c-4949-abf1-7cee9d1a5a5b, 8505 
219271 62592b7e-a6d1-4c7e-82df-f06e60d3a49f, 3919 
94835 4c4cb418-3087-465f-8184-531fad663c81, 8505 
359281 5f4f6ed5-ad3b-43b4-98e7-e1cc155375d8, 8505 
260090 3efa8b23-0be9-4023-9b77-f91765a20050, 3919 
294871 cfcbfd6f-af3e-4c3a-9c16-32f0a412367c, 8505 
365429 ae1d7fb7-a102-4061-a952-8bbb1225aaf7, 3919 
13260 518a5222-8902-4ae7-b85c-1da82f511595, 3919 
333433 5d4b10cd-75a5-4874-a43a-62779a57550b, 3919 
113760 a5425c3c-714e-4151-8083-1b2ccf0cc56a, 3919 
210952 eb74ed80-91f7-43c4-8617-76b1b9da0853, 3919 
229622 fe591f86-bcf2-4395-ab3c-29ecd5000d8e, 3919 
21644 1ecf3a21-ce4c-414a-8be1-3a10172408a5, 3919 
377158 12dc25e6-2dd5-4748-8f6f-548f9be19341, 3919 
339891 702a36a2-a865-4755-b93e-e99d46d5c0ca, 8505 
220884 4e11caad-65b7-4732-9a96-0eb3a4850f85, 8505 
201952 df8ae362-1af3-44f6-80ce-c6906cb23d16, 8505 
93308 72132f94-af8d-4530-af14-5b0d1d97fe82, 3919 
385174 4bff3a4e-0554-4a0b-b4ef-3292e4705c51, 3919 
321310 adc71427-c74c-4ab2-b001-391b14133652, 3919 
28149 bba2be3b-74f6-43ca-93a0-c7227f5229f0, 3919 
341617 bd14df2d-2184-4e12-af62-abb3c79bb6ae, 8505 
100461 cad9c174-9d97-450d-91a8-3c93c9d06011, 8505 
87400 2f130bb1-88fc-40ee-b599-eb023616a6c2, 3919 
36394 cc92b326-f6e7-4c43-9b18-5482487ebce8, 3919 
48430 5906f174-c256-4495-9459-2d992e0aeedf, 8505 
368301 4099bcea-cfe9-4641-9c0d-0b326abb141b, 8505 
21442 5f00eec6-33a5-452a-857b-48b31e435fdf, 8505 
367384 a1d8c6f6-098e-4859-9b0a-4c3829f91fab, 3919 
206409 18a01a6d-bc79-4c62-a54c-5641e421065a, 8505 
119602 61c442c2-698d-4c4f-9d27-fde347062749, 8505 
51171 05c004cb-be8a-4618-885c-ccf5a53a48f1, 3919 
336616 6332a716-f6a7-4479-b951-9adfc2720ab8, 8505 
44155 9dc7e123-17a1-474f-8020-c04dc1ce3b8d, 8505 
28523 432a9c48-44a9-4525-809e-30000dc7d5e3, 8505 
110386 0f4833db-c8d3-4917-a19c-e4c0a6cecace, 3919 
241607 929dcc59-18ee-498a-8dad-7b7fabec19b0, 8505 
291208 063395a5-fab2-46de-aae7-4a586784bfdc, 3919 
114665 144f62ae-fef4-4a32-bfdb-fc537420e633, 8505 
137955 c24a4ece-6953-4659-8532-374f93f24840, 8505 
334590 f64f2481-2121-41a3-8854-ec6c497d693d, 3919 
59825 2a0f6647-af89-4a6e-a0a5-a98d3cb4f657, 8505 
20890 745a6fe3-8e17-43ce-85fd-d56da7b61297, 3919 
119528 60ff67be-c6af-4d18-9fb6-444cc3661043, 8505 
231224 06b71044-0449-449c-b40e-06250e00ecb0, 3919 
355123 8d783afb-a5e4-42f3-bfe9-56843e969f38, 3919 
25695 d39b40fc-e8a5-48f9-ae18-7ea6e770cb19, 3919 
345556 55e01cf2-74e8-4827-bdcf-01e6a1bb0bf0, 3919 
180481 3ad102d8-29f4-40d2-b96d-8970b4862b26, 8505 
296121 ea42adca-9169-4b82-9335-8dfe5d6d271b, 8505 
379163 baf3d877-7cfb-457a-b9d9-3a060a08914e, 8505 
327041 6dc83c1f-5a8c-48a0-a3c7-5930d68089a7, 3919 
98879 0e5f4d24-ea35-4463-ba73-04ef02f11e9c, 8505 
156329 52cd6d05-37c8-486d-a2a7-e77360a2b361, 3919 
282037 002933b8-d7ff-4ebc-925a-96171dabf711, 3919 
288390 f5c8e36e-78f4-47fa-9e2b-5e4cdfbc6cb8, 8505 
363533 a66491a6-a1d8-4c1b-9f34-f9c28adbd3fd, 3919 
149502 eaf9967d-b7ed-4d47-a623-cb94888ccf72, 8505 
185452 1c246d46-7db4-4742-86e5-9fc9da050561, 3919 
285993 fd72041e-55fa-42bc-8588-ac3fe01adf72, 3919 
6136 1e512b01-28d1-4fba-84f4-30c471decc61, 8505 
197160 303d1cef-bdd8-45c0-a718-9d504f928439, 8505 
55268 6f954e8e-5d46-462a-82b6-15b73a02845e, 3919 
379259 334837e3-62bf-4241-9325-5e27ced25bd9, 8505 
259173 b9439f0e-9119-4112-8898-2ba388be55df, 8505 
135897 abab769f-5732-4331-b178-99fbc8f56aa6, 3919 
221256 bb429dba-0f91-4a48-92f1-fcf7b8abd2c1, 8505 
273953 143423c8-cbf6-474a-9e9e-6e18424ad7c1, 3919 
344283 309543c7-fd00-4739-b36d-211782777923, 8505 
271374 22838afc-2294-4f2d-bea7-4d113bbcfe41, 3919 
200667 e9f94234-dffb-4f2e-842c-5bfe58462949, 3919 
110600 88e495c2-c00c-4dfd-adb2-81ce8c97ce2f, 8505 
226396 97aa85f1-1a45-458c-ac38-b15e61627bc1, 3919 
17053 51d29ebd-f73a-46e5-a811-87201e95266e, 3919 
166945 2f797498-2ce3-462d-9aba-94ea47cb4ec4, 8505 
255127 c681298b-e6e9-4e16-92e4-168e684ef3e5, 8505 
342151 6699eba3-c524-4ac4-b252-1b8c3565c55a, 3919 
149230 0462f56c-245b-4117-85e7-f848bba00224, 3919 
31579 2edc04f2-54b3-4ae6-9aba-48f58cf6f85f, 3919 
114448 52b24b32-5ced-455e-b133-38c83a83c081, 3919 
359166 00db0a4c-546e-45dd-9039-0e43678454ee, 8505 
331570 748db356-2106-41fc-8d6b-0d33de30988e, 8505 
114773 4ba25635-5ba7-4ecc-a77b-30010049f1a8, 8505 
321286 2f50fb2e-0cc6-49ae-bc5e-dd138364e447, 3919 
257414 5d5a40c2-7a3c-41e3-9a92-48b17ad960f8, 3919 
371586 9067e352-507e-4654-9515-848eedf2b76c, 3919 
393739 e2907453-9d33-471b-9f3c-54d62eeaf65a, 8505 
32662 67bf45fc-b7df-475b-b393-9b48ab545f39, 3919 
273478 036de3b6-76c8-4d7c-b9ab-939dba806a4c, 8505 
381666 af86fe53-30cc-4760-bb82-fc197e116f93, 3919 
383027 ff5d3bb0-c27b-45d1-b828-e3e71a0744de, 8505 
375338 b525103a-928f-4381-992b-cd714fca8ae6, 3919 
46475 c407f5f2-440d-428d-93f6-b8ae0c67dd9b, 3919 
110714 e8d560db-add8-460f-a8dc-9a4f03411cbb, 3919 
305442 b9e5ac8b-94c8-4415-9f8b-0076e7971cf2, 3919 
36420 d5926a76-6a2b-4d29-9cd3-6a7daafc37d2, 3919 
12912 4b62b06d-57fb-422f-b619-cec0ef0b7ec4, 3919 
94960 d2f5d720-3237-440e-a95f-da21b08cd892, 8505 
194979 fc0d3e25-79fc-47f2-8817-e381d4345b02, 3919 
148390 c35d90c0-b7f3-4c55-8ac8-f115ece5f026, 8505 
325705 7633e395-2c0b-4bd1-af8b-7e2bf3d67e89, 3919 
172011 259b49a5-9dc5-43a4-9457-dbb57084f9ee, 3919 
134226 4d0fea16-5952-4d49-bdda-47c947963354, 8505 
386064 9fca1553-4200-4ffb-8828-f5bcda5487d4, 8505 
124071 b5eeb434-2635-4d14-8684-94e7e8256ef0, 3919 
212642 a5583a98-4aef-4dcc-b6de-1344f3ca5109, 3919 
309699 51f5bb8f-e196-42e8-8261-6baa01a24138, 8505 
32095 4c21f3f5-0da7-4d1f-a411-87c6c97f1c56, 3919 
376624 1293f463-f319-4dc3-b05d-73f9f70e50b5, 3919 
61774 d269a3d8-958e-47c0-aad3-251a6b63476c, 3919 
385186 33199309-c1e2-477a-a286-33f1248837e4, 3919 
382823 1ec7d581-7568-4916-97b1-4238c757ecc1, 3919 
163872 b98dac24-302b-4da9-b64a-3c3113de0526, 3919 
174066 687a5507-e38e-4cf9-b400-4f4e269a3815, 8505 
137213 d3fe0769-d5ca-4aa5-813f-3efc41ff5b38, 3919 
63906 b65e429c-a77a-4518-8a2d-07bb167ba433, 8505 
10768 3f97e6a4-4a0c-4979-ad91-0fc6bbffb8b0, 8505 
54073 93f588e9-f395-4073-b3f1-d56120d1e924, 3919 
353955 2f7a34e5-61f5-4b92-9e30-5439e29d3695, 3919 
325922 5452a03a-764a-4abe-aafa-06340c15bd3a, 3919 
359678 61504252-e099-4f11-a01a-2e9b62fc0067, 8505 
94679 df290d1b-a781-49e2-a77c-b1f77e194fca, 3919 
15730 1bd2c9e3-82b3-45ca-a2b2-ac73e8ea453d, 8505 
226451 067917cb-e72e-437a-8a88-9adaff8c5c77, 8505 
375924 f7ce2475-3fd7-490f-bec7-dd2a452466ae, 3919 
394616 b684fa58-364d-4815-8e90-4b9e2982a923, 8505 
116340 f8c9642c-6c17-4de3-afda-e90fc0e5a3e8, 3919 
319615 9536bdb0-4b9d-4ccb-b1a7-7e693e075295, 3919 
119209 8776cd3c-1757-4e5f-b34e-c477e2a0ca38, 8505 
372353 31de7ff3-a01d-4f6d-9673-87c2ec9f70bc, 3919 
239875 89ccf8aa-8c32-4838-b689-e1e232fbcfc9, 3919 
107914 428260d2-e9e6-434b-9f91-daa6a94d940b, 3919 
342710 dd594781-325e-4b59-a5a0-b91f3ddfa686, 8505 
79462 1f80d009-a408-4d14-a001-aff330c089a7, 3919 
152862 21d9e479-c1d4-4cf1-ac08-8e3b60ddeeca, 3919 
343417 e1fc834c-aeaf-413a-9fdf-268d30e466a4, 8505 
303354 0d834300-afce-4f55-9fcb-59505b506d61, 3919 
403588 2c837cc0-5e05-41ff-b4fd-ede27b250235, 8505 
400187 34422288-77a8-47a8-a92c-3efd9086e226, 8505 
234505 d5e8d828-e297-4d14-94e1-f1091b81e6df, 3919 
72177 978ae35a-4641-4a82-845f-384d16cd469b, 3919 
78829 759bdd2d-407c-4e0d-be5c-83dadae7507a, 8505 
278445 6bd9cb66-e538-4905-83bf-8983563191fe, 3919 
135028 8390ff60-4947-4383-9511-be83cd7b83a2, 3919 
338587 25ad1806-0b55-48c5-9616-15f82c48e9fb, 3919 
216143 f52b67ac-42ac-44d7-bebf-8b4610a17140, 3919 
59526 84829f9b-dbe3-48c5-b3c1-947dd95d2b74, 3919 
286673 b3c62123-79d0-41c4-8d77-be65556f0982, 3919 
215602 97c61d26-9de9-4b41-84d5-006f03849aa8, 8505 
83424 57fbf5f9-da9a-470f-960c-a00126819b1c, 3919 
257896 8e324c4b-94c4-4575-a841-6478bfe471a0, 3919 
275081 55b6bce4-99ef-4a79-9ca2-43d5a7fdfd2c, 8505 
330950 e433626f-3ac3-4b72-b286-8348250537a2, 3919 
190641 627759a8-2759-4f28-8bfa-f14b69b893d1, 3919 
293727 e5db3dbf-dee4-4af5-867c-109782621527, 3919 
360999 60ea890f-a354-472a-9892-cfe71f6e4354, 3919 
58324 2d254375-2e6e-49fb-a8b2-ecd3815b5dfe, 3919 
57965 ee9f90de-31f0-4378-ac3e-941dcd3fe402, 3919 
403169 d144328b-7c43-4bea-b03f-80fa5efb2ee8, 8505 
179381 d7f48653-79a3-41b6-9a2e-7bcf0f4cb7fe, 3919 
60921 42ff8e3e-e95b-4d79-a7ec-03364405a552, 8505 
2440 b85698b0-563e-446e-96b3-c8394e7f3fcf, 8505 
8354 87f12512-6f23-4b79-ad2e-48ff4c005ae8, 3919 
381169 0a1e7f7c-5e1d-4efc-b1c1-07ecf7a881e2, 3919 
123357 82ce4bf9-16e0-4def-9f17-87f290bba97b, 3919 
78547 21cd75bb-f458-423a-8432-ec5e70f092f5, 3919 
354624 0157b1f6-841c-4b74-8eb4-11a079738f1a, 3919 
386868 31c15118-1f02-46f9-a032-4da099f023d1, 8505 
150338 ab2ffcf7-19c6-4aab-909e-5f0e1e30e038, 3919 
132872 748f28b4-440c-4d8b-a8d6-b40e58df5b43, 3919 
338389 573f5a9b-8433-40c0-99ef-b33ef829602b, 3919 
326223 2956dcbf-0ec7-42bf-afc0-ee1df3a727f5, 3919 
385114 12c174d5-e99a-492e-83fc-d25872fa5f33, 3919 
1577 16d33923-c68c-46b4-a1dc-db2fe454e0f4, 3919 
159328 de4e4e22-71be-4350-ae3d-7261cb3573fc, 8505 
383854 07b9669e-4462-45f8-88f7-d3966d6cf3c1, 3919 
345306 4bb0a6c5-1bd1-4564-8aba-9ed9a13a88f5, 3919 
318494 d580affa-7465-4d5c-adac-4f4a9fac9f3c, 8505 
172311 fed340cf-3800-4d52-a3e3-08d1251231b3, 3919 
196707 4eae94bf-0e5d-4db8-89f9-23bb97c6684b, 8505 
57798 04d8ebfd-e1b0-4fe5-b3c8-d50834f3118f, 3919 
9050 e4bf5feb-aedc-413b-8ea9-b85b75b35856, 3919 
133468 a7e25ba9-d710-4ca5-87b6-c22992feb960, 3919 
65441 6cc06950-ecd8-4a31-a77f-6419d99eb307, 3919 
340569 e8166e67-11e3-4b9b-b334-1d0392f64881, 8505 
78374 825913bb-95c7-4546-ac96-5ebc60c4477d, 3919 
327112 fab3b0ae-35bc-4446-83e5-fdcc4781a8f2, 3919 
27444 aa65c541-c9d0-484b-a2c8-b7e404378123, 3919 
26159 f73d5afe-c383-4aa4-81b7-2e6dd6528825, 8505 
97864 dcb88f3b-2ad7-4d7b-ae5c-057f85c740cb, 3919 
129605 f9205f7f-2754-4e22-b0c3-ec5546bfc684, 8505 
194691 425d3d4e-a58d-4a42-8ea9-21350343f1e7, 3919 
189725 5674c06c-8412-4668-8076-99f2d4f9db32, 8505 
57736 b892e54d-5223-4b21-ad27-274e72b67ad0, 8505 
133265 3fc7e183-3190-444c-b97f-e50fcb5d95f6, 3919 
92572 045e28ef-0e0e-4377-92d4-ea03b9f0b0bb, 3919 
225849 a3fd1c9f-5cd0-47fb-a61b-1bdbf62447da, 3919 
136537 4c351a4a-8c68-42aa-8573-be7403b18bdc, 3919 
287506 f4aacbae-2c42-4f2e-8e90-1376c0cd77a9, 3919 
215236 b6a58d01-fb01-4661-8bfb-72ccb9fe3949, 3919 
92023 08769058-58f5-4efd-a802-d5b91190b95b, 3919 
283685 d84b5ae6-4b0b-4e84-880b-bade153af526, 8505 
71403 2a4fe4af-dfd6-44f1-a89f-943d8d5208f6, 3919 
223994 be9b7fa8-b7f9-4ed5-9d87-b0dd542979bb, 3919 
122743 a6e70bee-23fa-4798-8b62-8dddd6741461, 3919 
320399 4ee359f5-a2b5-4b0e-9eb0-bb28605649e2, 8505 
59386 4645495a-cdc6-4066-8242-d3c60a6a0802, 3919 
54146 b7ab6d59-76f5-40d3-ab39-e303bf61889c, 3919 
174076 9d765524-21c1-4157-a338-64985aa21594, 8505 
30762 79e394fd-4be3-4c98-9ea5-acc876c78561, 3919 
188930 c4210ccc-9a8d-4fac-b357-e4d8c0b9042c, 8505 
315695 b3d26a9e-4014-41bb-bce8-f31e2f155369, 3919 
57460 622df4b5-ca8e-4a38-9f5a-17d57751289c, 8505 
204529 7d1a49e0-5fbe-499b-8470-b639d52fdecf, 3919 
338152 573644a4-58c2-4e47-b5cc-6a586e919b03, 8505 
129645 ab39ce20-41cd-41cc-a492-f067312042d9, 3919 
196816 6d937c2a-2ee6-4d77-b882-78b3c2302166, 8505 
245037 bf27f4c1-0b2f-46d2-b1c0-4dd14d5c222b, 3919 
354383 08f0185d-7f66-456a-b40f-346a274dcffb, 3919 
337829 999577d5-7052-45cc-8268-0107cad39ea2, 3919 
316181 d9bf20ec-260e-4a7c-8ac0-31659ae18125, 8505 
155649 c7fb780a-9720-4eec-bfb9-b5d741ccd3c3, 3919 
139191 091bda28-fb5b-45e6-8927-ccb6142dae3a, 8505 
351333 92ae88d3-39a9-48d9-8f4f-3afcdacc06fd, 3919 
26735 1216590e-45ac-4f4d-8f94-9eebc0ec5b6b, 8505 
226224 bf33153b-0de4-4489-b6c8-c669d3f48dc7, 3919 
208980 606a7792-6c8e-4d25-90be-5b5d77be53b9, 3919 
2551 f8d2f672-50af-48b6-bebf-9fc0bf2a3a55, 3919 
348264 fb9a7343-43ef-4846-9aee-4201c7ade0d7, 8505 
5712 302c18a7-16dc-4c0a-b0b7-f58468817f6c, 8505 
107116 53cf7291-ffba-4e47-848d-8917f35217a2, 3919 
68144 33be9844-a112-4658-ad44-0abc789047b3, 3919 
248759 efed3559-d416-49f0-bfb2-dcb65135f276, 8505 
269783 5f8b4aca-e096-4ee1-9f9b-9e91584dc99e, 3919 
137309 e4b873e8-7425-4f4a-a4f7-74f2a4ccbc9e, 8505 
253990 e9f435f3-8b7a-4bf0-8bbc-d5900cd04e25, 8505 
206461 6043bc58-bb2b-4f82-a9f3-ec4bf64c1122, 3919 
107710 433a25f0-537a-4b63-8340-60f17bf08356, 3919 
327974 50a96552-055b-41be-888e-d1b0ecd7c1dc, 3919 
344603 b3fcf341-ced3-49b3-87ec-099df28f7195, 3919 
101865 bdca117c-d46b-4738-9f67-eddd875f2c4f, 8505 
389026 7a6c1149-6501-4573-b9f7-f93a895c2d45, 3919 
26626 5b00b28f-243f-455e-b7fa-ed93b785efa3, 3919 
281195 4ad8ef4a-c717-463a-98a0-ffda2fc85e2d, 3919 
197271 2ebc8f07-b3c3-4216-b8a0-9edab8fc2c3f, 3919 
21486 1ca64ace-6ff0-44e2-bc7a-11cda5bbb53d, 8505 
325351 69aff9c1-8a10-4bed-a1a1-e93aba70eef9, 3919 
335226 40c2eb0c-630d-47e5-9f51-b2309a9bb36c, 8505 
232759 1cf91da7-a75b-4028-9c9b-33e0df1fb994, 3919 
360082 857921a4-c0a5-4d48-9d1e-60692c0e283e, 3919 
230444 06118778-2a27-457d-8b86-bc27a1b3bef0, 3919 
63905 b96b54fa-726d-49ed-8d68-169614fd2cc8, 3919 
249806 09805973-d925-4d87-a615-116ee30a18ce, 3919 
390967 72cfa183-9546-4ca7-9bae-30031813f075, 3919 
90584 300cf2af-a389-43ff-9564-6f40db84c0f6, 3919 
254458 5e320a8a-7596-4bd6-9bf3-e646c97680fd, 3919 
300700 4b91e5e6-4aed-4868-8bcf-83b49c086949, 3919 
185149 033880dd-44d5-41fb-b7fd-37a12f08188a, 3919 
239100 1292222a-c75f-4abd-a57f-68dd5319d4b6, 8505 
281876 b289799c-1c78-4d88-8f03-cf976788a15f, 3919 
338260 1961a65f-f49f-4b0a-a270-fed284d7ba8e, 3919 
256080 e190d9db-e08c-490f-9e67-b301209f215e, 8505 
93113 223723b3-ed8e-4d3c-90ff-928ad8bb8f86, 8505 
234707 60d95a10-6bc5-4389-bb4e-835a178cc15e, 3919 
135792 346ffd90-8f97-47d5-b245-8867d1730a5f, 3919 
210231 f05f3800-4e7c-44d7-bac6-31b411ccbfbd, 3919 
60579 3cb08d76-fd2c-4c01-a0d8-87a77a8da10c, 8505 
14819 c26fb75d-5e3d-4c1a-a83e-5f587a48fc48, 3919 
368767 62e6080f-c5d2-412a-bc99-c7f1d0fe5f26, 3919 
130877 f67d7729-c889-4aab-9a6e-47eaf890cc28, 3919 
327408 75096269-7655-41d3-bc2a-95b7239f18cf, 3919 
63800 5a7589f0-1fc9-444b-80e2-c9225c033b1f, 3919 
107682 db05efc9-8afe-4fee-9686-003d0a9a7477, 3919 
124006 574e47c2-ee0d-488f-a4f1-96b8ce657e82, 3919 
252274 5000f0dc-a1cf-4679-8d3a-dda7a402b39a, 8505 
219278 265e6271-6ca1-4c68-a707-1ae4643ce74c, 3919 
17576 70858b91-6b54-432b-a4b3-ba3275b922fa, 3919 
105820 37787047-7952-483a-8f08-c3141a0ad02f, 3919 
237267 b248ed4d-8ad8-49bb-bba6-132dd35c8158, 8505 
402787 f199afd2-164c-4303-912f-8a07aa3c5977, 8505 
337364 e5635ae8-cc7f-4f07-9568-cec612e0e830, 8505 
258251 4a08960d-ff78-498b-8bd2-335ff323e0d1, 3919 
117018 64da577c-e056-4edf-9de6-daedf7506d66, 3919 
18926 74af1e3e-0afd-465f-b329-cbf0ecb7378e, 3919 
211044 58bdb64b-6be4-41ef-9d6a-ae16065628d9, 3919 
314601 8e3f4a0d-ad59-4470-827c-5c448799bc20, 8505 
82483 3a8c3b27-d1b1-47b0-89d0-c5462bd2e742, 8505 
322166 bc350fde-6f47-482d-b592-76aa25ef7bb8, 3919 
196393 8752fccf-38aa-4317-b2e2-dfb2807f9aa3, 3919 
213317 2255ade5-b556-477d-861d-dbb53e680677, 3919 
47333 3a64a4c3-bb99-4e98-9dd4-be575abf4c30, 3919 
279929 dd48a2b2-2c82-4b29-a1be-1bc7a4f27d85, 3919 
216393 e1b513f0-7f62-442b-81f7-644424c03bf1, 8505 
345461 281ee9de-cb86-45a8-a3a3-b8e4924fb3d3, 3919 
346473 7d059354-0886-4b36-a8bb-a71cb124624e, 3919 
59922 1b0581f9-dfff-47b0-9d5f-64fd74f9e2bf, 3919 
166685 293fc4ea-70ba-4024-82a7-0647aabe0c6e, 3919 
356876 62cca28c-a8b4-46db-9ee8-f4aa2cbe125c, 3919 
219184 f9801dbc-1781-4a73-9461-1d237013b1b1, 3919 
68354 47b6c091-99df-496f-af8c-4d0f8826d154, 8505 
233925 23e0e2c3-49a6-4ff3-bfcf-505bc5914a7f, 3919 
48115 9b307e33-82a7-4974-85f8-53dbae793b36, 3919 
356376 dbcecccc-ba4a-4727-96db-cfd5775908a9, 3919 
143924 5e7002c7-7b15-49ef-8b9b-6375fe6d897f, 3919 
1195 b30701eb-6a41-4546-85a7-12d75d306117, 8505 
80671 1f14cefb-c44e-4bae-9d25-91645fd2db40, 3919 
180521 3d07d0f3-39a3-4735-9945-ff842e1660ae, 3919 
297497 9ce82444-ec28-40e8-b423-626e79b301d7, 3919 
327982 79467393-9972-4495-93d8-862ff0b7087b, 3919 
122972 44173431-e78e-46cd-a24a-b431a5e1d900, 3919 
357882 ce059cbe-bf04-41d3-ba2d-3c995e4f3cb1, 8505 
153898 96137a23-8bee-4d68-9bf0-649825696c14, 8505 
237855 03f31f2b-6942-4c10-bcb5-0e96f8e9e565, 8505 
246805 a32d7a53-a033-43b8-90b4-7cb7a7c41d88, 3919 
398663 fb7d7439-e359-467c-a92c-1db36cba0c61, 8505 
231294 f148dfd7-b235-4257-b874-ef0f94d0df33, 8505 
187621 91658ec5-bcbd-4299-b645-2694ac8db72d, 3919 
228365 1a2a593f-4019-4ed6-b59d-11dee19c0ae6, 8505 
192799 ff298a06-129b-455d-ad19-1235c8b8d9ec, 8505 
134891 c76ecba7-1d5f-4395-ba89-dda6f551f7ea, 8505 
21380 176ac1b9-c5ea-4e4e-b0a6-41550ffc0f88, 3919 
1567 bcef3aea-bb76-40f9-8638-e1e940bcd020, 8505 
224778 3bb56943-b8ae-4e6d-8250-482b4ca231a4, 8505 
80346 2f4275b8-bbd4-4b23-bee9-b1383e59944e, 8505 
330212 7039aa33-9dab-46e1-b097-217c03fb648e, 8505 
347905 2dbf8d73-5cb2-4d2c-b4d2-5f42dbe662a4, 3919 
377661 e05765d4-e3dc-4ba1-b4ff-2c4fe4df82ec, 3919 
362899 cd2cb398-beca-4c29-a422-1a2ae6655c4e, 3919 
141033 c53bbd99-419a-4e7f-8e5e-8c7518b1dccb, 3919 
2061 e841ef4f-5997-4226-9959-c41078126594, 8505 
328813 e9708b70-3810-44e5-b78f-cc1351f7b52b, 8505 
378048 5232b47f-c441-4310-afaf-053ba736b94c, 8505 
110599 44257d82-6079-44e8-9e14-dd6c349ba241, 3919 
169920 c92f0ec8-14f7-4630-9671-258881c1f637, 3919 
211161 13feef66-db3f-4e48-a347-ed1170373139, 3919 
96622 c20400d7-f0e5-48e7-acf9-2afca601c98f, 8505 
290088 2df96e2a-82b0-4865-ab37-e128704cd23e, 3919 
383779 2c27e2b3-3121-46b0-8d87-5d677ba3709a, 3919 
354718 be9b0d7a-e5a6-423f-baaa-2c40fd499072, 8505 
298190 e6eb8d62-44d1-4675-8844-50c3d795174b, 8505 
348165 12eafbd3-cddc-4945-841b-aabb5e777009, 3919 
341063 34ceffd1-1154-4976-ad4b-8159aee6f42a, 8505 
226878 ca114553-ba0c-4082-84a9-f7c9a0ed5da3, 8505 
100323 63a90f82-cc54-40ec-9118-c7542e858369, 3919 
344782 c5525510-0ad8-4c9a-96f1-aae2bf65d4ab, 3919 
86214 e50e937c-2fef-4bbb-a7b8-b5d2866d5634, 3919 
157971 ce6f3add-c544-4581-8b84-e89fd6f7318d, 8505 
389465 3eb8ece8-70a8-4451-886f-58daf4dbe7a0, 8505 
360635 818bc9b0-7f46-401a-8115-ef02eb3a20c7, 8505 
229697 ee65a197-3816-4e19-9227-7b0984c89603, 8505 
63767 60cdeedb-8e89-4b4e-b252-d04c65a7f7ad, 3919 
232291 5bb13b89-4da2-406e-912a-27eee0b84f3a, 8505 
25899 05f2ff53-ccb8-45b0-9983-3bf374a05748, 3919 
64338 54493980-252d-4e59-9157-2fe136fae10c, 3919 
128649 aec2aecc-5d0e-4c0c-a238-b75c68175bb9, 8505 
298285 48552e7f-1b69-40fc-a8d1-55e0673dff82, 3919 
91673 ec2b19b6-3edb-46b2-8bd4-b2f2d6d09509, 3919 
110667 fad27729-8655-46bf-81db-d8af85b303d0, 8505 
45762 d203557c-2e71-4e1f-b87b-92c9ea71fa44, 3919 
33462 2425461b-d677-4f3f-af29-900c5772a83b, 3919 
180122 91a5ef67-c5ed-44ea-b253-043477005562, 3919 
283510 8088e7f1-e407-41bd-8da2-a2575542b415, 8505 
200299 f9458b79-0923-4cd6-8371-586e002cfd3a, 3919 
30462 30bd3d4d-df8a-4b4e-8c15-3ac02a6a5617, 8505 
128775 e8e9b740-4586-400a-afa3-b278ada83be5, 3919 
175453 9828ef47-931a-427e-bca2-71df06c1acea, 3919 
334505 9542a45a-a5fd-4860-900a-156a80f5c1e1, 8505 
89923 6a0f0491-f042-4abf-940f-ffc01fa2ba33, 3919 
320998 f165e757-a193-44e9-8ff8-9412009b26a6, 3919 
178638 c762dc05-11b3-4373-80fd-8d68619f2270, 8505 
265008 4d49d723-8754-4962-9fbc-12d129e8fa5f, 3919 
203092 a0433564-5059-4309-8568-93bb5cbf5b44, 8505 
60227 f74a44fa-562a-4df0-95e4-b37ee407cbeb, 3919 
220102 0c278caa-2dc5-49b7-8c4e-38f86883f2a5, 3919 
125435 458bf21e-19a4-42f7-b912-c4ddf925996d, 8505 
223261 58638e9e-6447-4c3a-b735-f5ad48198328, 8505 
376503 70a8bd88-4b98-42f9-8693-c19eba96fec2, 3919 
47215 fa0eeb2d-35e9-4f98-a0ea-f5c4e5ada18b, 3919 
385280 e14ee1f4-2b65-4377-97ff-9ed24f8a168c, 3919 
94118 c49e9796-e16b-419f-98bd-78c1863b6255, 8505 
87784 0462f539-b800-4100-95df-d08f5f377c68, 3919 
332571 9b141b51-9501-41c2-97fb-584b324c0f25, 3919 
283558 5efc15c5-e117-4935-ada6-d8fbfe0bb821, 8505 
322086 1742aba1-cc61-4189-a840-5ee483aa2bbc, 3919 
349902 1a766551-e851-4e95-aa75-e1ac226a35fd, 3919 
112451 ec48481b-a58e-4340-9193-a8e9149f99d5, 3919 
336034 6bbafeba-569e-48c4-953f-63fa3df548a5, 3919 
165229 3fe4fcc5-3d97-4a37-b6f7-85b1a8b3f9b2, 3919 
47233 98bbc816-5a83-49d3-8c7b-d7534826f974, 3919 
158792 43ca20b4-b5ed-4b6b-a218-855975706703, 3919 
190258 31cc692e-d1d0-4642-83f2-5d3f857fa821, 8505 
177892 5bb935fd-0342-4b18-8336-91cb50e00356, 3919 
331612 ca06f0c1-1efb-4c92-9edf-f45d4cf69009, 8505 
87800 690d2342-c379-4b80-a403-5e892a9fa7b6, 3919 
311174 713ae67d-d7ca-4900-acde-bb51b3045012, 3919 
237326 f216b37b-1c95-4cc6-bad3-d6ec56cf3b2f, 8505 
133277 f75cfb27-31bc-4e80-b903-d78184e5e0ec, 3919 
383383 711d9fc7-3f0a-488c-96da-27e8b7c5e644, 3919 
135670 4251ac90-71b6-4250-96d6-966dfda70211, 8505 
184985 f2451a24-df3d-40d9-b01e-5bfab2eacab4, 3919 
21681 7f967565-a108-4fb1-83ab-d1348b4682c3, 3919 
256512 82d7ac8e-d681-4a3a-b397-03d6801284c4, 3919 
292201 ba6d766d-c3ff-45da-8c79-cf499ea4945e, 3919 
367851 6ed6e8d5-7e24-40c3-ac8f-2c032c3b280a, 3919 
198991 c8448915-2ce5-49e1-9e0a-6e723b15ea38, 3919 
13965 d2e51c6c-166c-4847-a650-dcdaef419f11, 3919 
299293 e263aa8b-2ffb-4b3e-838b-a8d7ffbf90cb, 8505 
365216 88eb1d44-4030-40a6-aae9-e26dfad43e1f, 3919 
73091 4ff21ff6-43da-4046-bdc5-03c81b89e493, 3919 
232352 7931fc8b-5d7d-4d4e-9b14-bff49e517134, 3919 
98532 23d2fce2-9d64-4eb0-91ae-49365b0f4346, 3919 
211355 7dde21e0-5147-4f25-96c9-ab3ddf91f2a9, 3919 
106880 38597217-50ce-434a-96d1-a37f85e03a03, 8505 
326905 e2408ced-6a21-4ee1-b996-abd6d3a2683e, 8505 
34765 91a8a87d-55dd-4858-9a3f-acc62db5d44f, 3919 
207577 9c5bee5e-88d6-472f-ae8f-ada139764b0f, 3919 
23322 e9006a3c-e256-43d3-8e36-6c0b415eb734, 8505 
255198 59c608f8-46e8-40ab-a7d5-d81ad3ddfb53, 8505 
11489 75aeb3ff-48e3-48b8-b082-6bf3dd961622, 3919 
154664 80317f8f-8d48-4a6e-aec3-e6986e962efe, 3919 
327246 5ce2027c-d8af-4d90-a5d7-84ca7156d66b, 8505 
3239 b54e97da-eb64-4caf-8439-5e95b822c71d, 8505 
275579 d08d7dba-ea5e-4b1a-8c5b-4944aecc55f9, 3919 
236999 37c56723-3d14-46bc-ab36-f2bc662c4fb6, 3919 
169860 929cc65a-a6ee-4c32-9b44-319b6ea49836, 8505 
201830 27ddc35f-8934-495a-b4ef-02432a3bb31d, 3919 
50814 65826294-21cc-4476-814f-19653da677e3, 3919 
29152 001a8e18-2208-45e0-b8d1-618fecc9472f, 8505 
30517 b847c275-9155-4de7-89e6-1485e673a930, 3919 
193425 fd3812d5-1666-4051-b4dc-c804751b3190, 8505 
13158 ed3af3cd-d305-4fac-94a5-9a39729a8cb4, 3919 
129853 3738681e-31ef-4f7f-8cb5-5ef91c3d53c3, 8505 
219930 f477a24c-5b35-485c-98e9-c01314f65aaf, 3919 
156595 c329d597-20eb-433c-a896-36eaf09d305d, 3919 
306871 a65a145b-2c20-4dc9-8e75-e169fcf5965a, 3919 
65949 b04648c0-1e3e-43ae-a9df-b4f31a5c2f9c, 3919 
387436 e3810530-aec8-4a79-b6b3-01aadb8a88b6, 8505 
69856 2945db9f-fcad-4edc-9f35-31a0ad64602e, 3919 
43492 d8643c54-88c5-4c74-835e-29fa92430d87, 3919 
286683 c4a48a8d-e36f-4178-a8ac-65b552fb8d16, 3919 
193231 978b0f29-faef-4a64-ac41-1418b77a6697, 3919 
202927 abdf7c65-374b-4821-9e00-7e45bf7dc9ee, 3919 
385011 2dafc39d-fadd-4da9-9745-e66e0f64eed5, 3919 
320714 44d0e082-49af-4d37-a936-b7012440dee4, 3919 
94348 3297e86c-e515-4ff3-90b1-5c1b759f5bc4, 3919 
1114 b771bfba-fb4c-4c0d-966e-2356e21c4f10, 8505 
339035 060fcdb3-972b-471f-b8d3-5443ce4e5b50, 8505 
335009 a6dae2c0-f9d7-40d9-ad62-0d875c9168c4, 8505 
305032 04f23b86-91dc-4eeb-83df-60b33ee4c81a, 3919 
28411 65f3d953-df2e-4ee6-ae13-0d493d41824f, 3919 
17908 2a04aa14-d7de-4529-9157-df998baced03, 3919 
189290 a9012c6f-dc59-437d-8922-1491da04a2a0, 3919 
283177 f2e010be-c936-43b5-a56d-a9f049599f33, 3919 
284142 8a2bcf21-518b-44d9-af17-5b1b7c945ed3, 8505 
282247 639f7b57-1469-47bb-891e-a63450b12997, 3919 
248168 b71dab5b-357e-41e1-840b-2d2f5e62062d, 3919 
166167 f387c4b3-c5d5-4a2d-87c6-09aaf941be1d, 8505 
327067 e949fbac-ab5c-41b6-bfe5-82412e94f47e, 3919 
368343 cdb78db5-12d4-409b-b418-8a3d42b5e3cf, 3919 
293136 5df6def2-7423-4b64-a77b-b8f92d758961, 3919 
66453 2886f282-09cb-4351-a2c4-0d2fef1445bd, 3919 
283916 0f89ddaf-0a97-4383-92d0-0a1058de2329, 8505 
332208 64f17681-6788-4207-8c03-581b234f3ea6, 3919 
128816 a107ec7e-6389-48bd-963d-3928cfd65747, 3919 
166828 d839af3b-18b6-48b1-bf4f-0c222c4a3136, 8505 
188430 4301e8ae-4f4e-49b4-9a83-fca747debc67, 8505 
254029 cdc903b0-4dcf-490a-bb94-de14850855f7, 3919 
265001 40e402ac-5ae9-428e-a5d3-e9675b870114, 3919 
20907 05588bf1-0fad-4747-9a3e-b96feb24b07c, 3919 
274143 a2e3bc6d-1dc8-42e4-a1a1-773abb02c2cc, 3919 
323522 a00e1e68-27e8-4bf8-b40b-9c84f99fd387, 8505 
55656 21f35fe8-426a-4755-a13d-1c64a147ef53, 8505 
208716 9b6b6472-237d-43da-aae6-cc35b80d4f0a, 8505 
200102 de6d081a-2a61-4204-b510-9085e5bbdb98, 3919 
331240 dbe2e00d-944b-4c8e-80d1-7d258844cc8e, 3919 
319423 2a7c9c8e-92fb-4b2d-b1cb-ca386b4c1d92, 8505 
287326 56d54f41-c042-402f-80d4-761e17ff8e3d, 3919 
18551 8599268e-4a5c-4ba6-85a2-1024f90d05fd, 8505 
257088 06604dfb-f8b6-47cf-83c7-e6036f150156, 8505 
357743 9efbe3f4-5851-4100-b5ea-83d1318a9750, 8505 
258678 e686d5dc-315f-4b35-bf75-bed188bcffca, 3919 
308593 4a288aba-0100-41b1-af42-b8ac4f8668a5, 3919 
125527 7a5ef3b3-287e-4580-a9ba-f79a5e3c2ef9, 8505 
348928 56365564-4a3a-450e-ab4c-06414b13ad8b, 8505 
345870 0dbc58a8-c07c-4a0c-b88f-778d7ff15b1d, 3919 
114342 85e72579-e2d7-4847-b04c-a1dc67dcf345, 8505 
337700 7b02f708-66ed-4a98-9c35-34ea32f61406, 3919 
180435 5fc12639-5f13-44e8-aaf4-9601371bc353, 3919 
170204 a75311ae-df9b-40ee-a920-d9cbf23bf5b2, 3919 
194499 31b1bcde-1926-42f0-90cd-f599e99b7540, 3919 
47510 5bc9ba01-9eef-4ef1-ae4e-22126fd50db7, 3919 
138303 7d02a1df-230d-45f2-82e3-33cb88e67d1b, 8505 
195967 cc292ecd-fb9b-4131-a0cc-d8a8a5d9e8ff, 3919 
222909 894fa0f0-b5cb-42ff-a2c1-6917c174300f, 8505 
335293 7aaa73b8-e7a0-4898-936e-cc32727b3110, 8505 
274751 27ec9cdd-ab61-43d2-a7ca-91ea6cc66900, 3919 
71214 54fa3916-e7b3-410d-8872-8fb43700e861, 8505 
345018 b348b2df-9327-48b3-bd4f-826cc2187ba2, 8505 
81027 7bacae76-4c56-470d-a9a1-687132a352bd, 8505 
55156 e1cb0e78-1e06-41c3-a829-84fda6eecef9, 3919 
319357 049269d8-dd3e-4a1e-b671-75f2d289a91f, 3919 
384571 4c758df8-3e19-43b1-83ef-634edfefdffb, 3919 
164065 91624941-b9c3-4208-901c-9cc4beb68853, 8505 
320013 aab5ff6c-8f76-4a40-8f78-aaccfd0555fa, 3919 
401644 f2703b41-838c-41d3-a1b0-b7a2c09d774c, 8505 
381522 833b0602-370c-4cb2-b7d9-7c345515e936, 8505 
117286 f700f806-c5f2-46eb-8c6b-1ecce54b0170, 3919 
97580 a303570c-dca3-4190-9e73-a40ca6754392, 8505 
158964 941cc42e-a67d-445d-9f14-5cb1522839b5, 3919 
272824 39a18635-128d-43a9-bc95-5d7ea9d6b53e, 3919 
137923 c7541e35-e552-4209-830d-2341e194ce9d, 3919 
129054 a6cedfe6-1af7-4899-a737-db06c02ba704, 3919 
6169 b00a190c-8b12-4bdb-8467-0f3ad68e1dd5, 8505 
357989 19b76aaa-0e3f-4fce-b972-306e2ba98c9b, 3919 
181827 0b8430be-0db9-4df4-8b8a-57cd1fbf713e, 3919 
251508 343e901d-f1d1-4209-ac82-a71888e1c75b, 8505 
361007 828318bb-8b0d-487d-98b2-8d078283f915, 3919 
366107 67d2594e-f88a-44ea-91d7-f25df0f17c62, 3919 
57627 a3dce8c8-d7da-471d-9424-e7b90ba4aa3a, 3919 
378318 50e1113b-e8c2-4f59-aa60-dc730c42e72a, 8505 
284962 4f5e234c-a424-4590-9794-e524cb802536, 3919 
370079 ab98bd74-839f-43d0-bb3e-726c1400dad3, 8505 
384584 9d4a45a3-942c-44f2-ab67-1a1cb6f052ca, 3919 
325195 9872e0a5-9488-49c9-84a1-29e8872e2052, 3919 
354622 92b5204f-7523-404a-9144-ca11c6eb97b1, 3919 
312985 0e22db92-429c-4fdc-9729-3413adaa6758, 3919 
342765 d8717abc-935c-4da1-b241-f3ff6aeb601f, 3919 
364300 6253324b-a8e7-413d-9989-c58e3002de5f, 3919 
113059 47770067-4efa-483c-8411-f468e3312805, 3919 
26212 676b78cc-f022-480f-ba27-c13daf518bf5, 3919 
69214 c4a9f8c4-e6ed-43b0-ae5f-fac96b240d57, 3919 
15976 42f5cd52-5d67-4a03-8233-d7429d78af90, 3919 
368100 f9b79204-f06f-4526-a95c-2f3d8963c780, 8505 
290550 291b8cd4-36e5-4f1c-8735-67ded20a2223, 3919 
368609 ab6d0639-779a-46df-8866-0bf5e72d2d1e, 3919 
139285 65ca5888-5ade-4812-ba95-df3cf08a6906, 3919 
284092 9a86e363-f0df-4572-b22c-d474e0d681e9, 3919 
244995 b356fec0-ba5d-4d78-b196-d7dad2422808, 3919 
141661 4c35fdd0-6ccb-4766-a97d-4d366915f352, 3919 
298779 80019f5a-2f4d-4dc4-aa17-48b93e44d09e, 8505 
273566 771dde91-04fa-45ce-901b-7843c5fc2634, 3919 
247852 691e5b7a-0afb-46fd-a6cc-93962cd1f3dd, 3919 
112418 6f4c5871-930f-407c-8ca5-d668853f1e9b, 3919 
68061 e326d30a-c238-4b79-8697-3d650a6b16e3, 8505 
228325 463909d5-9617-4319-8aec-d3eebe0dd10e, 3919 
342434 93a87292-bab9-4fd1-8d6f-f9922d62c410, 3919 
227050 5cc2e0a2-fa67-4c84-95f6-473db0cac2fc, 8505 
279563 55a184f1-42f1-4abd-baa1-a16d729f1286, 8505 
168131 7cc73ae3-bc19-4e6e-ab09-a81252e1f4cc, 3919 
246077 558f99dc-c8ea-4993-8599-6179fedd47b1, 3919 
306853 b391c711-0fa9-4672-8f55-eeb0abb2ffb3, 3919 
337681 281256ca-d767-4c8c-a67f-d6e5db66608f, 3919 
362254 cf21532b-74b3-4f9d-946d-b67b15c84351, 3919 
39027 baedab20-64f9-4cfc-ac1f-70adfb3c32f4, 3919 
354680 f92945aa-efa7-4045-96a3-88b1f06da4a7, 8505 
259724 350e6f3b-9bcc-4851-958e-c2ac18b45e70, 3919 
147916 ed08cfc7-d08a-40e4-94bf-a2b6ef566ce8, 8505 
173230 c1dfc750-42d3-4bc0-b2e2-a07fd52ff15a, 8505 
13668 ff310055-5820-4a24-8d8d-6ba362aa15cb, 3919 
69557 d30a2075-7d38-4259-b7d7-94e1c9e0fcdc, 3919 
145613 4b3c94bb-82d1-47c8-8a36-d6d7c9d8dff3, 3919 
219202 270e9714-83b9-4b27-99b5-661481fb6ace, 3919 
30487 3917c115-9ae2-4058-9ae2-73e5d5f7901b, 3919 
286031 ac76076c-d9fe-4fdc-94c8-170d7c5f9f37, 3919 
162290 4b340926-8a91-4078-b108-26741753f812, 3919 
208164 ea17b114-94aa-4474-9c09-e15edafc61f8, 3919 
231643 50dfd029-99e2-49c3-adfb-cb1f08922a99, 3919 
134157 cf1f46f1-3f68-4041-baf3-a422dd1107c1, 3919 
201897 cdecce79-5972-400c-83bb-49ae0c326933, 3919 
347900 3886dcf7-cc0b-4c38-8cb4-b69210544243, 3919 
350693 ec929f2a-f816-498e-9fb0-f0f4ae1988b0, 3919 
350983 0ea65338-8bd0-4624-8744-16d7435dce8b, 3919 
274073 11b2faad-8c77-42a0-be65-9e0a4d51136b, 8505 
336893 853a0e05-3a86-45c4-974e-fda8a3775780, 3919 
360315 7b961208-a35c-4f5a-acfc-b6efddfc14ce, 3919 
62015 804bb9e7-6346-4e0d-8d66-1588a714167a, 8505 
41303 e6a1558c-689b-4f9f-8f6e-5eb42ff09fa9, 8505 
333122 83dc7a2e-ff92-4222-8804-7e50040b7bc7, 3919 
401693 b5e30d0c-c031-4182-99d0-62b9ff85d35b, 3919 
383002 8fe9890d-712c-4134-bd3f-46fae3c5a0ef, 3919 
150100 95f82949-f666-4ea8-a6cd-b014c365e3bf, 3919 
312304 2d2e2f03-99d9-46cb-b4b9-33460fdaf23e, 3919 
309485 cadd4805-f40e-4e92-ac61-576a4bc49719, 3919 
37254 593acfcc-4fda-4ce3-809e-32f84da551e4, 3919 
343102 62b92659-5efc-42b5-9ac5-2fabbb88af98, 3919 
288825 33ffff56-6001-4eed-bdd3-5ce101f975b6, 8505 
59057 152f9db1-0174-4bcc-b677-977bf3db201a, 3919 
306340 25102e33-d2a4-4ace-bb4b-f5417c195ba8, 3919 
63761 86a5e536-6b84-408b-a755-f5b1a9082953, 3919 
60408 8eb90534-dbb2-4a5a-bec1-4f746e1fc24f, 3919 
175180 f25bfb88-543b-4972-bf4e-677228a1c97c, 3919 
157634 f8302851-e892-483d-8263-b0415c2d4713, 8505 
267818 89801158-b442-42ef-a3ba-8a6b8bd945ad, 8505 
46298 0fb55084-a026-4bb4-bc62-2e0aafe7710b, 3919 
240414 fb20927b-7933-4942-a736-e422eadee7b6, 3919 
20634 0d6488a4-e08d-463c-909f-dd55a831e261, 3919 
383952 34bd2a1e-bcaf-49ff-b94c-79cebbe08747, 3919 
290027 85542c9e-68f4-4e13-a351-955adfd78b07, 3919 
32645 7377ad6e-8db5-4e8d-ba13-8189bc56a2ff, 3919 
133719 bb735fec-e901-4230-9ec0-2bfa0f9d3b46, 8505 
215420 751d3b1f-0a12-4b8f-968f-6f0a140fd629, 3919 
361529 f3656c43-ced8-4869-b2c5-c615e4aacef1, 3919 
336376 a739a6d5-13c0-4209-b438-3bf54be42efe, 3919 
275586 deedc918-919e-489a-8579-880ac3879a13, 3919 
107777 f7defa09-aaae-4abc-bffd-427cee4936c3, 3919 
9301 2e66fe98-f9d0-4d9a-8473-f8cdc3232ccc, 3919 
74249 ace87b21-7585-4eb1-a841-f5cd76484daa, 8505 
56633 7e8784da-460a-46bf-9b12-c7b782d9973f, 3919 
43431 933a41e8-d94c-404b-8dbc-c34d43f8a908, 3919 
181454 19743311-736b-4401-b0e2-86e93ea59f2a, 8505 
277324 81d86439-328c-4850-ad7c-b62ffbf42a36, 3919 
20552 c77da53b-1f77-4846-968a-a26c32818b89, 8505 
302046 e5cba5f7-dc5b-4359-84a4-3ce11fb07ff7, 8505 
310408 924aaaca-9624-4e75-9c6f-8aa2e01f548a, 3919 
189541 ffe3fb61-b77b-407b-8304-9bcb6a5e82af, 8505 
160624 98e96bfc-20f0-49ed-8333-5d5e89cb437d, 8505 
237927 d6313903-12b3-49eb-875d-a35da109c435, 8505 
272476 7daf9239-8110-44e7-89ad-172669195955, 3919 
35489 0944bf03-235f-4770-9924-73b5fe9d02aa, 3919 
159770 f154af77-5fb2-4331-8118-1aeafaddfc1a, 3919 
111290 3f396c25-11ab-455d-98b2-7f710343029f, 3919 
84899 fddb589c-8df7-4da6-89dc-1a2462bd27e7, 8505 
302957 6d43b9f1-8d47-40c7-8bcc-6ffcf54120f7, 3919 
27089 58f1faf3-2561-4457-95a8-adf8d4b50d52, 8505 
147812 1c568396-fc2e-43ca-8b05-e3ea1dd748e0, 3919 
94363 df1682bc-94d3-4e82-9eef-57f57e22a5af, 3919 
392908 26d403be-8f41-4bbc-a35c-5a0bc786eb68, 3919 
397765 0bda58b2-fcc5-4dfb-9b5b-cdb651ae03ed, 8505 
237297 4317714f-c326-4071-b097-6d890a62715f, 8505 
5377 70486e5a-9bfd-4902-b1b0-11f8229bbbee, 3919 
347639 2131526f-7f12-431a-a751-c638cc2e9941, 3919 
10601 ec7ae22c-3672-45ca-9fd1-44c3ff2ed3cc, 3919 
223212 63900561-880d-41b0-8a59-b814e3798b70, 3919 
220552 8aee2669-73e7-4239-9ae2-ef1fde0b0be6, 8505 
41096 8623743c-8e73-42bd-bb30-c79486097e68, 8505 
266141 89484350-d3bb-4c18-b4d0-84a194b29da7, 3919 
139197 0607b08b-b762-4867-8221-ffcf2f66ffc7, 3919 
260247 8fde0f9b-1a89-4e3e-b7c5-89adc8ead1ee, 3919 
383048 c04834f4-919b-40e0-8cfa-2bc2acfe22c6, 3919 
68310 fedc3798-4ee8-4887-a847-b44a8659ae04, 3919 
204681 cc171522-91cd-44bf-a254-5fbc080d7d5d, 8505 
287524 40b97b1f-0e4a-4d05-8ee1-1b2bca0f87f1, 3919 
124445 6859454d-9753-42de-ba59-00f845f22cf0, 8505 
351400 09b510f9-c1ee-4b71-8958-521a6fceba58, 3919 
264260 ddc54573-c88b-40e4-abe5-3a91e5f7f72e, 8505 
153859 10556610-595c-49ae-91d4-e1347178160d, 3919 
180578 772e16f2-f022-468e-8995-2172ee369aa4, 3919 
112421 b775d291-ec96-46d2-ad93-32789fe1a7e2, 3919 
35473 46324968-2c71-4d40-ab47-62139e3f5d88, 3919 
126693 649545dc-6d9b-48b1-88b5-9e5265eef643, 3919 
294192 a28bef03-09e1-42a8-94eb-7ec9b86c38c4, 3919 
147945 0d4c3c5a-b242-4442-a804-d62c64681d91, 3919 
131984 4e30bfb6-02c6-4af7-b3f0-c9d5cbdf97a4, 8505 
353747 a68b4a08-20f2-4d96-a600-9d18c0b0de7c, 8505 
42054 c9bed4b6-8481-4f3f-8069-5603cb0974a6, 3919 
77245 eefacae9-aa66-4fd3-89b9-5dfe4a43bbcd, 3919 
91580 5ea3b1ea-9496-484b-8067-b7c61253b3b4, 3919 
323191 156633c5-55fc-4b90-90b8-3c6fddb857b7, 3919 
217764 f5350f1b-194a-4d22-9731-c16102c00fd1, 3919 
276655 b02f7702-7d90-46de-aca2-cc2d06ed142d, 8505 
48842 e3194a71-e077-4b73-9db2-66aeb2e6d3b4, 8505 
156827 6a163a19-d675-4348-91e7-d6f9a6e0eac3, 3919 
190248 160ebd7c-3065-4f8c-baa9-46c8347c097c, 8505 
62416 d7ecb384-bd26-489e-9997-6c2cd3984399, 8505 
38941 f2bd5b7b-a660-4a10-95ae-a1874501ca03, 3919 
91157 29e125c6-9116-464f-983c-d1742f1a3bfb, 3919 
264865 4c89f209-0d49-4a58-a969-cde004f129db, 8505 
81898 b116f39e-e68c-45b9-a3be-7e3e0f4d3240, 3919 
192818 f073400b-9108-4226-89a6-b97d99f8b503, 3919 
89862 99391fb7-8452-4f9c-9570-a33785497fb5, 3919 
76409 ddb61c70-12cb-4567-abf9-d1d57f02c3f9, 3919 
232987 76bc38a9-edd6-4b46-bd7e-4047f8eedc35, 3919 
285980 bd3f5c14-7dd4-4d70-8f55-213c180603ef, 3919 
161072 f9301668-868a-44ad-99ab-7b401c1f537b, 8505 
218632 6147a5f4-6f37-419b-b140-e60da6ab37eb, 3919 
369965 2c05f8d9-2612-4af5-9adf-2a14c36fe6e2, 3919 
379297 2a3b2c4a-8cfa-4bc1-b879-3ca1b8ffbcaf, 3919 
377693 c3827e7f-f38b-4345-980d-1aed7d70513d, 3919 
231185 641fcaac-2bdf-4aa9-8441-48807f944778, 3919 
19939 66a83256-2c0f-4d75-8ca0-ce846fa92d4c, 3919 
78104 ed521718-ffd7-4b65-a33e-a208d3f46698, 8505 
140827 c88d26dd-a025-4139-b029-e7af3c18c766, 3919 
155969 5a0db54d-375e-4769-8214-ca8fb205381b, 3919 
47937 6b6c4c7b-27b1-4163-834a-a157af813cb8, 3919 
88822 635fdbdb-d69f-4cdc-98fc-52611f52147e, 8505 
219574 10ed81ef-3277-4916-8cca-84b984b2f2b8, 8505 
120642 6573710d-8a11-4309-acf7-e83db7da7351, 8505 
123005 d49bef88-266a-4b38-abcb-151befadff34, 3919 
140185 9f0fab97-0334-43d4-a362-90d61479d0a7, 8505 
36566 279000c1-8f06-49ed-9a42-b2ed547ac986, 8505 
12704 9c859fb7-2558-480d-9c95-43b6c3e6a00d, 3919 
97853 a4d6b571-315a-4c29-8802-e5c33403d852, 3919 
241861 bcd24917-26c8-4210-8d7b-53e78922e834, 8505 
375798 70470105-b1b2-491a-87c2-f07803f4c0c9, 8505 
384461 3022acef-d208-42d2-82bc-85ac7a00374e, 8505 
293865 dff49099-3eff-4b4c-be62-a42789a12063, 8505 
76750 f81848cb-cdcf-4784-a79c-f84cf6dbfb18, 3919 
117959 ec4efc9b-a4a7-4dcb-8923-2e010d5def19, 8505 
348197 340ae2c0-99ab-4afc-aeb6-0bfd820eeb2b, 8505 
317387 d6715438-0682-4803-83f4-a2be737d7a9e, 3919 
343902 8cddfca4-3612-4f2f-84dd-4ac2f3669671, 8505 
238028 b5d42ee2-6372-426a-80b5-40c4c52fa55f, 3919 
185808 d2490bd8-9361-4c4c-b137-4495c25ac7d4, 8505 
128526 9ce7f55a-2639-45bf-90fa-d2e062ad3fea, 3919 
67764 59ab2e8c-305b-4e57-adbc-b6dcc52489bb, 8505 
238170 f396b577-eec1-4205-8a1f-04c929a8e1f3, 3919 
59228 373b1853-d5d0-4041-8d85-c55654234d79, 3919 
393354 b653accf-aaed-4067-82c1-d660aacaf0d8, 3919 
367174 e1ee84c9-a58c-4125-941e-814b597712a7, 8505 
141527 f4cca108-9dc4-4b74-9397-13c005bff361, 3919 
212147 110a533e-9e32-4c49-b944-e30afd99a882, 3919 
382731 d660cdd3-f757-4014-a188-859dc9ea847a, 3919 
396557 456dc22f-a270-40c8-8bf5-1145e49f02a7, 3919 
154438 0604ccce-2b7b-4203-8c4f-4d19c1b9f82a, 8505 
279854 35e92b20-1b23-4fe9-bdb3-a2d047c1ef83, 3919 
187594 15bd4027-aed1-4739-beae-226bbc1140d2, 8505 
67147 79777b87-8a3d-4f4c-8683-f00a1af3fbe1, 3919 
132497 4ca7bdae-49b2-4f11-b493-60213b0464d3, 3919 
345294 a9387480-adbb-4767-ac0f-3d1a49efc07d, 8505 
253922 d4664b88-229f-46c7-9883-13c13fb32ea5, 3919 
370389 cb77ab36-b433-4dd9-abe6-a09e493f14fa, 8505 
319481 6d0e02ae-23b6-43ca-ad5f-06fa6a892cea, 3919 
342770 b65071b5-cfc2-4c21-9482-82e68a915a88, 3919 
89252 19baec68-522b-4a7e-b48d-db1a51f29d60, 3919 
341311 0c540069-fa82-4317-9758-07d80f8565b3, 8505 
376322 f6936166-5bec-4e33-8ed6-36fda271230c, 8505 
257360 34790ace-0023-4dd6-ab67-dd5ea38fbd8e, 3919 
267345 adc9fa09-4a69-455e-9567-e65587faa468, 3919 
315455 2d4857c3-0f4b-4206-9764-3ee272009aae, 8505 
46265 aa6ae466-dd8c-478b-8d63-7d7469af65fd, 3919 
102864 425ba64c-1ab2-45d1-871f-f9169c4eaa8c, 8505 
160896 acb2e624-659d-471a-ba02-c9f6470ed579, 3919 
28316 6189d694-01fa-471d-8b77-5caec49d165f, 8505 
22987 44c737dd-c9ff-4490-b7bc-da278cebe1bd, 3919 
99352 eb8b8d93-c88e-4742-90e2-12f5364e190d, 8505 
306661 42406d96-8e18-46f1-849c-a588fa171895, 8505 
217192 bd8a9422-5df4-48d3-b66a-10bae871756c, 8505 
159356 d75bb2f1-8027-44e7-a0a6-39cc84b1fd5f, 3919 
191123 836f8b90-a167-4593-aa96-6f7604e8654b, 8505 
312757 1fcdffea-d1d6-46d1-8416-3bd1580031fc, 3919 
313615 341358e5-ae7f-4f95-95fc-f7c3c55bdeb8, 3919 
213344 cddd46ee-9531-486e-95cc-9d13fc95976e, 8505 
339165 c8b168ab-8556-4f83-aed0-fadfdcc2c779, 3919 
14990 bf7fc1cb-f953-45ca-ad14-f309eeefca16, 8505 
38958 1d2a2681-10af-499c-9fb7-e3bd6c68fbb7, 3919 
299398 884fa06d-c5ab-460b-bab6-a9a58ed0f96f, 3919 
283219 b7abc6dd-1d4b-4b56-99ba-668719762268, 8505 
258842 90d8fe7b-5f1b-45f4-bebf-d99660dba6e0, 8505 
55650 9767c2d4-2770-495b-bc51-21efa0a0a5ac, 8505 
6768 0d153594-9351-42b3-be11-6084a5c7ecc4, 3919 
13195 6d033812-9c34-429d-beff-8edc2764599a, 3919 
172269 e5582bb3-301a-4f6a-8d78-ff1f2b85ccaa, 3919 
29134 8d1fbbd6-1a8a-4a9d-a50f-49962a853710, 8505 
231922 e7d079b2-10f2-4048-b417-0d1fc98d4d86, 3919 
138183 13dcfc6a-b319-44da-8b39-82bf4af3700f, 3919 
56868 ac2d84e1-6191-4e8f-b92e-29ee14e4eded, 8505 
313600 c69da502-633d-4788-8387-134b459158ee, 3919 
396412 2dc481d2-1e0f-4ec4-8137-f328b6417934, 3919 
281602 fec74931-4482-4bea-b67e-14476f131604, 3919 
251750 b1bf3753-02d5-46de-8615-efda4d5c6476, 3919 
80467 b1a361e3-cf0f-4233-a86f-48f991bc8d62, 3919 
105555 0490a67a-d73e-455d-8657-802648bd5661, 8505 
273312 f860eadf-b0be-4833-bf09-ec9c93497f00, 3919 
161684 6cd4d549-b05a-4e5a-90ee-571fa44e4794, 3919 
193636 3b85b71b-11c3-40cf-ad64-022cb065d4bb, 3919 
219619 928665e6-6695-4b29-9426-d07d7a16b578, 3919 
80330 5b20f9aa-95ad-421a-a355-9a9e748f387e, 3919 
147448 1ab04b38-8f9a-42f7-80ac-893af6776f55, 3919 
383761 2dd351ae-1757-450c-afee-29529c1ada19, 3919 
96465 963c5caf-153e-42b0-95dc-e9a49fdaf21b, 3919 
372677 a88e7383-0bd2-44d5-bc5d-71e04f98089c, 8505 
13104 23d02e73-c18a-480f-a533-146a25985c66, 3919 
263181 e2280bcb-11e4-4f4a-9aa3-2a25da1e7ee7, 3919 
386802 85ce5053-9cd4-4fde-9b65-a3a9f1ecc910, 3919 
343093 e3178ef7-aafe-449a-8e00-a36812e77ec1, 3919 
330741 e6ab49a3-0c24-4c51-b059-63a02606ffa6, 8505 
196025 63d6f8c7-353d-419f-95aa-4d03ad76339a, 3919 
215433 7c3ffa49-9684-4900-a3d9-a2642afcb733, 8505 
49629 3c75a6e7-e5ab-4651-bc3c-774a5620875b, 3919 
394968 1c418e5a-639a-4987-a2b2-e8bd8f155f69, 8505 
73529 25e450c0-bd81-405d-a788-c9782f06e4ac, 8505 
187171 7047085c-dd8c-4778-9dc2-62ccc1d5f84f, 3919 
283332 1c160cfb-8925-4485-ba6e-7f51004356d6, 3919 
153382 17b8b1c6-3065-4240-85fb-66929df174ff, 3919 
246184 2da7712c-4a88-4a5f-a3f0-b2b705dcb6dc, 8505 
17993 b71c006b-494e-4b80-9549-1f21ea77e5a5, 3919 
381650 90fc771d-830e-471c-a5f3-c001c986baa5, 3919 
220521 8fbca537-1ce8-4d37-87ed-f953e4ebf7ea, 3919 
294979 1f5586a6-9817-476a-b0f9-10c53ac807d4, 8505 
37490 47d258a4-ac25-4cf9-8e6a-1b96ebc29104, 8505 
210988 f37fea37-0025-485d-9888-7feeffbfcc8b, 3919 
387770 a08ea3c4-d0f8-491d-899a-4c186ca1d0b5, 3919 
342913 507bd46f-7163-4340-be79-9060f8e0cca4, 3919 
88168 bf32bb34-fea6-41f8-9d83-a07e19b865b9, 8505 
131499 bc27f6a8-6e1c-4040-a84d-6dbe914d59d0, 3919 
252527 ad48ab47-79cf-4b93-812b-3c87ccacace8, 8505 
401701 aa09efd5-578e-40d2-8d9f-7080207d65c0, 8505 
369902 3327e491-4392-46a0-b4f9-999f4a4227b2, 3919 
204737 bb1be7fa-61bb-428c-8232-5c091146ddf7, 8505 
13288 5af703b4-df70-44fe-8735-3fe8e2944db6, 8505 
71238 84367007-5c12-4204-bc3f-9122e76884cf, 3919 
342602 19823c18-0f8e-4948-9918-937cc11dcd32, 3919 
366881 a61e2367-1acd-49f4-8be1-dfd96304add3, 3919 
225989 5517086f-ff62-41eb-82e1-74e957805aab, 3919 
58480 b74e39e9-c833-44fc-afc8-d4059774ccbd, 3919 
373053 43167a72-c4c3-44c3-a790-3c774cb9a27a, 8505 
320597 c788f26b-bfee-484d-b65b-704d1ad38bab, 8505 
304336 48f8016d-f34a-4cb4-ba62-bdb0df671373, 8505 
161420 50a0f958-209c-4589-b8d5-e1ad6408e499, 3919 
59138 8b3a3c29-3ef2-4b65-9dd3-f5bbbf158032, 3919 
10206 f89b2d6d-6a75-453e-a482-a767a791e191, 8505 
30163 c1a5021f-998b-4a49-b235-beade432f399, 8505 
101820 ffd5bf1e-07f2-43d0-a19e-2930e555b259, 8505 
212682 fa1385c7-4ae5-4c8d-975d-12ea57d214b8, 3919 
271011 38d57658-b766-4a0c-a5a3-31f9c4e60988, 8505 
263394 f320bfbb-5976-4960-b8b9-2a6ea3c82bda, 3919 
89774 f65cc1f8-3d3b-4fc4-9b7f-f8912573d854, 8505 
333156 29cbb80f-592d-4c0f-a070-b9fcc7ef3487, 8505 
234813 1c4f4930-a6bb-4fbd-8ddf-c9d6bc7dc364, 8505 
141244 8051b69c-0929-4c3d-b109-495673bd3f69, 8505 
390081 4c66e7a4-b6a8-49d7-b071-d30e9e20f010, 3919 
233766 71f2a9d3-555d-47bb-8ce6-00c82aab255d, 3919 
181760 dbb14a20-1f9e-42ce-bfe5-f45c5f98b608, 3919 
79402 4b632ff0-3540-4b85-a1be-1ec1e9fced7f, 8505 
20426 fde4f3be-546d-45cc-9525-c76b7f17ea87, 3919 
372472 6c762131-6f5e-4183-872a-4eda333eea68, 3919 
202103 64c8dcfc-97c5-4778-b614-73be93599600, 3919 
242048 7c8aca33-f397-434d-af6f-f08ce0da584a, 8505 
32521 def100f0-00a5-4aa6-a215-1824862a2d1b, 8505 
6747 504ed3b2-a475-4c56-a76b-95abb5bee08b, 8505 
77041 587cec7b-6f9d-4c4b-866c-9cffbb82f719, 3919 
66188 98717f45-5be8-40eb-968d-9e5f7310f43f, 8505 
321777 706440dd-14c5-4345-afb6-2928ee06d50c, 8505 
23024 378e56a4-2a45-40d0-b4bc-ddbb2f4f21de, 3919 
201967 46e4af29-ceeb-45ec-be6f-a4670978a13c, 3919 
290175 4d8586de-329a-48b7-afcf-a84e5714e215, 3919 
51763 6d528a0e-12af-42ae-919d-5a40a6ced413, 3919 
99817 f3c851c3-a564-4c2e-9da6-967dec0ba8bf, 8505 
76358 91bc6a34-76f9-4405-bfc1-19199e653ec2, 8505 
370090 b3bb94a1-85d6-4ebd-a555-35d16bf553c0, 8505 
66899 c257b353-1f10-4e37-a6d0-769825d7fbf4, 8505 
308829 2305bd27-58c8-44b9-a30c-272749333b43, 3919 
19724 0f3faa70-32a8-4220-836f-b24dac99b964, 8505 
189754 2cdd78f5-71df-49d4-ac96-70336fb47e1d, 8505 
3072 eec02c4e-c03c-4827-aa36-84695884063d, 3919 
177808 5ac9d89b-47e2-42e1-83d0-224ccd2361a7, 8505 
237403 84535911-4ba1-43c3-8ce7-764e2b6e7255, 8505 
117339 28c83e7a-3454-40b0-83a3-52e356e911f1, 3919 
209424 f1037ec0-e92e-4f40-89ca-d2405509167f, 3919 
258474 75fb4623-9215-4420-9ab8-4439f3cf554e, 3919 
45779 dea1ca83-ee1e-46ef-b326-6961461bdb4a, 3919 
44177 6217c7a3-9109-42e5-b27d-a7c675b411d6, 3919 
320552 8e4712fa-9fde-45a9-9fcf-df6fe23b845e, 3919 
388417 1f071229-b006-4bad-94b1-f7c8003b5f12, 3919 
17336 fc349335-1178-4c70-8d0a-932a50dded98, 8505 
90872 bbaa6e85-7b88-47f7-882c-9d2befdcad3b, 3919 
213979 2bb034f0-e15a-48d8-a61c-e929b8b33291, 8505 
143420 f6ece66a-1af0-4d93-8e96-ff24bfaf5bab, 3919 
59024 de79baf7-dc8b-4768-a6a9-326dc7a8539e, 8505 
334262 14b4013c-6958-4716-b2ec-7798baed3ac3, 3919 
49567 fbff5645-a967-4083-8b47-5bc89157a450, 3919 
355306 244f743b-2699-4b15-b34a-5564de40f62e, 8505 
335188 802c8098-d3a7-45a1-8783-6c108e3813dd, 3919 
174653 850e261f-1f3a-46d2-bf34-c7c748997b3b, 8505 
132621 ff18a105-d951-4cf9-8d4a-1e046c0356a1, 3919 
83649 871963cb-70ab-4261-ab33-1f21c69cebb2, 3919 
399298 3e2ff7de-efe4-475b-a9e2-5d925a3ee7be, 3919 
384459 b9f25190-e8f1-4a2e-989c-51daa170f041, 3919 
154584 0a07c355-cdb1-43f4-8839-53a3ca6db07e, 3919 
376928 4ee10577-2a59-47ea-9421-251ff55e292a, 3919 
237465 69b44e1d-a7d3-4faa-babf-9118a0e430a9, 3919 
183936 a08f50dc-6298-4467-b031-175317e48035, 8505 
2390 d8e55126-3b72-4273-b2c0-fc1762d61be4, 3919 
27158 85379651-9420-412e-a41b-ef3a7ffb7623, 3919 
122327 a6b6746a-4642-4084-b423-c38e7a9ede6a, 8505 
59369 7e9f7bcb-6c90-479d-91b4-1bee88a865e9, 3919 
62209 695751b4-8c0d-429f-90a0-654db61c3fee, 3919 
190589 132e5f4c-db29-4899-a443-bf533de6acb3, 8505 
2417 a767ab02-793a-426f-a371-09e39df5e1db, 8505 
253661 189ddcf7-b0c9-49d5-8dc0-70a29aad3908, 3919 
333439 f4f9723f-2304-4051-9dad-b1ca46258005, 3919 
62254 074792d2-5170-4d2c-a39b-4fada6e2481d, 8505 
262211 abb84559-dc40-43a4-b7e9-d8b3487303f7, 8505 
379313 69b441ce-b786-475c-8152-1d7f281607b5, 8505 
144603 794f57f9-774e-401f-8ad4-19f92d6cbea0, 3919 
156717 b710f2d7-9ab8-40c9-948c-61e43fa801b9, 3919 
341478 8cd1e432-1d05-43ac-9101-89b50de630d5, 8505 
20105 54c35749-1013-46cc-8d32-371c586da237, 3919 
163078 2109c61c-faf8-43d9-bdfd-e3bfb19edcbe, 3919 
14088 13477efb-5c5f-4f54-a802-af95f15bc6a0, 8505 
200582 53a49914-b30c-4f64-8cca-368444d81f7f, 8505 
122306 07a9393e-2571-4487-a142-b6437334d2b0, 3919 
9125 a49245f2-0d8e-4235-acdb-c043dc8d75c7, 3919 
394218 90c20abd-aa1b-4c0a-982a-989fc79309f3, 3919 
228471 4257b105-fdbc-45ee-ad11-f061e1e55d23, 3919 
265601 6c653005-ef2c-4cd4-9a9a-e83bde610ec8, 8505 
234868 606e4504-b289-4979-ba1f-05ff321ff272, 3919 
76521 afb09e81-f7ad-492e-85cb-f30a96a531d1, 3919 
62469 0ce1b43c-5c7c-4e86-92ba-177c92cafe38, 8505 
358340 a1daa6db-833a-4d19-876e-3222ce939682, 8505 
352286 d4a49918-0265-42de-99c0-c548219a29df, 3919 
146293 d21f28c3-e9c5-46fe-ad5f-40a0f43277af, 3919 
344097 59dea113-3ab0-4247-91cd-b0c7a9c4d7c3, 3919 
164346 d7614b59-85a9-45d6-b155-3edfa4f44248, 3919 
374219 02154f63-af07-419e-947c-4268b496d54e, 8505 
39900 a0b3031f-504a-4ed5-99b2-4278a6b191c5, 8505 
148120 5a9ed600-506f-4a92-9718-2426f452cd6b, 3919 
58687 6c68beb5-5212-4b16-8bcb-447e40b10ce2, 3919 
53567 5c8d2f3d-b338-421a-9602-1e3172b0576e, 3919 
380228 c51948cf-be54-4783-b910-b0958331a459, 3919 
233888 477ffe3f-140a-42eb-994d-28650956fb5e, 8505 
270813 82e31004-febc-4e8a-93df-a3375f0daeeb, 3919 
211314 bb8dc04a-6822-437c-a00a-e934e485b0cc, 3919 
228834 65b8043b-ed0d-4940-a773-7e6ea9ed96bf, 8505 
254778 d68bb838-bbf6-4291-9ebd-798585c074f4, 3919 
71839 bdf2b693-b781-48d3-9d2c-afd62013c69c, 8505 
202285 eb906c84-734d-4fb5-84ff-d52089469250, 3919 
356100 8850ff6e-54b2-4b18-a640-88e2c45b8788, 3919 
49803 961a974b-813a-4cb9-8e09-10feb211e8ff, 8505 
399742 a4a6b448-01cd-4415-a16b-6e3fbfadabd7, 3919 
241226 9186bb87-5b7e-4a84-aef8-2ee80b564ed1, 8505 
4658 b122dbd0-94df-4bed-b47a-5891baf5d3bf, 3919 
278108 b6c61816-d4cf-42cb-87ee-f2f9a784eb4d, 8505 
337302 1761ec62-75ac-4980-ad6f-cda9a613ed96, 3919 
227962 8ba8058c-0284-48ba-9b40-1f65ca23f175, 8505 
260241 f9e8a0a3-bd6c-4bb4-9752-f3a1ca297873, 3919 
214047 ba3c6bc8-9484-4827-a32e-fcb32acbf0b3, 3919 
272097 7f87aba9-5b29-40d0-b512-3f049b7f268e, 3919 
59995 d901c904-4eeb-4439-a0df-0e8be12d81ba, 3919 
254489 797c56ca-61da-43e1-9085-2104cbf473f0, 8505 
352614 066c628c-a799-41a8-bf10-4af8a7ca9412, 8505 
399117 a46bd79a-c048-4ab3-a63f-b49679db058d, 3919 
366645 0391445a-4642-4feb-8d75-9a0d455021d9, 3919 
227863 c5aaf544-801e-4da5-be4d-81aeb213a46e, 8505 
115786 095f4699-ad37-4cc2-8b8c-e26dbaa8138f, 3919 
297470 965fe3c1-2325-43fe-87bb-d2f34ac367dd, 3919 
255101 cef36ffc-a33a-4cb4-b6f5-db01516665b4, 8505 
282944 71715d06-6f5b-450d-be59-198c42bcf20a, 3919 
379179 8a4e0bc7-1dbd-45ed-ba91-ed265c76cf08, 3919 
64293 3efb81c8-7a17-4cfb-9afa-487d82a419f3, 3919 
132006 fe8938d4-0259-42f7-a616-08e9b789ff6d, 3919 
92698 1c103fe7-a2ea-4056-9fbc-64ad105bd632, 8505 
67364 07075b22-5c61-48a3-a8c5-541e8508bfcd, 8505 
306552 d9a60820-290b-4300-9fe1-91f73f08a29a, 8505 
322688 508f98f4-fee9-4e13-bb5f-3c2527715fd1, 8505 
379139 5032d487-4af5-41c1-aaa1-5111885f14ee, 3919 
343560 4a204511-87f3-4b9e-9518-091d5b427919, 3919 
251088 df58e1cf-db28-4313-afb8-2e03e492ec9e, 8505 
72197 a413d9af-fde5-4e58-a719-acc3c975a201, 3919 
51333 6bdb135e-d35d-491d-bb31-d615736c5c61, 3919 
271079 516e6ccd-4ed8-4ceb-92d1-ca98b7186e28, 8505 
335988 2fea13cc-e543-4f37-8d4f-8fab00b0d235, 8505 
132319 8b554551-dcd9-44fe-980b-d2c5573bc8da, 3919 
138130 dac8122b-e596-4994-8cdc-263f67189347, 3919 
119781 aa2623a1-480d-42d5-8ee6-e4cf24308ebd, 8505 
141514 723f5eb6-afc4-4924-92ad-1ab33aadb5ce, 3919 
164435 b8596746-10ed-4e45-81da-b2d177bde39f, 3919 
257577 c04a2784-4ddc-41a5-a6bc-cc0dcae669a0, 8505 
142381 39d2599c-baa8-4526-bbbd-209047728d72, 8505 
108086 9b44f792-6666-4a65-9cc7-9baae04f0696, 8505 
21953 14369f03-9688-4cec-81fb-48018c346ff8, 8505 
152725 0e352568-cae2-4627-b3d1-12fad2bf71b2, 3919 
399050 4445c2cc-db66-4130-ae15-eccbed60e66a, 3919 
163594 b62bff3d-0a5d-49c6-9fa4-f208b2b079bb, 8505 
133390 a07d151d-80c8-4822-b45e-258f95308daf, 3919 
377314 69b31692-68d6-4af5-83a8-b6eb681e7a59, 8505 
251010 012f562d-4fc0-4a1e-bd7e-2a9e9eaa246c, 3919 
245238 4598c2b9-0f3b-4ea9-bcd0-1f9d08473cc6, 3919 
175136 86b7bdf2-83a3-445a-9673-ce066a5be407, 3919 
314168 339562b0-508e-4978-86c5-5e011df320e6, 8505 
399332 5dcf4ffb-11e4-424d-9730-e523cc75c0fd, 8505 
171444 20b5ac49-d5d1-4535-8355-182a314b53d3, 3919 
45461 3fe4b57e-e1af-46f9-b838-799e84e4e603, 8505 
66036 d725a190-4070-4129-bed4-28028cac9b3f, 3919 
113384 155f9554-0696-4fbb-b167-8c004d64b92f, 8505 
57759 8597677d-3cee-4048-bca4-fa46bd9f467c, 3919 
68783 e38bf661-9329-4146-a60f-8b744db360ad, 3919 
356207 8abdbaa3-1845-4bbb-8b76-6130fd9796ef, 8505 
183944 e1f2b29e-8b88-4ac7-9675-7a9d7c254c73, 8505 
382920 178a930f-ffb3-4118-b922-28286bf1f82f, 3919 
1783 4161b279-e724-490b-ab55-9e72a7b65d91, 3919 
326420 01282b80-941d-4de8-8a72-7c2c83abc168, 8505 
273396 5140b326-e9fd-4d27-a125-b9b9f4aa8881, 8505 
321089 9556200d-40b0-4cb4-b885-e97827dc20c0, 3919 
116116 991953db-eeba-4402-bbaa-caf8b614cf35, 8505 
8309 a6531236-f16d-461c-9bff-0fa142e8194c, 3919 
85947 53871391-7b32-4529-86e5-9a9e128c6ca8, 3919 
327344 61a9a14a-796e-4454-ba1f-dad360eda513, 3919 
357174 eaacbdaa-c640-41ad-a0eb-e23b59077791, 8505 
37994 21a885ab-b49f-466a-b980-b052f5284ce5, 3919 
176583 2cdd9f82-bbd8-4c86-964a-e6057bb2d61c, 8505 
132687 0aa08a95-a2f2-44a7-95c0-be59bd5067a1, 8505 
34212 401d5c48-bdff-43b7-b743-b03430bec672, 3919 
364254 71909ee5-ba8f-4c76-9a41-91fbe9c7e279, 8505 
4590 d86d7de4-e3a0-4261-b3cc-64fac0c2c865, 8505 
43387 243c8c93-5c64-4c21-b491-b94bc73166ce, 3919 
93423 31ad0dc6-f25d-4956-8919-6b16780f8545, 3919 
54225 6a7a4464-f378-4f13-be58-6208de08cecd, 8505 
139884 fcd28005-01d9-4feb-8724-287c44b13fb9, 3919 
244782 38730fa2-29d3-4bf0-9e5f-554898fe281f, 3919 
201174 27428175-34ec-4d62-87ce-5b991001510f, 8505 
186844 4de6b497-136a-4343-87c0-5d95841725e5, 3919 
388866 b7d1e482-effb-4580-b578-556fae94e6cc, 3919 
388759 bf2ffbfd-d881-4db9-96e4-75ee97ed9945, 8505 
69809 b726586e-03a9-4b30-8daa-45ab2eb217a0, 3919 
385920 28cda74f-7388-4a13-bf63-e6e0d5d6347d, 8505 
268964 4d5f6fd3-84a0-4e73-8fbd-17b47d9eedb1, 8505 
14518 70e0aac1-f10b-435e-8ee2-aad8d1963ea6, 3919 
279570 df871c82-6601-47cb-8697-89c25c92c9c8, 3919 
338030 12b6526a-b702-468d-8541-25801b7c0a0f, 3919 
367756 b7441f1e-154b-4e3e-87c6-6da9ddc03bd2, 8505 
394963 d1031bd8-8439-4ed0-8fb4-c2b3c9f5a131, 3919 
289560 37c5aa38-e9d0-47f0-bc99-5c9f2b149bb5, 3919 
88190 37eb4219-3c94-4f91-918a-6714b8cf54f5, 3919 
102569 305cae61-226d-47fd-9d93-5bebeaa9dfb5, 3919 
341656 102294ea-9b4b-4c40-a496-65f5894a0c89, 3919 
367226 88ea5492-0cf0-4499-b9a9-60e45760f127, 8505 
221656 a1cc8644-867a-4d17-8c79-f2a63052e220, 3919 
5411 c07324a9-ce76-4cf6-b842-128cadf827b2, 3919 
326642 7a6208a6-76b9-457a-9cae-64dfcb65d8ea, 3919 
279759 ae726e20-1a7a-48f7-83e7-12cefda4bd18, 3919 
340198 502dc583-9a1c-4107-8b9e-9c1c95d5dc04, 8505 
209251 3acb7dd8-8c61-4785-9afa-8e6842f6d850, 3919 
263328 4cfb550f-9d3a-4c26-bae9-e746dd0efc7f, 3919 
202394 73764a6a-3266-4815-b443-df8b91101e76, 8505 
179584 6f994d82-f1bd-4b9a-8a45-9f97906db5d4, 3919 
152432 d8c6ce04-3b02-41f4-b3b0-7d9ae30d0153, 3919 
222956 be62dd4a-3b65-4fa6-9d6b-db7645e38cd0, 8505 
234127 d3658661-1504-43ef-8012-49e1b5db25ad, 8505 
113974 fe5bc8cf-54f0-49f3-a302-dd6d37fdc0d2, 8505 
64112 3f23f32f-e2a4-4fbd-807c-880a1a5f8240, 3919 
400632 26a2cdb9-8d6f-4b4e-aede-d2bfab79fbc4, 3919 
357289 57b8e530-53f1-45ad-bb8d-807d2a732f9f, 8505 
247197 4d370e2d-4479-450e-a603-7721c9daab8d, 8505 
277795 e09d8f11-17e9-46fd-bdd3-3c168821e498, 8505 
45993 69bdf597-3285-4226-be91-d3a66bffc438, 3919 
378482 77715357-decb-44ae-a602-2bfd3cc074cc, 3919 
170069 a2c4ca30-1444-46f6-8144-21ca5e3cc722, 3919 
345260 c739e61e-765d-4757-95bc-92dc76603065, 8505 
193884 01e773ea-7b7c-4ac2-b71b-979a6a2c2308, 3919 
26797 1d34c6ec-b420-42a2-b48d-3fdf0ffa84ad, 8505 
136146 406f1c1b-c204-4c58-9018-45877e4eaa71, 8505 
111406 5eb1f241-2a42-4b02-a6bc-b968482443ee, 8505 
321497 dcfbedb3-0f61-43a1-add9-b06852d323db, 8505 
4361 43586a0d-4db6-4ffe-af23-66c272761928, 3919 
294661 4002d86d-613f-4dd7-99f0-924879cce8a7, 3919 
364612 341ffdb5-3ed7-4fdf-b2a1-103fe99ab7d0, 3919 
298916 b1a5ea2b-2c08-4a2b-90a0-d1e1a77bbedd, 3919 
42662 7fbcc527-b7e2-4a60-b5b1-4446c3caff4d, 8505 
250835 bbedcb28-b1b6-4988-9b82-fe76e5f4fdc2, 3919 
368487 038c972f-645c-47ab-9c79-2dbe19e6402f, 8505 
67788 bedab714-7f22-4e83-8339-8cad9960af4a, 3919 
292699 0b6cfa90-e9ef-49fa-be6d-6264a576fab0, 3919 
62563 eb379751-fc02-467f-965a-65ed128fc45a, 8505 
161458 bb2096fb-afae-4709-94da-f3b6535a78a3, 8505 
144437 6b17f49c-223d-4dce-8bca-84cbecbea845, 3919 
350933 fbfe6925-be25-4e57-82c5-142d907af3b8, 8505 
347767 b533cb73-ad80-4ecc-b396-4a360d628868, 3919 
106904 d5c7e88b-d9f0-4da4-9c76-c1bfdcf008f2, 3919 
31174 b80d7c3d-8c08-41d1-8ab6-329b6aebfad3, 3919 
18004 aa445a4d-e328-4b2e-9296-995ceb98a6ca, 3919 
385963 71d47d31-dd7c-4feb-89e0-194c93cbaa0e, 8505 
169179 30365cee-7ee6-4124-89b5-a9c306475147, 3919 
11577 c724fb31-2105-4353-a7f7-cb7e841dedce, 8505 
247006 b755de34-d867-4d17-8c31-ac45be3c1b7a, 3919 
257007 d9c4bb0a-e0f2-4cd5-813f-d717788a2a0f, 3919 
171048 19436991-caf8-4fa8-a082-e7b87e5060fd, 3919 
286209 c4caa87c-f3e5-4d43-93fb-8075a1757824, 8505 
132880 f06c2027-40f3-4821-8924-9582fa010c0f, 3919 
31441 32eecbd4-093d-455e-b240-c6b1079b27f0, 8505 
392271 27fef6e6-521c-4bd0-889b-eb07b1ebc506, 3919 
127922 6d554538-d917-4cf5-aff1-4d27734e666a, 3919 
207268 2c62dd9e-b5b4-4c45-a65b-55886dc3a86e, 3919 
159768 00a43bed-486c-4ef1-a0a4-3b86ce4d6a38, 8505 
315119 972e0ecb-298e-4a24-9c85-ed6751c556b2, 3919 
250278 89cd7283-864a-4107-9604-2f7e2d9cc059, 8505 
159766 ee87c764-6bce-4fe8-9110-043dba819c9d, 3919 
35463 81fc5168-95b7-4ecd-8a7b-5f80733ee075, 3919 
20892 262a62d0-6e81-4dc2-bd24-f78fddd12d31, 3919 
130420 83ec212a-bcc8-47e9-b6e7-3a7464e08475, 8505 
207953 9a93a4e7-56d9-4e20-b0a9-2b9d2479de2a, 3919 
243422 7b18a81f-b7e9-4b54-b1e8-237a1142df4d, 8505 
234818 a25992b3-e2fc-4c40-b24b-72a0899316a8, 8505 
209254 04c696e6-f35a-4502-856a-213ac4fd2396, 8505 
30022 d327883e-788b-4787-85f3-2a963b295e18, 3919 
337425 d666b21a-076a-4e95-8e59-d9e36d3293c4, 8505 
126193 1be6b8c5-e330-47ac-b23a-e1b4ea507941, 3919 
243661 0d9546e2-ec01-4432-afe4-b8ee94d14163, 3919 
356099 6af698c3-29ff-4f6c-ba1d-e216724cf127, 8505 
39221 c1862eb7-942e-45c7-be50-b7eea965bfc8, 8505 
276004 5abd093a-98aa-4924-9f92-c0fab4410a73, 8505 
68554 e29f712f-d3e1-46a0-bce8-7c79ed3224f1, 8505 
343348 a2b24715-9806-460e-b94d-cc5db1017cc3, 3919 
98438 42c85a9b-ed33-4bf6-bb46-cdcee608b977, 3919 
277723 e7831beb-2032-476f-9947-7bff6a51745f, 3919 
165725 9b9a8422-3f5a-4d11-8cd7-7a5fffaa454e, 3919 
361632 435e4694-3941-476c-8380-f2c87262884c, 3919 
32241 6518637c-54db-4490-9e33-7833ac76e8a5, 3919 
97196 a3fb6ecf-3396-4945-8f69-cad55b0dff1c, 3919 
395386 a48ac132-cdd3-4fdd-a8b7-4fd71fbf6679, 8505 
307799 b808ca81-2f99-42c7-9414-9e6ca255a160, 8505 
154509 96d8ff37-79f6-4452-9780-67b9cf5c8131, 8505 
43838 31face8a-9459-4133-95f7-51f6ff6bf7ce, 8505 
279794 c072bc7f-b9d1-4483-a313-8f3442a748c2, 3919 
63182 7ba5040a-d993-424d-ae39-e0c944d81206, 8505 
52003 c08210a7-9cba-46c3-9cef-ddab125bc4e3, 8505 
69847 66678366-a5ce-4917-be2a-48cd700236d2, 3919 
114532 ee272399-b919-4983-aff7-236985f4f0b5, 3919 
353294 92965707-ba02-45d5-8bbb-b9ad53ea6d92, 3919 
245924 03a83034-2eff-4402-ab69-54e0c05a65bc, 8505 
390819 51be1c05-318e-4191-9199-13c30deda6da, 3919 
42584 5805ce43-10b5-40ae-9da6-728008b142b0, 3919 
259262 120e89ba-2a05-4b9c-bb08-468d0876b981, 3919 
123264 25f76c7e-431d-43bb-863f-a0bd0c561732, 3919 
339615 3e40ddad-d967-4682-a69f-5cc63e058b19, 3919 
268945 8ad00e5e-1de1-4fe1-ae1f-79e281fc13ae, 3919 
39660 c76ff51b-40bb-45e3-b6d8-fa684c09832a, 8505 
265826 4db66444-9628-4ee5-989e-87719f8f685f, 8505 
121085 6bbffc47-8fb7-4cbe-a561-81c86a45e3b1, 8505 
366287 1564917c-601d-4ef8-8aba-8173f79abd91, 8505 
118529 da45d4cf-0158-4ecb-9345-7a3d8387e9bc, 3919 
325924 af0b0b78-3e43-482e-b4f3-af967ef1665b, 3919 
266782 3266bef6-289a-4e5b-9083-ee71ccddc5dd, 8505 
366167 cdd29f7f-003e-4a88-8b52-af28015d336d, 3919 
391700 a5f8280f-f5b6-4796-81e2-3f3056e3f39e, 3919 
336682 70f344ff-5083-4aaf-ad08-7fe24682b8cf, 3919 
123587 4e2bd4bb-2a75-40ee-a471-aeb8e440994e, 3919 
302583 f29175c5-d28e-4e30-bc16-7f5f35ecb332, 8505 
388553 5aea47ed-4e12-4317-beba-def2f6389f37, 8505 
68998 a95965bd-929d-423c-b6b3-d13e2af13dcb, 8505 
14084 ee91ee0a-acd8-450c-ae72-7cb18a280b68, 3919 
71299 b3589ebf-391e-48cd-b843-3e1cfa75049e, 3919 
84144 29551586-57ca-4f9a-8a9b-7a1dceec01dd, 8505 
180612 9f96e0fe-7a52-4778-a981-35cc9882cfc7, 8505 
62193 45581026-6f34-4969-b181-7e241ee7c834, 3919 
376486 eb1dbd5e-5bee-4b83-a0ea-406fe3984038, 8505 
220756 97c5d121-b206-45de-ad90-b37799ee3401, 8505 
211785 497a0298-8f31-4a88-b62b-75f2ec83f486, 3919 
348512 d5120342-45b9-445f-9344-2611709ca404, 8505 
308032 5f33fc40-a9e0-4d65-908f-7e1d58ab90be, 8505 
330582 9cf7e05d-1556-450d-8494-873be4dc7aff, 3919 
122659 8afafa06-d841-4e55-a823-e5563b74835f, 8505 
386432 efa7be0b-c95c-45e9-869b-792bf9d38de6, 3919 
399634 3558a5d4-ccc6-450a-bf17-55e279b2cd25, 3919 
291913 d3672ccc-781f-4d61-af2a-c25aaf3edf89, 3919 
19338 6ee872de-8025-4283-bc26-023087aa31c3, 8505 
98378 72eeb6d1-a8db-4e30-bb2a-990946d94fcb, 3919 
26322 92a88425-feff-402b-9cd5-92fd9eb7ada4, 3919 
235943 fb132b03-f98d-47ce-b080-fb44e66076cf, 3919 
24248 79afd76e-18c1-4f28-8d90-e598250c99f7, 8505 
319643 64bcaec1-687b-4dfd-9d39-33fbbcec76b5, 3919 
163695 c2a6fe42-ddd0-4fed-8186-9cead81134c9, 3919 
17713 7d103fc1-f2e5-4a8d-9511-8c8ebd6ff481, 8505 
192771 5c066aa3-fa3a-45d0-97e6-096c189824b5, 8505 
207647 7c7563df-8eab-428a-bfc3-cc574364ec8a, 3919 
329353 0167beea-51a6-4c8a-ba64-be3eeacdeb3f, 8505 
28330 acba4875-5143-4d05-b5f6-6c2c6bbf4a33, 3919 
186999 123612e3-5c98-4d87-8aba-dc3b97027f50, 3919 
207180 145d3f96-8a22-4724-917e-6d0b7e44c549, 8505 
158786 1db9be6e-d140-4805-9648-7b3242fc9034, 3919 
204983 c009a803-aefb-48a6-b439-9241d341a555, 8505 
194000 3a26128c-9021-43c7-b913-a9318988879d, 3919 
26134 6449127e-c912-4756-a90d-31d0af047f81, 3919 
331661 9f8fd3c7-d267-4958-b08b-e04dc321b91a, 3919 
285235 e501d0b6-e8cd-416e-897f-23ef6f399455, 3919 
357222 0b3f6a53-17a8-4e8e-a029-c9337feafa30, 3919 
281207 f26643b2-4a5d-40f0-8588-4afb3513c80c, 3919 
31020 4bf1367d-d97d-4783-946b-2070c7e9483a, 3919 
16940 949db03c-501e-4d5f-aa0e-711be4c3b700, 3919 
23455 10924018-03e1-4241-a0e9-b78eee3e59dd, 3919 
70583 140c8414-5e0f-46a0-9586-e414730c68fa, 3919 
208146 d96f4d90-f014-4a78-89b3-e71272bc00e3, 3919 
81468 ef30ab83-dfe1-4b20-a58b-e4859ea19456, 8505 
252921 279ff2cc-250e-41ba-8ad3-b749e3453a41, 8505 
59051 63104bf3-899e-4411-85fd-754872201694, 8505 
251429 a327acf3-f080-467c-bf7d-8a13ce1cc808, 3919 
389498 ff896ff2-b40f-4c62-a2ff-d361d50804c8, 8505 
221636 bfcd3eec-3755-4a46-a1ca-a5911479ff03, 8505 
122654 2ab64d50-cadb-4f37-94cb-1d67e594a48a, 8505 
265757 437388ed-a68b-457b-a10f-85902dc6c398, 3919 
219153 9f7bbb6c-baa4-4019-a9d5-caa00cb9d954, 3919 
286696 41da272f-8952-49f4-bfc0-ec7e260d42bb, 8505 
368408 58d27604-6b44-4d66-85a3-f56f2d8cffda, 3919 
133421 9cc0268d-6c5a-4b5b-8e18-4046d0f92433, 3919 
379983 3d76c67d-5cc5-4683-8746-08d468c68e17, 8505 
174757 83a42fca-7c4d-4157-8184-4f8acea589a6, 3919 
245815 7f1e8e43-431e-4a27-b5da-a054d1de70fd, 3919 
314960 bb28451b-b98f-4c23-aad5-3503d2b9b290, 3919 
46135 3d5398a6-afd4-4ca0-96c9-6bdf3af4ad44, 3919 
307182 1cde0ec7-1781-4e72-8602-dfc93cde31a1, 3919 
214493 5f0aa7c0-2518-4140-b3ac-ac0bbcb8f651, 8505 
351144 5c98fbf8-5821-4474-a508-d663731176b6, 3919 
66784 ccdc6308-ab57-42e6-9d98-05ad59a88185, 8505 
147271 9b98afd9-03ca-4864-879a-3fe7ebf3ec0b, 3919 
276343 441fb8e6-499d-41bb-83d8-d6fbf13ef1e9, 8505 
184249 853a1f8b-d9ce-4b55-9bc6-ddcb06d953cb, 3919 
1462 b93df330-c15b-46a0-a642-7b44a04e520b, 8505 
402823 a7545b98-ad34-4190-838f-f79a70c5c51b, 3919 
311522 0aed9080-1afb-40c5-915e-ae37c2b2285e, 3919 
293415 fc0187d0-99b5-491a-b1a1-a978525c6474, 3919 
24225 7481db30-74e0-4d58-b1f2-7d4d5df7cb2b, 8505 
301869 2064a9d0-f3ad-43e0-bd3a-d5ab00b731f6, 8505 
335773 ea851e9f-3a34-45ec-8293-8eab99b17caf, 8505 
100999 12d35c4f-4dcf-4e41-8493-b152ea0185a7, 3919 
173880 8347eeaa-6dd9-403c-afac-b88ea03846c7, 8505 
77345 0ccd1381-d29e-42b8-9f3e-b319da1d05e1, 8505 
222425 ec26a5d2-0da8-442c-ad0f-f7827f66c7c9, 3919 
172789 88ee1daa-aac6-4abf-ae88-ede867634b96, 3919 
83305 f12a8572-588b-45f0-a773-74dc05f9deee, 8505 
245054 32b1188b-babf-45ad-8e7f-137de598c30e, 3919 
291596 cc1dd57a-b30b-4042-ad3d-f1a112041f77, 3919 
32318 713ad3ea-b626-4365-95a9-0f393f97c75f, 8505 
278243 1111c5e5-5f14-42e0-9a3d-b9460a035021, 8505 
300294 71c50ae3-766b-4f42-97eb-c8f894c7eb26, 3919 
205973 073a184a-75b4-434f-b1bd-38ee845e94e0, 3919 
256888 2f03145e-f0b4-4db3-bd31-1db6dd713429, 3919 
67583 c290a33c-1b00-4694-a64a-4910ca7be468, 3919 
328408 e59607e3-3f86-44a1-8f62-5891d6fc555b, 3919 
353557 eadecb3e-76cf-4c5e-b729-01a0f26bdada, 8505 
179176 04846430-63d2-45b1-b0fc-fdddfd9945f5, 8505 
32604 b22e99cc-bd62-4016-b56c-26ee72c5561d, 8505 
160232 01e64d4e-78ee-40b5-a9a6-70ad67c06fc9, 3919 
237685 9a894a02-691b-4e4b-9480-3ad409071faf, 8505 
198822 6bc5d954-c211-4baf-b3a7-35d41073ac09, 3919 
249758 3bfb9fce-c300-458a-8cfa-4dce40dafee5, 8505 
83414 047022bf-d307-425a-b518-118bb2cdc5e0, 8505 
275125 70f92763-bcb9-4279-a18d-6e653a3c487d, 3919 
50775 f5f7ae6f-44ec-4c52-ae3a-fe06c42e66e1, 3919 
210479 4d61340f-f5f9-417d-b46a-baf3095ea5d0, 8505 
229649 c1e18e93-6e6e-45a6-928d-adbcea7d7cb7, 8505 
149547 1708c6a8-803d-4f74-9bbd-2f2cde1fce38, 8505 
219306 edab65bc-f40f-4f05-b572-0e0d5c5db96d, 8505 
296482 b8662245-cacd-45cc-b9b9-ba978dbafaad, 3919 
239672 c78be269-6603-4167-8525-194ac6141423, 3919 
363926 a0069102-f0f0-4342-8909-a407165d7eb2, 8505 
143512 458267ab-b692-4208-bdf1-5d20e6d8b1f2, 3919 
248882 d192a260-0219-42ea-ba0e-decb14fa201d, 8505 
51739 ffc3c474-d712-4683-8136-28e1439db9e1, 8505 
223351 ddcb1890-c774-4533-a611-d0776316e950, 3919 
399449 a02c1fe6-148d-43ee-ad33-d87e780deda6, 8505 
385803 8b86828b-8d07-47c5-b35c-0736a19d9631, 3919 
338459 a6a2c868-082b-4fb3-a172-2c2c5b46c2e6, 3919 
280234 9d600e6b-e299-41eb-bbb6-bdb3a4676418, 3919 
309299 10a42122-5740-4355-88a3-c27d1b5f5894, 3919 
7147 0e7c4572-8a85-49b4-b2fe-c49dbd874357, 3919 
313616 49410def-4485-4a59-9624-3609dc6292cf, 3919 
200594 917cd557-bb3e-4ec6-8eaf-73599cc9239d, 8505 
174534 072b08e5-08a5-4807-b965-7e482d646afe, 3919 
386940 d4f29925-6613-4e9a-a49f-a7d105a0a9e0, 8505 
51019 87b3b3b2-edb3-4571-9a0a-ac1416b555b5, 8505 
212982 2183e4f7-0313-4867-9d4d-bea1bac3b78f, 8505 
340539 ae16f390-30b5-4a9d-8203-aa6159f544fe, 3919 
359659 e39823da-1eb5-4a12-b45d-49e51123f34b, 3919 
144510 cdc6d48a-cffb-4b82-aaca-2ec24b8ed4ca, 8505 
202281 d40f44d9-8b25-4fc5-889c-907f9cbe0443, 8505 
354 c2be3945-2d78-4482-b860-2a7b30c89dfb, 3919 
139788 9e3baa79-84f6-483a-99eb-e4e1741c4d02, 3919 
367601 d37ee501-56be-42c9-b91e-faee2f77049d, 8505 
257378 d69eee56-cc03-4079-8a72-6617b94ff0ac, 3919 
379580 2c2c6c1d-63dc-422e-a8e3-caace0d1ddcc, 3919 
278965 e6e672ef-2098-4fd0-8fa8-ad5696b0d615, 3919 
305281 277ad0eb-5d1a-429f-8673-787cbc85c2ed, 8505 
327146 e87f9900-3893-4b97-893b-ac006b14b149, 8505 
153038 2b5a121a-c72f-41c8-8814-b048f1dd706b, 3919 
400814 8df232e0-edf0-456f-b02e-65f27c5bfe75, 3919 
106811 6e6ea5ca-111d-4b32-a587-d5f54a17c0f3, 8505 
166744 00e6ff13-f7d0-4c1b-99d3-b41a0cc4fb37, 3919 
205880 e5af8c1d-56b6-4151-88fe-05736fd91513, 3919 
203129 e16183b6-a7c1-440a-a073-477403a3d853, 3919 
75040 c894b810-449c-43f9-a236-7667901125c6, 8505 
126549 b12ec613-932f-4d42-ba77-40e538e4299f, 3919 
338400 36635855-4765-436f-94c0-5671be27f4b1, 8505 
30347 105aa569-06c1-4dd3-abf2-4188e2e9a761, 3919 
247449 69a4b781-302f-4a86-a6df-e1fd3a1106dd, 3919 
255273 21f3e18e-a720-410e-9dd2-8daaa048c713, 8505 
378771 fded4952-eff4-4a51-99b6-79626fb5b37f, 3919 
399874 537228f7-d552-4b33-83a9-941b1e6da33e, 3919 
328912 02fadba2-03aa-4446-a440-5b1014d57530, 3919 
252403 caa2f723-849f-470a-9012-b13ce5317fe6, 3919 
232569 4f465c78-004e-4c57-85e3-2ddac473a94b, 3919 
208965 255225fe-6aa4-477b-a32b-77b1c7b0191b, 8505 
390977 74d1bc58-d9c3-4a27-a219-771777348f65, 8505 
284830 bd01eabc-b573-4d59-8c1b-e2d4c416af7a, 8505 
347194 9ec0ca9f-721f-4704-851c-eba61e0b0a01, 3919 
189714 81681745-e08f-4060-887d-68ea6a3301d3, 3919 
257350 e2adfffe-a184-4d88-bce6-453b4fba53d8, 8505 
201305 2136523c-c2d1-49bb-ba97-b0a7a5e6edaa, 3919 
101793 3ae577c4-16eb-497a-87c7-6e09d92dfd28, 3919 
178024 cceaebf3-1c17-421f-b7f2-f576077ca6ce, 8505 
118479 ac399bfb-6096-49f8-9073-2efc14da85c2, 3919 
104158 dbbe3feb-f738-4564-89c1-66278db857f5, 3919 
148122 a90ca5ae-081a-4779-8d52-2aa142e18711, 8505 
167 2f4e0b8e-30a5-4bec-9f27-d77ad6120f23, 3919 
288187 98d4bc45-2630-4fcd-956b-d6c695eca026, 8505 
175047 7fe58984-0c1b-4833-abea-678e8849d5e7, 3919 
202246 9bd8be2a-3b23-4b45-8d13-3812d6e8d80e, 3919 
118639 141b7a33-8928-4cbe-a5ff-dad19eef55d7, 3919 
207676 cdad0167-39ec-418b-ac36-ecc5a683de1b, 3919 
232473 b7f875e9-202e-42f1-8e8f-cfcc62051361, 8505 
375504 8e8472b5-6718-4ac2-b388-7170d9ee5d83, 8505 
121304 75dc3c5c-4b07-48ba-937f-c643372a98b4, 3919 
36754 c3232a2a-71f5-4e2e-8df4-4482d650b67c, 8505 
385535 6b2819b9-8d47-4a44-9944-0158f6eb471a, 3919 
219618 4b37dccc-b0b3-41dd-b0ba-9d12ccafe6d3, 3919 
63112 d2316872-22ff-4be5-8607-a6079692f6bd, 3919 
20764 9edde8ac-3a06-4e6a-a4e7-4221b531fb48, 3919 
74888 8e972f52-8f6f-4d08-8dbc-3926b1446737, 8505 
342390 42a89d71-4725-4040-b8b7-f4845b8d895d, 3919 
343262 f354ba71-eb79-4d0c-91ab-c619f51e2bbb, 8505 
297878 09808f82-99a3-4512-bc8f-083e0a949507, 8505 
356397 c9193bcb-9f70-4805-80b6-1597c5cfb0c5, 3919 
185936 07e1831e-667c-447c-a401-f37cfee29d81, 8505 
163307 b7307497-dd85-4ab7-bf25-b6aa9b92256d, 3919 
149622 fc6546e4-fba6-4aeb-97a1-a3640dc34e7c, 3919 
347084 422048ee-19bf-407e-b3e7-a24ba4e446ef, 3919 
347782 d26894bc-3c2f-428f-9775-cae1ec8b9899, 3919 
158548 ff7e0e0c-ef40-44a7-9b92-5d95c5f59241, 3919 
147838 7cbb8a6f-c427-4ea3-98ef-1d0636b03f28, 3919 
250769 91ebd976-8999-49f1-bace-572bf494d490, 3919 
138497 daff0d5e-6374-41d7-bde9-3607e5027cc1, 3919 
198146 9e564279-e0eb-4cc7-8cba-cad13ff15569, 8505 
354355 629fe825-cdbe-412e-9f8f-ec28b77a3d27, 8505 
342584 522cf8c5-7bfd-46ff-92ec-b52044972fd6, 8505 
33861 2caa0a61-4ce0-41db-8088-4417ff5913fb, 3919 
319194 0d1d89fb-524c-49d8-8301-ebbf059feaca, 8505 
163889 09282710-ed47-4948-bc91-7f27d4e25261, 3919 
185342 a035ff56-7052-49d3-8bd9-74e041ca27db, 3919 
262440 72747fb8-fb58-4f11-8bd2-d9bfd14ff072, 8505 
149707 a46e423b-e214-4f8f-be3b-c0cc30c85c21, 3919 
387433 83a08deb-5187-4d80-99eb-57bac89ff2ef, 8505 
227243 3cecf096-bb3c-4610-b3fb-ecaec1186be2, 8505 
195687 f703da9e-2cb3-4909-8979-6494db5c8725, 3919 
52647 c5eafb27-b377-488d-a1d9-f4524c4bbb9c, 3919 
275046 0c6bfd85-34e5-4b53-94ba-52f7ae59e90a, 3919 
146958 bf56df91-65d1-45c2-81d8-b74c82538794, 3919 
213386 1c574143-9148-491d-aed1-6f8bf57e51bd, 3919 
147664 c6e75c1d-3f77-4421-a16f-f173d3bf19b1, 8505 
316438 2e86f17d-ef7b-45fa-a94d-bd8b9a90d01b, 3919 
264576 95a0cbb4-3784-4ec5-a121-bf406b6b9bf1, 3919 
380637 4225f1ea-ef33-41f2-9648-eb1ffe21371c, 3919 
7315 393dafc2-5c94-4822-a76d-811f187962b5, 3919 
229581 b8d56ac3-e9ef-478c-bd18-49ad62dd7d57, 3919 
289401 9148c160-2b02-43d2-96b6-2b799b809d80, 3919 
107687 d3a9cb56-897a-48f6-91cd-4423b162d8c8, 8505 
363972 dcbf0664-5345-47ad-872a-a772c2e1db5f, 3919 
399878 a1ce2744-1ab1-4808-8c81-b9c9c879c0d3, 3919 
51276 423b38e2-dace-4be5-b6d4-5aab65d13851, 3919 
186077 4de4e2ae-b677-45ed-8129-6f59e7967bf1, 3919 
197908 366a428b-2150-46b9-bfb1-e5e07fbdb1da, 3919 
252394 83ea55e2-9e48-4434-9347-a59c802c423d, 3919 
240895 a4c223db-7d90-49cd-9a42-6b990a4c6357, 3919 
325200 f2a83c5c-3584-4c94-b4b6-99c8cd11acc5, 3919 
220341 b8b5994c-d7e1-49ac-8a5b-b4a47415dbce, 8505 
375568 8517c6cf-ad79-4baa-b4a3-9fe9488742d2, 8505 
326053 3c41473c-7c23-4f94-b052-e1c6218113ae, 3919 
281253 8b56b987-5618-4b96-8bde-2ec96131f6ce, 8505 
225055 bbf0d1a8-7399-468d-8d4b-aa24becef6c9, 3919 
113844 9b55b757-dcb6-48c8-a09f-07095a613adf, 8505 
324993 955ecbbd-7dd6-4ce9-89ef-7ff135260acf, 8505 
113030 04d103e0-b319-4239-9433-d0611152beef, 3919 
264933 3a14032a-b7fc-4960-9ce5-09386b91dcbe, 8505 
134521 e04f899c-ec37-40bf-8919-341a3bcc5129, 3919 
358078 0d63c7ea-288d-4d88-be40-7124e52f25f8, 3919 
158153 5a45f233-c82b-468c-8520-58dbf4a32073, 8505 
17401 aa3bcd4e-c7e1-4ff4-a960-c4a1aa33f31e, 8505 
68406 7dc1a240-b8d2-4ef5-984c-4d7dddd9461f, 3919 
24199 bb256ced-0fe1-4c86-93cd-e8232c7fbec9, 3919 
20170 a32bf406-ec15-45f3-9c1b-87d44218f27b, 3919 
1587 e05bf4ff-1e7d-483b-83fe-27a14a238741, 3919 
158122 ea9d3964-74d4-47c3-8ede-3cb3ede7167f, 3919 
61880 39e0ad8f-b3f8-4691-b59b-44aaa1936168, 3919 
298713 b9514eb5-5cb3-4b3a-9c52-77e96be54952, 3919 
131687 52948216-372e-471a-a1e7-4e42c76e27f6, 3919 
140260 1a39d9ff-50cf-4344-8f66-3ace667b8c75, 3919 
204320 082bfa62-99b6-40b5-b4a6-879d68bcb428, 3919 
344765 2a6715f7-b85d-4a90-907f-ee14f26788e4, 3919 
254956 612f1b72-5d03-4c4e-ac9e-e09503a8aa39, 8505 
6645 8b1ae7ce-c649-459b-9151-d9e88b970436, 8505 
322578 3417b9a1-91f5-4e1c-8be8-0b531255743b, 3919 
314258 d0b58414-feb6-4486-82de-c3dd9ff1a2f0, 8505 
285406 8ffbf7f4-bdbe-4762-a29f-26bb4d1a3fc0, 3919 
379767 5bc03328-16c3-49e9-91bb-6a8052d168cb, 8505 
52534 4c963cd9-f93c-493c-b2dd-31a957360041, 8505 
206071 051bf44a-b470-4000-b2b5-d40b9036a481, 3919 
97647 c5c22fb7-3b1e-43e0-865c-e6269d475d89, 3919 
10114 baf1d5bc-e436-4392-9bff-7b7ff81785d8, 8505 
160804 655ca28e-3b63-44b1-8826-63d714f4fb61, 8505 
377987 e7535d51-d26b-48ea-9d8e-9107b041e90a, 8505 
134381 b2ff4c5e-0065-4324-b7c9-e475c54fb2a5, 3919 
119620 cd8d1db0-65b8-4110-b733-3a43a3f8829a, 8505 
340706 7003037a-9b41-4968-8e23-14770fe4f93d, 8505 
70481 ab723c52-3b74-430d-8972-e365af2635a5, 8505 
396284 cdfabe22-ad7d-41d7-952a-54630f75aef2, 3919 
150826 28f89973-902d-4483-9b75-f6ed04d4b02d, 3919 
30026 05867de7-270c-4e38-93cd-8821ae5af3c4, 3919 
280804 b2a77b33-73c9-4f31-ab92-e355239f8390, 3919 
99384 c711ebe1-d807-4599-8a8f-064cae08dc78, 8505 
271135 e20d217c-569d-403b-99c3-1a5c7cb0f9d8, 3919 
50650 9d9dad98-6e27-401b-8279-6a67bc8f021b, 3919 
138004 2248e4e3-aa35-4a19-b6c0-b0bd81358034, 3919 
370153 dedafd48-8df6-437a-9554-bc3adcd5d881, 3919 
2219 d76927a9-5e2d-4089-aa68-bdc3d71cd475, 8505 
265969 a853147f-e05b-44fa-8d7b-fd49df445b35, 8505 
386851 683cb993-d870-4186-9ed4-5c0255a7ef77, 3919 
145061 333b4486-7430-43f8-8257-26094ca4d26f, 3919 
396328 bedb9523-57be-4152-94eb-228da6e2f489, 3919 
37382 6443d348-af94-4144-abee-c082b2f1b679, 3919 
136669 dcd2bc1b-e8e2-450a-9b05-bc252ef3d8af, 3919 
150799 d99bef73-dba2-4c65-ad68-f6bdb70ea5b9, 8505 
100806 ef4021ab-36c3-447a-869f-e02aec1103f2, 3919 
209614 ac964977-fdc0-41b4-b333-acaf8b682094, 8505 
316223 178386e2-aae0-4932-ac2f-2c4f491627c9, 8505 
267605 d65943ad-f560-4f1d-bd1b-6d94da77c72a, 3919 
30858 a4ae55a0-bac6-4a5f-bbd1-e3174f4dd346, 8505 
201087 f4099280-f330-40bd-a1ff-378a5f964e0f, 8505 
74851 b72b7b87-d016-4ba9-ae7b-569e67ce1694, 3919 
172292 cc07615e-3ec8-4a5c-9023-839b63d75e34, 3919 
93228 381cd9d4-5964-4af4-8e8c-0a0a007ba131, 3919 
273634 fd4343bd-fc77-4b4b-bd12-572c4198d3fc, 3919 
288521 65f74d79-dd8c-4470-94d6-9952ab834bc0, 3919 
54786 fd64fbe7-d5ff-40ac-bc4f-8d2d5f08cddb, 3919 
73813 d72451be-a4bd-43f0-be82-83f2af75d462, 8505 
269284 d7c0c52d-8d3d-4fcd-ab3e-d75ced4c2e82, 3919 
289645 40fce451-8338-4cbf-9974-5687bbdc8e6b, 3919 
28104 12efd15a-f441-4e50-8ff9-7eeb39064b79, 8505 
184919 fc64487c-3367-49cd-8df5-e4153d107b22, 8505 
50038 7047b1b9-9986-4902-962d-f9e615b72195, 3919 
156879 f928e6db-88e7-4a04-b933-a8ab361556af, 3919 
162646 17c18e83-facd-4289-b13c-94492072f9fc, 8505 
194438 42ec95b1-f1b8-41d7-8f1b-e2831441651a, 3919 
349175 23755f43-e8fc-468c-93b0-7ed9b51bd5d4, 3919 
280360 9c3bcd25-9ae2-40a3-b17c-a6d13d3a8936, 3919 
355561 5be109f9-d877-4ef3-829b-5297e177ab0f, 8505 
168641 1c547d24-3358-4b84-8a62-d8c58bf77b18, 8505 
218338 e3816959-8da5-4565-b0fc-dd5bee57c9ab, 3919 
172003 e51624d8-4006-461f-9ace-23e89d739b05, 8505 
113917 be16626e-27a1-481c-9062-81a40c15b932, 3919 
326267 e51462ae-3eef-45d4-93fe-43fb3509d424, 3919 
27460 6a2007e2-42d6-4bb4-97db-754df1830a84, 3919 
300441 07fdde36-75a6-4108-a73a-4a5980159689, 8505 
104966 b52a3e19-2414-4bd6-bf5e-aaac7cf330a3, 8505 
39324 c8da51ac-9262-4214-a687-9e3271e3d176, 8505 
3079 880ec712-ae55-4dd1-bf7f-d24588c12633, 3919 
214485 895df204-be9b-49bd-8934-01d575919451, 3919 
73536 134676d6-9828-46c4-9b19-38923d3e3e80, 3919 
264046 854ea7b8-51a2-4ce2-92de-2ed1f7730659, 8505 
105022 3da12acd-bb8c-4caf-b694-76f24f77db23, 3919 
180803 99fdc959-332f-4520-8847-a6edd864db53, 8505 
262360 fde9f9cc-570a-4488-bd25-09a5a649c405, 3919 
255845 c41e9e11-83b1-4f85-9107-17e13694c4c4, 8505 
95582 df124e43-1eca-436b-b8af-dc8d05fa9233, 8505 
192538 891ef1cd-a031-4808-86f9-08f9cd902cc3, 8505 
220617 0605f5f0-1dbd-4e6b-9858-458a0033af98, 3919 
280534 02edf874-759f-4397-aa65-94e3810a356c, 8505 
139743 6df331f2-390e-416e-811b-9bd6be4af37c, 8505 
167392 ef1fa561-17b5-420f-ab77-1b11783a99ae, 8505 
101412 700ef8e5-7b93-4ddb-8f70-27947e5a660d, 3919 
214814 a9e1b395-81b2-4ba2-aa5c-750f85bc4b2c, 8505 
248875 fe897359-8196-446e-86a3-810c2ffca04c, 3919 
181092 ef106fc1-b365-4450-9d37-b1edd2a0ffc6, 3919 
306036 dd608f3f-10bf-4b4e-a9c5-7e80a7349f47, 3919 
348532 a6333a46-7b07-427e-a335-29c025a42360, 3919 
106202 2de02402-067c-4210-9769-00168bec7903, 8505 
70072 c9fee586-d884-448c-9acf-b07863a648d6, 3919 
185095 d5e749a1-f098-4307-8798-4ac1fb98091b, 3919 
259082 d2f2c94e-1c97-44bc-8d65-72638107a6f9, 3919 
290152 f6bf6eb5-36fd-45a3-8978-ee946446f2cb, 3919 
98115 c3a63aa2-1614-4371-b99a-d453832f9317, 3919 
361880 59d43bb1-b0e8-4915-844b-6d20c31a1094, 8505 
302848 30413fb5-18ba-4e26-9155-50456168f024, 8505 
262901 82a41ecf-19a1-4019-b813-27369db45c3d, 3919 
266593 5bb43f58-6da5-469a-858a-791d5eaa4545, 8505 
21521 af8dfbc7-5281-47ee-b2c6-84e0132053cc, 3919 
198322 8edfe27b-366e-4060-aba7-682e52151e42, 8505 
97585 05655f03-b84a-482c-a8d6-22126fbe9a7f, 3919 
351899 96de7c90-5329-498a-8f31-efbfff21317f, 3919 
335891 6aceaa76-934d-4c18-9c2c-47c0b5f507d4, 8505 
268573 ea640d99-e92a-4d14-81a4-287d685f016a, 3919 
136983 a0f8bbe0-cc2e-4d46-8187-b0968431e013, 3919 
18390 4517aa68-1c41-4f15-9a8c-ba8da7b010c5, 3919 
174862 fe224a63-0f36-42cd-a50f-75fe3c41beea, 3919 
11 05ab5639-2b0b-4c9b-b1ee-179e884e9d2d, 8505 
167997 2bf4ef31-55f8-4d56-b824-6eab128061e3, 3919 
359252 4efbf11f-d09f-40dd-9cbf-b297919a4ae4, 3919 
382895 409555a1-9baf-4e54-a189-d67951b6f097, 8505 
140800 794ad2d5-6188-4f55-9c1a-48bbd69226bb, 3919 
161504 bd81ed14-83dc-4d9d-ba28-aba976155999, 3919 
391863 b81a8b36-9238-4d04-a56f-02b320e021c2, 3919 
199265 9e1295ab-5974-4d63-b6d8-d56c3f5b510d, 8505 
384478 0d28bb44-28f6-4b0f-8c69-9ff867abd21d, 3919 
157368 cfd85217-6299-43f8-9806-09a6bc1ccae9, 3919 
107293 d27524f0-908f-4b9a-93b5-95e7bcbadf56, 3919 
159752 f22c2536-17b2-4135-805d-dcd94c955e84, 3919 
274256 ded9b805-151a-4a3e-a75b-d3d9a331266e, 3919 
146273 fca9540c-f29d-4b6c-8f9a-e7f13e3c7093, 3919 
395293 410ab11a-0864-4d79-aef2-6ff4387c9a06, 3919 
311083 bbe856b8-00b7-4e55-b1bf-699da182742d, 3919 
221822 9a259a5e-fdbf-49a3-8dd9-ba29de1b3cd9, 3919 
197774 f966c410-5f6c-49f5-8f35-c7e5936abd12, 8505 
232057 3b198226-2a33-4940-a650-ff86c98771a9, 3919 
51750 2e0c57fa-65f3-4694-85d3-29a760c994f6, 3919 
166674 26b3b6cc-be62-4f56-83ea-421ec7796fd6, 3919 
365751 7de333f4-ca56-4be3-b97d-fae349953c93, 8505 
373369 5d7d3add-de2d-4c53-8b9e-432b30fb2821, 3919 
276936 c5362128-2625-465e-a1c0-abbec9ae1169, 3919 
223349 c18fe3b3-c8cd-47c3-bf5d-8589d8ff444d, 8505 
296091 7d4679ff-4cd9-4f90-af9b-cca6e79a053a, 3919 
293822 ab9ab859-ccd6-4c07-b144-8f9eeff9633b, 8505 
284245 933cb812-0cca-46ca-8024-20f7b2335d64, 3919 
36707 0641c761-a073-4ce8-a56c-e0566bd057cc, 3919 
280187 05ec0487-3b2f-4932-86da-71ad28304b3d, 8505 
298968 d0174ddd-e0e8-4b94-b9af-047248cae286, 8505 
264361 fe45b0de-2c27-467f-bc98-17a3771f5f1a, 3919 
43904 dcefddd7-2a46-4b77-ac4c-51cae5bb541b, 8505 
244304 a00f50d8-7af7-44a1-8097-703ab30d9af9, 3919 
365515 17861a46-f0d1-441e-9d86-ba2391920873, 3919 
269539 0041e8ca-ab7f-4097-8caa-ddcad3e51097, 3919 
262233 b2dc915c-8d86-4258-a5c3-7ae4af2569fe, 8505 
166608 19443387-0179-4942-aae2-a4944df4e05a, 3919 
92874 3f529263-2340-4d37-993f-ed67ceb28df1, 3919 
60572 ee1507d4-280a-4010-afd2-406380864952, 3919 
200546 4613c4e4-a639-482f-ba6e-2eca607a7562, 8505 
348865 b893384f-a6c6-41c2-a09a-25434f826b33, 3919 
297781 a92d594f-377b-46a6-bfef-a73b617a0b0e, 3919 
96711 cf72d24b-d7dc-4b4f-9793-3ea6b089ee9f, 3919 
222714 2cc46c5d-9abc-4645-93d7-b78802719585, 3919 
274564 40b837c1-d5d9-45c6-b64c-fc9af3ca8567, 3919 
85198 4b4f5753-75f1-48dd-aa4c-31af45b231f6, 3919 
74085 e655ad93-3962-4864-9729-caf6910d7ea3, 8505 
55641 5b832daf-54b7-4e81-9030-6b42d2f856ef, 3919 
383037 f82ed214-f485-48f5-8ae2-09c94c511712, 8505 
298457 03213e8a-0a8a-4810-8d1d-b2249ab347d5, 3919 
97676 03edf80a-4422-4245-8aa8-98be15721ade, 3919 
325590 e2a7437e-4dfe-40d3-bbc4-d53d0865c1f5, 3919 
344343 17840922-06eb-4721-bef9-4771be8283e4, 3919 
39455 80133acc-19b0-4201-a61a-76cfeb33b993, 3919 
358646 964d76fb-c306-4c6b-a114-c6c7cd1ce5fb, 3919 
70636 97c33c93-417c-4db7-8e9b-7e9815df99b1, 3919 
77047 839adbee-0533-41da-9c9e-b7bf27d5e3e4, 3919 
403241 788acfeb-14ba-4272-bcdb-972cf038e3c5, 3919 
206691 8d04fc32-3a05-4659-a2b2-ffa8964ac7ab, 3919 
746 6b02248c-6e5d-47eb-95d9-0dff2618e8dc, 8505 
176554 25612168-2bcb-435a-87fc-ab7e98d376e3, 8505 
193286 86c2194b-227e-40ac-b556-93538754b003, 3919 
89368 035021d5-3039-467f-98e6-9026895a0aeb, 8505 
334296 bfdc5b26-9bf4-4004-9a4e-95818cdb6eee, 8505 
382261 c6d85772-59f6-41e5-a922-716bae757796, 3919 
139745 4afbd697-8077-49e8-ad38-3e07d59db295, 3919 
355705 e2b38a5a-26d8-4ac3-a328-ab76fb887fc9, 8505 
181941 1a0a84ef-5d5f-4a8c-90be-cf4ff8832d82, 3919 
289578 53f71291-41a6-47fa-982a-d65f37bd2e3c, 3919 
349332 56be7bdb-f5fe-4feb-81e1-36c3220afba0, 3919 
284846 f0bc5a15-2db3-4240-ad97-168ae27c6eec, 8505 
241874 0e469b3a-ae66-4ee6-9da8-6d1f871f59dd, 3919 
281634 97db6129-ae8a-485a-83ff-5726f734fca6, 8505 
346359 8f632fd7-6c56-4d7c-a600-ead015b5c220, 3919 
244537 3268691a-03f7-409c-bc47-1a378bf43224, 3919 
236515 1bb09d2e-98aa-44b3-93b5-1c2c6cf333d5, 3919 
163788 e1077528-8c9c-466b-927f-2986b521dd0d, 3919 
388151 857c1228-1e25-4a63-a3b0-c32dcf4f40e1, 3919 
270782 40efe442-e878-42c4-bc02-d27a200c0380, 3919 
64757 4c65249d-8224-4664-bb2f-38a7be5269b6, 3919 
12037 483488d2-6e19-4321-a982-fe0df9c8e009, 8505 
163363 a4345ebe-fa28-4ed8-8120-11d721f36fc0, 8505 
132894 8acaa05e-22e9-4064-a5f7-2f15ee37222a, 8505 
246149 9acdce80-5b7b-4bf4-a9e5-d8bae0921ff0, 8505 
120541 1e22e8ab-cf5a-4585-a34f-08848e3dd59b, 3919 
153337 44936a4d-c333-4aec-94b2-eea344ca3a42, 8505 
248086 25dd672a-e00c-4529-9599-e3c51703c482, 8505 
229400 0533ab58-0cd6-45d5-9631-426b4e14aa16, 3919 
255441 3c0c3794-3e1c-43d9-af35-0376a048ccc6, 3919 
8389 fa55bf43-e2dd-421c-9794-bdba530b6c96, 8505 
312157 98493dac-6944-4bcd-be75-2bd58afc660f, 3919 
207692 795ecb25-2580-4b1f-97ef-2064199cdcb1, 8505 
323429 324cbf2d-f0bb-4dca-ac7e-47376c58be07, 3919 
190189 b55ac39b-0436-4d14-b1ab-aef81dcc17a2, 3919 
13615 7ddcfc9a-4385-48e2-9173-94bd7aac80c5, 3919 
395411 376b2adb-f1b8-463a-8128-d2e905f74014, 3919 
41961 3f5199d1-8b7a-483c-9959-03b37a6a9dd6, 3919 
95572 9f6c11d1-bff3-4067-9650-b626a8872a79, 3919 
130908 71278eca-fa61-40eb-8a22-5043ab34347f, 3919 
226208 389c06b9-09d9-4f86-82a7-61e5913b5772, 8505 
108074 5822be92-78dc-4aa8-bc6d-ed471fa1b6fc, 3919 
9180 9e214e0b-9886-4999-a82e-441b43f75d41, 3919 
252705 20ecaecd-1164-4b6b-9c71-edbfeea614bf, 3919 
41025 3ea617e1-e4d1-4188-ab26-27a7f6a6adcc, 3919 
240078 3eec64a3-ea43-4bff-82d6-30161daa3871, 3919 
158051 1faae7e4-3a7a-44c7-86c1-7e6905a311e6, 3919 
262212 b94441cc-2612-46ae-8942-58eb6dad58a5, 8505 
241933 cb56c6ae-4c6a-471f-9eba-ffd5a3ddfc3e, 3919 
368725 aa4ddbcd-a4ff-4120-b1bd-f2951053653e, 3919 
371070 be76b9cf-28a7-4e08-8eec-bda15f1e5766, 8505 
217806 c1554fb2-a317-4d80-82df-e560cacb08d8, 8505 
113669 f87bce39-f0d7-49ed-9a2d-a50e392a5763, 8505 
276986 60a8a3b9-a3d3-4b87-8437-30fb4d030195, 3919 
290816 47d3facf-460c-445b-863b-6cd0b3b33878, 3919 
76191 26765039-6d7d-473c-ae40-59a6ea1ab1c2, 3919 
137502 e504f6c6-7b38-4e54-a1aa-92541e992588, 3919 
93717 e0b93d02-74b2-457d-892d-c568995f0235, 8505 
244848 6e24a706-919c-4d6d-986f-4451d274df37, 3919 
79353 cfd324f5-5d6f-4b09-a65e-dc4aecf2af37, 3919 
59023 089f85d6-e846-487e-a3c5-1dfca77a2fbc, 3919 
43618 6dc5ac88-d8c2-47d1-879c-56efc6d105e7, 3919 
318313 6b38b4f8-6fd0-4f80-aeef-c54170657f3f, 3919 
335439 0b7ce9fe-c182-41b3-80f4-1e3756aafc31, 3919 
322408 f81fb220-324d-43f4-ac98-040310701a8b, 3919 
26067 b27feda4-3c81-4aff-9bdf-19730daf956d, 3919 
383667 2e962b0d-9d88-4eb2-bd98-916c64b9d694, 3919 
303869 4be719d0-ac8e-475b-930d-605b782e373b, 3919 
69860 955d16ba-a028-4adc-a556-ab68c247560b, 8505 
308916 1c8b591f-d0b8-46eb-9201-a58963763e08, 3919 
77526 777c8b11-9f28-4bac-be70-a4427003d65c, 8505 
327990 564bcc66-77cc-4650-8705-4aa3e2eb7df0, 8505 
130149 5212a38e-9e0d-49af-8cfe-55900e077edc, 3919 
369091 1ce99ba2-c26c-45c9-9853-8cc74d0f95c4, 3919 
264768 f77f9e35-5711-46e5-a35f-ae047f47479e, 3919 
96913 7c82ee88-c963-4098-beaf-e7842823d9a0, 3919 
201662 3c055524-4fd0-403c-aee0-c5c737f7d5e5, 3919 
345876 7f0cf875-8ec9-44fb-a6b4-2d9e68f53ea7, 3919 
216014 abd7fac3-d808-4c13-b2b8-38862afd8b86, 3919 
129028 457754fb-936d-445f-adf8-1a75ce04aafd, 3919 
14653 b43beabc-c2fb-4fbe-9631-283f27fe0faf, 8505 
89730 b1340e0e-2038-4300-b68e-b0aeec477c7c, 8505 
222422 e7679a7f-7e69-43aa-8153-98654288c98b, 3919 
183662 fe7d08b3-6303-4627-9d4d-5b23022c210a, 3919 
122945 b340d727-ce52-4caf-b8a1-6db1f2497f00, 3919 
202916 a3df7ca5-7163-46e5-b991-b34a01d5ff6f, 3919 
320058 abd94716-c9b1-4158-b840-54c6fb0d1e47, 8505 
339431 5585c4dd-3fee-4a95-b1c5-f0275196f36e, 3919 
197979 a018041b-0b9c-4a72-82fe-fe665adab822, 8505 
845 6cf39452-0282-4653-b9b9-d2098bf8dfab, 3919 
381967 44cea516-4864-4668-967f-1837e394abbe, 3919 
232219 344d309f-6de1-421d-9458-0f0282767813, 3919 
108704 eeb9435a-1b68-41d0-917f-ba23c670b726, 3919 
186376 f284db0f-20da-4766-8fcb-ac63193dde0d, 8505 
45188 c130a98b-f440-45a8-a939-b61f450c0d10, 3919 
297058 6680aa57-228e-415b-8bd6-703916b5f199, 3919 
275525 30a62a24-4ada-4d26-81dc-2404e79db18f, 3919 
311 9aa1fb32-d905-4ccd-bb67-c8f84f463e87, 3919 
386711 ddd487ac-96d6-4e8b-9b0f-d4c327390c8a, 3919 
373856 825ed150-694c-41ff-90fd-48a1f72d8833, 8505 
252105 a08dfc58-3ed7-46c3-a893-f834bfa0bc79, 3919 
229197 ddb8a77f-983b-41ce-a033-c755e95d05d7, 8505 
158812 814f5e34-68fc-4e51-9f5d-cbf1fdf6bccd, 3919 
293159 251b32e8-29db-4348-a542-0409a137e5e8, 8505 
267826 cd5a8b76-5bd7-4f9d-ab38-37e99a146630, 3919 
53954 fb22e389-530e-4e43-b821-277e921b0fd0, 3919 
238309 ff4e66cb-2c48-4118-ab1b-f322dd76fd56, 3919 
344517 f40b46bb-e9fd-4bf5-8d98-283d492cce97, 3919 
383302 1f631bee-f37f-4759-b5c1-608b3650eae9, 3919 
129417 af524435-ca3b-4253-8273-016cc10ba7ee, 8505 
312592 328d9640-eb15-4dd0-96c8-1326ef794035, 3919 
123800 a0a0bf14-4d17-4224-898a-dc82d7a6908e, 8505 
303363 6ab6312e-c465-4604-8b13-b7f8663df4f8, 3919 
82808 a575f7ee-5e6c-4331-bf88-6c67ae830ed0, 3919 
54693 dc57fe56-9268-44ce-a171-2d5efe0fbf12, 3919 
43219 9673849a-9fdd-4bed-b8ff-9ce64c3da502, 8505 
335354 26b59fda-8a89-42e6-ac7d-eddcd9fd679e, 8505 
242891 5a6e68fb-32ea-49e1-bbaa-809f83eaa109, 3919 
103029 3eeb762a-6c28-4679-b18a-249123011a8d, 3919 
541 94c4d2bb-e1ce-442f-9b34-e2416632de77, 3919 
210353 7fc7bca8-1dbd-4cbb-a1d3-8bfb5dbdba72, 3919 
342863 9918b982-b254-471b-a98c-7f5eaecf56a0, 3919 
69880 0c41a73d-bd28-4e48-b040-1038e32b072f, 3919 
313609 eb532af9-700f-4950-b96c-220e68a5f7d4, 3919 
348935 e975a567-6065-43bc-99dd-e50f94592b38, 3919 
129010 5abe4802-f757-4225-9c59-fd3090f9eeb8, 8505 
175477 155431ef-3a81-46aa-8219-306304fbde2b, 8505 
23576 9727a8c6-1971-4906-935d-cf1882b15e30, 3919 
209275 caff4fd8-da6b-485f-aece-fa4fa3ff1c73, 8505 
342774 0f33739f-8b80-44c1-95a2-99f9000f95c3, 3919 
227706 ad51d9d8-5253-451c-bb43-cf7dd51bbceb, 8505 
390823 04a3b772-6751-4f92-b010-65d1c697e61f, 3919 
368517 d511d752-4866-4877-8ea4-faaf19d13f76, 3919 
386337 90d36b20-74e6-4479-b7bf-242e3f8b2670, 3919 
251038 b591829e-23f7-4491-9891-ae73b175e596, 8505 
379016 51865a72-cabc-45e4-859c-32d82558f0f8, 3919 
80906 6bb83de3-4e54-48e9-ba07-d19d96b652eb, 3919 
208089 91d4efe4-eb70-4970-a89d-c6bee8f428fa, 8505 
311365 5488e299-84a9-44ff-b50e-1571677efe16, 3919 
34722 46f7da64-ea5a-456f-97b5-028f96b68600, 3919 
236815 f8fc4343-f8b5-4a3b-8c34-01b96cf2708c, 3919 
29754 6b201b16-5750-4d90-aa39-c7014066e9fa, 8505 
151326 39e6b68a-ce7a-4b11-b29e-3a424fac8839, 8505 
33245 15a7e8f5-85bd-4c81-96d4-1a77d8b5c565, 8505 
136661 1106a124-3d34-407e-87ce-c1853372fae6, 3919 
386399 abb0af05-c9d8-40cf-b343-75ef188a9d07, 3919 
9940 11de09e8-2d4c-4a9c-b501-167577974421, 3919 
237552 4f387346-4468-43ad-bf99-876dbd1d3945, 8505 
386820 a9547c3a-3830-4062-aeb0-4c3464468811, 3919 
193869 10d06c1c-c000-435c-b889-d664d53fe9dd, 3919 
398553 c6c23cf7-f9dc-4363-98b1-ad1e3216e9da, 3919 
92207 29e316ba-cb16-4099-87b0-d4bfeb1298c7, 8505 
3788 72fe9797-2e23-4713-a3c7-5852a006e1ec, 3919 
25912 f2f1d197-3859-4b7e-bbfa-ea42a7836076, 3919 
339793 39adb8be-d86f-49cb-9932-e7da38d46520, 3919 
232745 131a8168-9e9c-424b-97a0-ad48b93706a2, 3919 
213047 25dad51e-0e40-4202-9c71-758bcda31e8c, 8505 
285430 4cada132-7ee4-4e22-952f-a2eb4955b78b, 8505 
49518 23627f2b-e30f-4b31-89b7-17c4d36814b3, 3919 
100638 cc6aed34-1a15-42d7-b7d8-293b3892a506, 8505 
68010 49718b1b-443d-4163-ac14-0b7443e20d8d, 3919 
355012 20b4e051-aad1-4146-bf93-510c408feba2, 3919 
202909 4bd820d8-a9ae-4a2e-aea7-91ccb15a4b67, 3919 
180657 8dff47b7-a258-4f87-89fa-1e644ed82318, 3919 
5897 c0397c5a-e1e5-4f9c-a468-d9a63fe232e9, 3919 
370381 89c71cf0-2bf4-4b7e-8862-76acf8fb57a0, 3919 
83717 d7d33bbf-d9cb-43ec-babe-f5dae3bf8b57, 3919 
160610 a53dc3a4-bdca-4d1f-ac25-a5748b241782, 3919 
130171 84c07fbd-ad8e-4df1-a292-536b2bedfa99, 8505 
294649 a1740222-3b99-401c-a95a-4f1c8500502e, 3919 
93426 b32d971e-dec5-403f-8f80-26879968d77e, 3919 
26596 7a5e25f5-28ce-4fd7-a94e-80a89033148b, 3919 
390776 1558b51a-d28f-417c-82a7-468d4d69e08f, 3919 
401774 5bf6930e-01ef-401c-b4c7-f30d4c23b2c6, 3919 
341655 fa2054aa-3c9e-4e4e-b286-82940e6e4fa1, 3919 
186444 a6758989-7cd3-424c-933d-e731aed906ba, 3919 
47339 160a0a61-241b-4961-b68d-8ba59f703dac, 3919 
27172 a4e9536e-9d03-45a0-ac8b-055af17e81d9, 3919 
210038 88c42025-f406-4766-a6cf-297024362865, 8505 
37801 9729027b-6967-4456-82ad-2db30824b82d, 3919 
88495 03713b7b-5d2e-44b5-9340-74960359e304, 3919 
281324 300e8d79-1b0f-4e48-9109-c52b253205f0, 3919 
252107 42798953-5270-4ebe-8457-bed6231e3c2f, 3919 
60821 d20db882-120e-433f-8989-174ce880a5ae, 8505 
132605 876ea7ee-4fdc-4927-b733-48b6b788b46e, 8505 
193432 09695ed7-3349-4bfc-88fe-72b8be322528, 3919 
370824 bca92786-4cd8-4cf1-9767-fca209606f7a, 8505 
207299 bc95c28a-950e-48d4-89b1-53de55b69816, 3919 
229183 791d9c69-aeed-4f9a-9460-11abe957f6e6, 3919 
326702 a0540c61-cd8a-4e4b-b572-844bd63036da, 3919 
64115 51585573-72ed-45ec-83a8-143a0fb25c61, 3919 
211227 2fd217dc-b3fd-469f-8a4a-56feb38e0aac, 3919 
243276 b03a9f2a-e1e1-4c8e-8499-aeefa6a2d734, 3919 
14118 840db036-be9e-44e8-a9f7-8fc1b47e53eb, 8505 
171734 309add91-16d6-4633-880a-54ffad9127d2, 3919 
312570 422e5fd3-4b27-4892-a8fa-a4b4efb8b16f, 3919 
361620 bb26bbc2-ed67-4ee3-a349-27045a07d80a, 3919 
328225 0494faf5-7b18-4450-aa47-04403278789f, 3919 
341025 30876b25-ac86-45db-8b23-ef4f1c2db1d7, 3919 
269383 7b0eb6bb-f980-442c-b965-ed8054031271, 3919 
298180 4423272d-8194-4b65-a448-82d4a974a5b0, 8505 
112253 255836e9-e9eb-4567-8c5c-89bce094abde, 3919 
219993 748b89c3-cf2f-4b6a-a903-64f084478117, 8505 
399470 c34441ef-f222-4339-a9ba-084b3c0dc0ec, 8505 
395846 a76cf482-9601-4182-8038-da683eca9b88, 3919 
230414 f481f536-dcac-40ea-ae1b-d37109eacfdf, 3919 
307309 20293438-0379-497a-9900-42cde87c9bff, 8505 
329982 d6a31d8d-ba89-4181-bf73-6bf8207ee56c, 3919 
297774 ca77ecb9-abe8-4e6e-b2f8-94dd54ee5ad1, 8505 
11700 b50e0d0d-b228-4eae-9510-e487ececad1e, 3919 
377938 26b75b53-80d9-4bb0-a96f-c0e0193b0deb, 8505 
86174 dc884085-0e22-4d2b-bfe5-7082cabad5ad, 8505 
249574 71a74117-c81f-43b6-8ca4-482683a90ad9, 3919 
348034 3dfcd6e1-c797-43af-bea7-b9ef750ec3bf, 3919 
79545 f8f4f6be-79bc-4976-984a-c2c77b8c491e, 3919 
383106 fbadf7a4-a50d-41c4-8f95-1aa8d07dfd01, 3919 
10490 edf9318c-8b60-48bf-8799-e209c99100d8, 3919 
17517 b1d5bb93-9b35-4998-bd5f-7631d1b89541, 8505 
21987 f3f05a0c-ea4b-4af3-b418-ad9695f358ec, 3919 
260961 d3db0d3f-7c31-453b-92b5-b634d26d5c58, 3919 
368404 c20f39d7-fb04-4262-aef8-d6d2bc3d339c, 8505 
1994 aa3527ae-7e44-4c08-8c1d-fe5ff829594b, 3919 
49398 d0f03ad2-1e32-4790-9a30-c884629d2505, 3919 
404179 690af342-9acb-4393-b74d-1c0a9782cb1e, 3919 
318413 6055cc1d-a4cf-4d0e-9c5e-a3d097df5278, 3919 
43677 95abece2-5eac-4623-a911-59bbc0c57dd9, 3919 
50574 a1334f3d-5f16-43b9-a4cf-8203bb1f1224, 3919 
326572 f7b125d9-e2dc-4f8b-9172-189ef8a98ded, 3919 
306272 25fe3adc-7c2a-42ac-803f-dc5db6953a70, 8505 
246009 b8b80980-67dc-4ddb-961a-2a1e809c2b05, 8505 
316845 9a2efc58-9c45-421e-a2fa-74425c12c911, 3919 
127288 407d0888-8aa4-41f8-b6bc-3b2190061cb9, 3919 
352995 3b22b052-052a-43c9-a4be-b7db416d4b55, 3919 
304938 68e1ea1d-c7a6-4fae-9026-3cf0993c2515, 3919 
370223 dd7c10b7-9811-43a9-8dc2-7e03b1cbdae6, 3919 
29303 1925aa87-cb50-433f-81e3-7ae9ffe1a85f, 3919 
179958 e04e361b-1bea-4923-a82d-b2d5ea5a031f, 8505 
251252 598c2af8-121f-40cb-94ff-8241a46bc67a, 8505 
22859 400fbfdf-6650-4ad6-87a2-8b8901e85560, 8505 
239624 17eaae98-b22d-4dcc-965b-376ec7c739c7, 8505 
270703 3849822d-ca6b-41aa-81c3-980f807ed32d, 3919 
220978 359aeeb4-cca0-44b9-b18c-44c42806db1c, 3919 
383432 a102ba8d-139d-4a43-95ba-4c532fdc53a3, 3919 
400723 e0c84b63-e22b-4944-b632-8dbb3dbe8457, 3919 
256243 601981ba-cb83-4390-97ec-2ed45d2b84b5, 8505 
138558 ad0419f6-6d5a-4382-8a74-c9f2c9f56317, 3919 
30417 5eacbb9c-e573-49dd-8738-6738a4fe7bb4, 3919 
97198 e0225093-6750-4e41-b166-0a9f64478c81, 3919 
266437 5afbb4ff-8771-45a7-bce6-6ef98558bb69, 3919 
230663 56e26029-27f4-4198-8c59-b66fe8ef87fe, 8505 
237226 b3bd2127-9d3f-41e0-8ba3-fd4766fdd078, 3919 
402193 f698ea91-22e2-4062-a2b6-c411f6b09e1a, 3919 
77929 89690f7e-579c-4eaf-9eac-720c9e69ff39, 3919 
26793 721a8581-c35c-4164-ac49-019bbea4bd7d, 3919 
173760 d73b8742-cdca-4653-9b53-8724040626df, 3919 
133131 e82aa8f6-ea6e-43a4-b504-877c1d66a11c, 8505 
328146 10177b59-e28c-4afe-b988-4772026d94c7, 8505 
400458 1ef04f4b-f2aa-473a-9a69-8e8c5ce92fb2, 8505 
348837 cdd46de7-5045-40aa-907c-61836218cadb, 3919 
143753 b508f667-e6b8-4b0a-8105-a1feecddc829, 8505 
245972 c85a9284-39ff-4a5b-8a6e-ba42fc4f137d, 3919 
117674 7f72c7b4-ec1d-49cc-a267-ea969c33507a, 8505 
320283 5a4219a6-e77a-4fa6-9960-2eeba8bf96f6, 3919 
308061 4082a375-8e0b-4807-8440-c07c024c9de6, 3919 
154886 c5a6626e-a1ce-4c39-b09c-8abd67f30496, 8505 
241065 6eaae840-dd0e-4e72-a98c-7fceff59cfa1, 3919 
227614 3375a2b7-7bb1-4df9-b300-2c26012feb1f, 8505 
226183 5d82ee7e-70b5-45a6-b508-b68bd8e43506, 3919 
200462 18f3b766-b8da-446d-8769-9d19d2bea6ed, 8505 
244040 8d7fe927-32d9-4314-bb17-da2e482eec90, 8505 
65013 6bd61491-5749-473b-84ed-e740241829ec, 3919 
34904 9072a110-df72-485c-9168-d8ddfd4bb5fc, 3919 
85344 63437a04-d815-44bb-ba7f-f604d5cea89d, 8505 
353698 e1301eff-b5ee-4b1d-a677-febc2ff7ecdd, 8505 
337089 605c19f3-6175-4986-8348-93fe62c6ea1c, 3919 
158229 ca96ce6a-0fee-4665-86ed-9232bdface08, 3919 
349806 28b06ba2-f449-4db9-9f2d-37b4c36050da, 8505 
297932 5c8d5275-3dfc-410a-89b4-74ecc69d7216, 8505 
298340 2309fa89-2319-4a8a-9812-256f8aaafcd9, 8505 
198949 53fb346f-cf79-4e0a-bb2c-7e699e81a614, 8505 
76646 6a6626fd-1988-4b97-81fc-f32ab48df233, 8505 
330318 d6791e78-e3e2-4815-8be6-d594f4a20fce, 3919 
108643 5bc7e516-741f-43c0-a4b1-4975b0b2d923, 8505 
23557 cd856a83-b869-43ef-811f-59441ea43bb4, 3919 
62005 c963d94f-51f0-40d2-8242-47705ca3728d, 3919 
59376 97e69158-87e8-4bd2-a8f8-f5dfd1780bd9, 3919 
49880 a93c09d7-d138-4f77-8d76-971da08cb4d7, 8505 
272106 a28c45ca-e278-4d6b-acaf-073fa0e63f55, 3919 
92757 1c3d84fc-eee3-4acb-90ac-85c13a392ff1, 8505 
27465 9c7549a0-6638-4fe6-8ee8-8997cbc0efa7, 8505 
293869 49565dbc-bd30-4e23-8685-c34c9e529407, 3919 
162214 32461475-023c-4f05-bb0c-7108727c171c, 3919 
382926 f152c92c-d1a7-42c3-b57a-4fcbc5448244, 3919 
56707 03011992-9727-4511-b39b-dff6cbda7edd, 8505 
207762 b018c97d-d340-4f5f-8d5d-d5d6bba05002, 8505 
363887 06c4f988-fd7f-43f7-b9e0-547e24fd73bd, 3919 
337468 b09804e5-3878-4364-ac21-d3fff94a8f4b, 8505 
72587 e63c1518-03ba-4fcc-95af-730bfe30308f, 3919 
69082 fa61776d-d9ce-4099-bbc4-65283956f77b, 3919 
151290 ff1485d4-c831-4035-8665-dbe05ca08d46, 3919 
378843 f6ca83e1-c575-47c1-8559-546bbe5b2633, 3919 
125491 64a89f61-36bd-4477-9a37-7c26d3845ece, 3919 
396417 63a8b9f3-678e-4d53-b16b-21aec72f84f9, 3919 
169693 4751941e-eed8-487b-817a-938eb2817232, 3919 
28377 fdf48369-a991-44a8-a2c6-5d06917dae5e, 3919 
38915 076f398d-5cbc-41c9-965e-2ddd89383505, 8505 
216877 286ee7b8-9b86-435f-8753-71af8c42e53a, 3919 
109137 af402154-ffff-498c-a157-31a0e34ca232, 3919 
244212 172cc478-7eb5-4505-bb17-f5bcc8fb9b08, 8505 
72107 a7bce794-def0-4a98-a2cb-e147b537592a, 3919 
311505 01507f5b-660c-4d4f-9f30-49e7865c2e7e, 3919 
334103 36cd107b-1a1e-4c80-ae4a-7896d9300010, 8505 
151398 3c4ea18e-6e0e-42a8-b5aa-e65b291525f0, 8505 
34395 60a91a54-d569-4727-924c-9660b761173f, 3919 
309401 74c3e221-2e08-49e1-88c6-0a956a05d1d5, 3919 
294045 4605dfac-e80f-4cf6-ad6b-6b54989e8598, 8505 
67384 3a270a5c-228f-4916-bf14-db0936f30821, 8505 
403443 3c6e7e5e-448b-407a-97f2-bc57b671083d, 3919 
106552 1cb553f9-6305-44d7-b34b-97c1277c6fff, 3919 
374395 9004514f-41f3-4dc0-86fb-15d5e4985baa, 3919 
21013 6c971963-ce87-4b55-9f5d-f2ffda257264, 3919 
71139 2a8f78e5-09f3-4c5b-b1c0-03421029cb7c, 3919 
401282 53357dc3-536d-4801-8856-20c10b1db76f, 3919 
268810 d1e4b069-4590-415c-99f9-43657b0b72da, 3919 
51897 8033f801-345e-4d9b-8958-4af0f47e7e8c, 3919 
182509 0bb1a758-26fa-4368-8244-dae43761096f, 8505 
20108 a3193692-4e65-4aca-b100-a34256881ff7, 3919 
190377 21fe996d-c731-4820-8b74-69abca28650b, 3919 
155700 a45d5648-a2d9-4765-a758-90594d513d8c, 8505 
239363 96bdf604-ccd8-4afa-87d1-3f505faa4f13, 3919 
201211 2df4f140-d80a-4ec4-9fc6-f4b4f5bf5336, 3919 
205672 d3451935-f5a7-4616-b852-43d8633b38d4, 3919 
336657 c81ebcd7-e3b3-4ab5-9743-8da9ad00a121, 3919 
300934 3deafc1e-0f3c-44d5-b193-ddd59d3a44b3, 3919 
247830 dc80d5d4-c35f-42d0-b6e5-1be75265cf15, 8505 
123891 8e4241e1-d767-4669-b79d-2e1ccacbcf1f, 8505 
184436 c2b919cb-70e7-4b74-a170-20c1b0be875e, 3919 
55457 6c2acdc1-cacc-40b5-b72b-8bcb7c4b9f3b, 3919 
362608 9c4ce2b5-ae0a-4aa0-a730-9855f0df8630, 3919 
122395 4818c2e1-9355-481c-a127-9121b4c63ed0, 3919 
148482 03070017-dac3-402b-9228-b11f79f91df4, 3919 
143960 00415dd3-2b5a-4896-946f-161f3c6f26c3, 3919 
149028 061e3ce1-fd90-4165-b8a4-5b28797c5bd8, 3919 
308997 118f5ecb-437c-4ca2-803e-c58186b28ab8, 8505 
229977 e86062b3-d405-46a9-a43b-816c255d4a70, 8505 
393880 b6d29470-320a-47d8-9789-179c6a5f1be2, 3919 
69435 20f36307-707b-4c4a-9dc2-533fc866831b, 8505 
25713 9675252c-673d-4b5d-80f9-b5dc8c8113c6, 3919 
217241 9f845f7c-4cd7-4c5a-9921-954f8456a829, 3919 
199164 62012e16-4295-4585-b5ff-16ae583dc090, 8505 
357050 b4be5641-f032-43eb-83f7-ed733f2c1508, 3919 
61147 7e19263e-f889-4244-9350-3c799e4cbb51, 8505 
96403 fafd0556-1880-4c40-bc5d-c8c5df578a34, 8505 
69049 1d9f3e85-bfc5-4401-b9ac-cae3b9d505d4, 3919 
11980 5f085387-d908-479a-8c04-c5abf7bcb988, 3919 
275181 f0ea9f9b-8c67-4798-b3c3-610cd2214ed9, 3919 
252911 bf5c5b3d-7f26-4c93-9316-a5842901b83b, 3919 
172251 b7c7c057-db23-4291-ab5f-61fa0cae6333, 3919 
24415 797eca09-f37e-4bc2-9190-7ef5c183da9e, 3919 
181333 1ad0314f-4205-45ef-80a6-f669a98d6fc9, 3919 
159782 213028f6-276e-491e-a007-7001e3286721, 3919 
273260 6b2baaab-450d-4594-bbc6-a6a424f4f36a, 8505 
350726 a10f3130-c2a4-4b56-97f7-1051725a80f2, 3919 
47621 0d7e98d7-a2a3-40b2-a39d-be2b74f5b375, 8505 
52907 c7de383d-0052-4927-a4ca-438fcf128a82, 8505 
195531 597bb837-97ec-44bc-ac69-7290ae87e425, 3919 
139023 95456a66-8247-47a4-882b-1cdab4b9c06a, 8505 
374706 24124327-dd63-4905-ae40-d84c41488179, 8505 
146112 a50333dd-4a4a-4e44-ab0f-e223e3daf322, 3919 
63470 c509c51e-80b6-4c80-bcde-72c4b08275e7, 3919 
184910 d4c406de-7793-45e6-9ff7-48ef98d57bc8, 8505 
342560 435e07c6-b0cd-46f0-bfb7-edcb33cd4014, 8505 
21275 0a9f347c-7ae6-4ec5-ae09-323be5031ef2, 8505 
104888 c1df71a9-44a1-4ad5-8961-a857b6666315, 3919 
394383 999cbee8-5ff0-4c43-adab-33a7ec8fb930, 3919 
138613 6ea18342-0abb-4dfa-872a-4d857157a37d, 3919 
35103 543cf1b6-8780-42a9-abe1-2dabee23d882, 8505 
7179 c3eecdf8-0053-41a9-89f7-2bce4de493f5, 3919 
148945 5fab18e8-fb4d-4a2f-8487-959ef54e3a7c, 8505 
120043 73b43bb8-2b2d-4d2f-8451-9a6ce27d941f, 3919 
105372 2ae752a8-2b89-4bd5-92d2-a3fe86052adb, 3919 
333217 2ce8f54b-3717-425d-97db-580c6ade6c21, 3919 
242463 e5a3c1e7-9ec7-428d-b214-773c61c73ef2, 8505 
120159 764fadb0-1fe0-4272-9aaa-c011781c29d6, 3919 
124165 7272dcae-2b5e-438a-bf1a-4f8daf8318ae, 3919 
242254 80c33b50-bd27-40ff-95b9-40530de3accf, 8505 
368977 c840f2b9-b47b-4afc-bd8a-616ea0de2a80, 3919 
315442 fa1402d1-ddd9-4e9d-b7fa-9070db7a6ff8, 3919 
368853 3eea1030-c27b-4635-aacd-06b963b85428, 8505 
384015 7bf69ddb-ea1b-4aae-a45a-e29d591e42d9, 3919 
7826 16851818-d7fd-4589-8416-b3c27cc9806f, 8505 
98295 882bee52-5d7f-46fb-a8b8-f413882f031e, 3919 
107317 5ae0b0c1-af7b-4e3a-b7e2-86768a0bac63, 3919 
197024 780baf20-1072-47e0-b5f8-381ae75f54f9, 3919 
159829 2ea85a21-2b4a-4da9-a0b9-9868fa3d8e78, 3919 
83692 7bc19cc9-9426-4a5d-916d-66a146633593, 8505 
124608 5d32c80e-f2d6-4401-8b66-d8cf7c8765e6, 3919 
273653 941b7d1d-2b4e-45d9-9e3e-c3dda7834c5e, 3919 
336948 72132eb6-f48d-495f-95a2-482e399026a6, 3919 
68879 afe2d291-9e73-45c1-b610-03d4195430dd, 3919 
114009 3fb8f313-fbb2-424f-9155-c01e20575c70, 3919 
144697 97b681fe-a40f-441e-b085-8ae840aa43b2, 3919 
188558 5a722500-4b6b-4e52-9006-fff0dabde651, 3919 
308867 29af667c-be42-4ad4-9c0a-0db79c7b6cf1, 3919 
138530 c6955f0f-1fb2-4373-bdcd-28b8c9a8edbf, 3919 
113564 6ecf363c-3045-4bf1-b0ae-f606429bd8ce, 8505 
78714 d0ef3b20-425c-4c60-bc5e-95a31026375b, 8505 
174732 65db0f35-601e-4d60-a7dc-20dabad2da6f, 3919 
274903 53dadc43-0b76-434f-9679-86aafa640671, 8505 
258072 915124df-6ab2-41c5-b1e4-e2f9e6aac5d6, 3919 
319155 29bfed8a-386d-4f1e-980b-a3ab9dde7cc3, 3919 
29783 e44268e1-5c3d-4c6e-9760-8e4850fdbd19, 8505 
275962 0c1e0874-040e-4c26-83db-24d75d419bd2, 8505 
258575 0cde6b56-4c1d-4e1d-b58d-de98ab95b25f, 3919 
403344 b60faab0-3010-4ecd-ab93-ebad09d0ec01, 8505 
29449 4838da7b-2369-4249-8d23-8527f34d603f, 8505 
103691 df2d28dc-927d-4ad3-bf6b-cfed3b8d9fb6, 8505 
32492 85776d72-5ec5-40e6-a7d1-a7c05318f2e4, 8505 
326186 99576560-29a8-4a90-b8dc-746179f52d2a, 3919 
367044 2782a2de-36e6-4c40-bf13-66927b2e49b0, 8505 
185786 957814ed-64af-4055-909a-cc4323898bf2, 8505 
247774 f3fd57f1-9d6c-4a5c-8016-903bbe284165, 3919 
355253 748b2be4-d9ef-49b8-bb8e-7758ab83e8c6, 8505 
63775 f733fa6c-e100-495f-aa94-46c349360384, 8505 
41179 aba47e96-c45e-4122-8f2c-4f5a116a5a29, 3919 
290590 31f51483-10d2-439e-9cdc-beeb73f9b76c, 8505 
277366 0a688818-133f-4b85-b0db-653c2cb96c0a, 8505 
194813 72e55eb3-aa67-4a3c-8f7b-656f9cf9ebbd, 3919 
319159 8a56b376-2776-4836-842a-b3a5877f4127, 8505 
124200 8826a903-cdc5-4d9b-a4f8-e042ac8d9644, 8505 
132660 4c5c4873-c38f-4acf-831b-19cc47f67682, 8505 
244444 1e48aaef-6882-45a1-9fb8-6e805d0c82c2, 8505 
376578 ee330dad-6eea-43d4-8eaa-121ff701c630, 8505 
390465 2968503c-a9fb-4c64-80f1-745adda0691c, 8505 
54133 d8a4479b-9a3e-4a15-aa80-d92434a56a65, 3919 
374864 247075a1-4e5c-47a7-b382-da2f5bd68d64, 3919 
223551 cccd35ca-cb48-40df-a61c-788eb3c983e3, 3919 
172371 f68d56e9-2b9e-49ca-9ce1-491f183668b8, 8505 
30087 b75f5d19-1b84-4520-9ad9-358491207e0b, 3919 
306623 9274e2de-454f-4a98-a198-d7e40726d3b2, 3919 
245134 a18b95ec-a7a3-438b-9dd0-7512637edcb9, 3919 
288077 69f8e3c5-d321-4e9c-96c0-6723bff2a56d, 3919 
398440 2d2f644d-0d28-4d92-bfb5-297f58ffcf62, 8505 
314232 6dc5f9b2-4b07-432b-84d4-123d4f236647, 8505 
198391 00edd016-e80a-430b-a109-d75d766b0041, 8505 
348314 0389c1c3-8924-4545-9bd4-15755623c5ac, 8505 
208491 e4ee0c43-1c4f-4e2d-ae1a-85b06cdc5918, 3919 
172051 402860db-8be9-4ab9-8450-64a4b6842094, 8505 
266458 eaa242f7-a215-4832-8907-82265c048bd9, 8505 
279630 82edcb9c-81d4-49ba-8b47-f127cf2f5c6e, 3919 
1284 0ff7afc4-e1f9-403b-9390-38e576f31b5f, 3919 
309732 f5c0ece4-3b49-459a-8672-ae69541b006a, 3919 
280305 efe189c2-2046-44cb-aa8e-c344f59b9440, 3919 
249610 7487908d-6438-4ced-83f9-d1f82c77771c, 8505 
309495 599e6dc2-3f20-44e9-87fb-a981de82539f, 8505 
64071 5f3d3fb1-4262-470b-a1e8-67097937add9, 3919 
253113 850ef66d-c080-47aa-91f3-cd33d5d374d1, 8505 
176033 f29aa93d-c0f1-4e4c-807e-132d56ec6c5b, 8505 
122629 a4087c8f-6a61-4e91-8c1e-d70cf75ed70a, 8505 
360874 88efb0bf-12af-491e-965e-2064c1df90aa, 3919 
132070 4ee2275f-276e-4453-b367-9460d0d02756, 8505 
70890 979d78ef-b598-43f5-9da4-533d4fc8c356, 8505 
5149 d5c27745-2995-44aa-b64d-06058983e9ce, 3919 
336367 0168ef87-2d6f-48c1-a137-339b20ff4d62, 8505 
117610 13b20b86-f29f-421a-ad03-83e190cff795, 8505 
381997 586809a7-e7e9-4544-87b9-ac2637873592, 8505 
68197 de01b762-6c95-45ca-b481-42c7bac97abe, 8505 
281703 993df081-377d-4b30-b014-b5d756f60ffb, 3919 
65046 aa6d485b-ce7e-4917-bbb0-78aa9fadb15e, 3919 
279522 339e54ad-e859-44e3-be3c-9813703798e5, 8505 
65836 727849a3-f410-4c2d-9b90-44ae66b26cd6, 3919 
226207 7cf20888-6938-43e2-92b0-4d4b5588a914, 3919 
98303 eb26e6f8-3561-4998-84cc-b53b86092c5f, 3919 
203430 974fea16-a501-4223-93fa-5e5249d1744d, 8505 
328658 14be0956-2d4d-4947-a3b9-acdddac1f39b, 8505 
241573 c7b151f8-ef71-4cd6-b48c-38673639981e, 3919 
74571 b68ad4b2-3d15-4d85-a316-1f2b0b46736d, 3919 
283368 3288873e-8196-452c-9f33-d28de59fb12d, 3919 
131981 a6f884db-e5ce-4943-9ca1-af682066aaa1, 3919 
251111 d064d310-1fb6-4089-a235-a8e92e4940de, 3919 
195968 8e1c1c64-1bdb-4ba0-85a1-3a116326bbcf, 8505 
376508 88b76696-2368-4416-abdc-b1132b3ba6af, 8505 
174045 f9b31022-ab95-4306-b247-8d74d8cc2311, 3919 
202470 2e636999-db16-4dda-bcff-5faa0168f339, 3919 
353611 03c78578-289f-4503-98dc-1d046256de4b, 3919 
22777 72991642-c175-4f43-a624-0c09f290e63b, 3919 
335862 9bfe3fa6-6e6f-4b1f-90c5-85bebb297548, 3919 
42658 7974ea15-9d9f-4622-8208-91db0b659a09, 8505 
371205 eacbf1dc-6b7b-42bf-a2ea-9343a06da641, 3919 
278021 6e576c6b-2e80-44a9-91c7-c28346c69e17, 3919 
286591 5c542dee-133e-4fc2-b299-dd909104424d, 3919 
16342 ea15c11e-291b-417e-b510-b1f63cd72df1, 3919 
75902 6b93725b-2fe3-44ff-9c4f-c29e77f7c71c, 3919 
188942 09d3c506-1da6-4582-969c-bf4e3a8a7a86, 8505 
133745 b1ab3da5-13e8-4da4-bccf-35d493abf3b0, 8505 
68189 f15ca4a5-a1d2-4d13-b06e-ddbebcba4ee5, 8505 
141520 b58dfd1f-897a-4525-b632-0f50ae2ce408, 8505 
290041 7897537d-5d4d-41c9-b139-50ca21336846, 3919 
187088 27eb42f8-5d0b-48e1-9059-f2cb9d5e76af, 8505 
344998 fc9fabcb-5a4f-4c3e-8c4a-661881086f4b, 8505 
124172 90d79f79-cf0a-42f9-a1bc-7c3791c0fecd, 3919 
122772 8f01656a-a4b9-42be-bd21-d64e75191e9f, 3919 
181360 6b001088-3ef4-47ed-9a67-2e5b45afa96f, 3919 
168624 5f68212f-c97d-4cbe-b286-e0f2307b2f4e, 8505 
159670 530c386d-43d0-4413-9bff-22a310730abd, 8505 
336313 f0e320bf-1f6f-4d86-b8a5-869040d156d1, 3919 
296880 97638ce5-a832-4332-9153-643047cb52f5, 8505 
361543 fd301a10-4ca4-4351-8bdc-2db9f28b3153, 8505 
258104 53609194-5329-4d8c-9cb8-bc03e1458cf1, 8505 
239746 2c65748a-f747-4765-82d4-de143a8d0593, 8505 
233952 fc74f51f-079d-4418-a4d3-ad785deaa727, 8505 
147100 f328dc29-8873-47d6-8a21-20100415fc12, 3919 
108075 095aa402-514e-4008-b190-d4a618d2a9e2, 3919 
36363 858ac9b4-78ab-46e3-bfb8-2dece3229e6b, 8505 
403774 f0aabb4d-5c7f-4bc2-941e-c776c27885eb, 8505 
40575 b2ad5301-4d82-46c6-827e-ef8c580ceee3, 3919 
259835 a885ad69-ba1e-4edf-b1ca-109eadc30c56, 3919 
146019 8f991571-958b-4682-848a-197da9cea101, 8505 
326620 66dd92e6-d967-45f4-b8ee-23bb6a1bf605, 3919 
249680 dd3a89a1-ffb3-4c06-9734-ad31db467db5, 3919 
293124 3de41198-86ed-4815-9f7d-0d941012565d, 3919 
101217 77ff286b-705a-4086-95d1-4a94f1f77d75, 3919 
88699 e07aab21-e218-4569-8556-f406042bcf8b, 3919 
351860 7be6833c-11fb-4ea7-bda9-43a69ea54e79, 3919 
101527 9828e974-5921-4919-93e1-ab798db5929b, 8505 
212374 413f66ad-f8c9-4477-9a08-a0ff76dad444, 3919 
335977 1befbf68-ff11-4a6a-ac25-b63f3b827326, 3919 
63414 df088b19-d64d-4c0a-bfec-5df2350f1c30, 3919 
53502 50c19f93-e1e2-466f-b3e1-8a32e1c952f7, 3919 
220886 a8d98029-02e8-4abf-8c11-1df7deba18f3, 3919 
272389 fde815c0-3044-43cd-8104-5ca2571cdf38, 8505 
102777 6f6a196c-24f7-44a9-bddd-c91da9d8ed09, 3919 
280722 78be4453-0a29-4548-9870-b851cedbb7a7, 3919 
41085 01a2db96-1a0f-4e70-81c6-ccb89a8a41dd, 3919 
10960 10b3b35b-a553-4933-aad5-d374de2663eb, 3919 
282516 8d3eb3de-80ef-47b9-a5b1-41e72e83732a, 3919 
212150 d8aee178-53eb-468f-ad10-e228fabe3c78, 3919 
338900 7ec134c0-ca7f-42af-b511-8ed7a3ee8d0e, 8505 
35483 c7ef8145-64f9-4bea-ac96-a39de5667eac, 3919 
154697 467f83af-26b4-4aa1-8690-a0478af83e06, 3919 
200228 832e4459-91fa-4e03-9743-0cbb38f19da1, 3919 
366376 39f4c403-15f3-4789-a94c-b676fa46a817, 8505 
299393 f2e6eb27-d3cf-4665-9b37-791685555faa, 8505 
273984 1b06b29d-cdaa-4287-bb91-6655aa3aacee, 8505 
62844 47ccd2af-0a00-486f-ae46-49a6e64da101, 3919 
275056 abf30214-8fcd-48ee-ad87-88cc97ff2b1a, 3919 
155067 865dc79c-98e9-4c19-b6fb-5ad1dedc3c2c, 8505 
12046 ee660f20-6193-4366-bb05-fa59ff615023, 3919 
326646 c67417cf-d196-4ad1-b9f4-023fea10108f, 8505 
290994 eb6f3ab8-33fa-4ae2-bfa9-4f669f1b3e0f, 3919 
397242 75edf9a4-edb9-435e-8324-c579f3fcdb62, 3919 
60524 a2939929-235a-445e-9e61-2e4c10e10b1b, 3919 
245589 0e1e903a-3dd7-4123-84d6-946917fee2aa, 3919 
86210 e80bc6ec-cad8-430c-a8fc-f9b2b392da91, 3919 
66167 0582b006-442d-4472-abe1-4eb531c5f318, 8505 
301246 0017d22a-7985-4ddb-8495-d178e6230abf, 8505 
186667 30d8c62b-2dea-4d16-a508-8941f66b961b, 3919 
267771 2d9d8a1c-ba5c-4ce6-ac53-6eda3f921821, 3919 
20195 a764b387-2d8b-4f06-9641-efb7af58993d, 8505 
295763 b490e9ec-fa3d-4d8a-9c73-32681756db38, 8505 
116607 005b273c-ca27-4f48-a49a-37a9011f61e5, 3919 
340284 fab2011f-1130-463e-9cda-8727aad0868e, 8505 
269883 0e227587-1384-4c20-9b4b-3f48da69ed50, 3919 
399522 dd448a78-3455-4a60-ad69-52054684fec0, 3919 
256227 7d6f3020-19c8-46de-b5b7-9dc0d71f7504, 3919 
326752 b21b8fdd-8077-4138-8fa7-d9cbc69ea90d, 3919 
310311 c29b76f4-2769-4c6b-ad48-0189fa9271c9, 8505 
305335 bdd8b0a5-cebb-4759-9f67-138f1ed497af, 3919 
47702 d2076bba-8216-49a4-96af-7be1f59a86c5, 3919 
134166 22e5467e-abdf-4544-b0e3-564d6f7826e0, 3919 
353895 8325535d-54a0-4f9f-80cc-0b022bfba118, 8505 
340527 9b0766ad-ddea-4e8b-82bc-dc4418345069, 8505 
254141 0ebe543d-283a-4ed9-ac16-3ca4dc45af1a, 3919 
296405 ebc1a562-38cc-4dfc-8fe7-324c68741136, 3919 
222349 68df213c-ce0f-4718-8e4b-befeec4e8886, 8505 
396283 9df9242a-90f6-4a63-822b-44e024d5a378, 8505 
386950 2fb61ba0-0a7c-4eaf-ad56-7bfa8728a9bc, 3919 
305830 f618cc01-c80a-4355-b46c-8d3b012c6132, 3919 
211103 230424d0-c573-4e7c-93b3-342bb011179b, 8505 
118110 c6770050-edb3-43df-92b7-ca5fad7df24f, 3919 
130391 810013ad-750f-44d3-9c8a-579dfe6f68ec, 3919 
212530 c8342856-43ad-4c59-9fad-6fe0142b1152, 8505 
341780 acc1d34d-e749-468f-8a45-d7914a5ea53c, 3919 
31129 ff040e41-1ba3-40c5-adc2-db95839c02e1, 8505 
314361 37665a75-d875-4ac9-b884-5f4bf1b32e92, 3919 
285103 ad6f10ea-9282-4af4-81a5-70112eaf9153, 3919 
403888 2f69a8b9-6392-4524-9ea6-6b57624d165b, 3919 
321315 deb30bd4-aa50-4a57-8c24-998c092a6dbc, 8505 
314042 1fba9cce-26a5-4d6c-b7ae-0c3a383fb020, 3919 
376294 be09d144-65f5-44e5-b54c-7794381e8da4, 8505 
210112 ec4a504a-be25-41f0-a00d-03d4f24af2f2, 3919 
67652 2c63257e-3520-43ba-a357-3048e946b4a8, 3919 
355046 441134ab-5a2b-43fe-8003-337d44381731, 8505 
47623 07bb1355-e49a-4e43-9b55-80cd9a398170, 8505 
330598 738294bc-ed47-45b3-a182-ba53c58aef37, 8505 
76627 941e5750-9c56-435c-aeaf-2005e09ff607, 3919 
359055 9b63491d-a624-432f-9836-a9fd7535e763, 3919 
207552 02c0a499-292b-446e-9d7b-b926c96c2b89, 3919 
338645 b28fe4b5-1334-4899-abfb-06baf8b6d524, 8505 
132924 4235b0e1-d3ca-4815-961a-576e92c95801, 3919 
41706 c7bc1236-5d56-4b0c-a64f-4ea39eda3ca8, 3919 
232999 36d00c80-fad4-4c8e-b684-c0da56b07637, 3919 
347369 b7d8ddb5-391a-49aa-b2c5-165af72a76f3, 3919 
83801 8a2e23d3-0773-47bb-b422-ea015ea23cf7, 3919 
303635 7de94240-2bfe-43f4-b43a-e30f7069d941, 8505 
190172 f2c1523e-e9d0-4a31-aad8-c7778634a747, 8505 
308040 986a7c90-ce9f-4b7e-8ed2-eac16d58fcc4, 3919 
55369 d98863c2-3fcb-4d4a-8a72-3a050270e8c3, 3919 
241942 e000876b-e9a0-4eac-905f-d8188857ace3, 3919 
356353 8db1d708-398a-454e-a75e-cd8485fbfe89, 8505 
89576 d3b0950a-f639-4ce0-b983-7b2e71889f6d, 3919 
200613 acd93724-019f-4bed-b00b-4db02f205b2e, 8505 
274863 92d5c64a-83eb-4ca3-b869-5d4ef8e8096b, 3919 
367741 38abf6e0-ddba-4111-b048-45cf96c42212, 3919 
203128 d2b9e2ec-98ef-4c08-9d58-e9162abee10e, 8505 
20415 c4636c4e-1194-4f3c-98a1-af026be5502f, 8505 
149654 2b1c0edb-79ad-4c43-9f9f-a9815629e0e0, 8505 
23402 113cd4c7-8085-474c-b735-5e67f7aef96d, 8505 
19520 b8ac4678-fcf0-403b-b2e6-ba9330c2b682, 3919 
150136 086a0920-4e87-4d61-b3ae-e6cd22431186, 3919 
266324 337289c5-ee47-41fc-820b-eba725bc98e6, 3919 
40174 d9602c5d-4858-4ac7-92df-9a9b12969485, 8505 
85284 13c988fa-2b46-41a0-8663-dd7644ab7625, 3919 
157114 cbb0e16c-5844-4be5-ac2b-ada19fd1e952, 8505 
148697 71354605-3dd0-4f23-adf9-29694dd7b503, 3919 
397908 d0dd651f-558a-4c5e-bef7-44ba8fb7eddc, 8505 
352825 07d84193-968a-41dc-be17-a19d1f7146df, 3919 
161052 c6b1668b-b280-4981-b29d-9e41b9e954a9, 8505 
201061 a3167fe8-1471-4e43-a41a-bc5a5d4f645f, 3919 
66379 0ae64d4a-1949-434b-b2fc-9291671ea53f, 3919 
112096 4e47c2dd-3dae-4257-9b62-d04815012509, 3919 
179138 a99d520b-9033-4bfd-b054-d939ad008ef4, 8505 
181086 2d171433-d78d-4581-8fd8-9d1bf21bee33, 3919 
121591 67794cd6-2c40-4c31-85a3-4a0b75c014e5, 8505 
180977 f3940eaa-cb9c-4e65-bff1-84559a411d08, 3919 
122107 d4e322ef-5a83-40b4-b139-47e07e844e14, 8505 
235003 563ca770-f0cb-44c1-8b61-5a05006bfd96, 8505 
387947 1b54fd17-107d-4f2b-ba2e-82d41fa502b3, 8505 
298795 0185f6b8-13fe-4d0d-8f25-315b6ee3cfc1, 8505 
174138 d48912fe-285c-4db5-9ba8-44c834b106e4, 3919 
277215 8cdd6184-4575-4e3f-b322-523562afc6ee, 8505 
53627 a8e3d21f-b04d-47e4-804c-bfc9c8b073c2, 3919 
182200 6db95b98-b9a4-4850-9681-6acdefdc2ee9, 8505 
15946 3d5bfc20-670e-42d2-b41a-31325b20d40d, 3919 
397486 8bcdf970-c8ae-45ab-9ac3-a06924e0aed9, 3919 
107408 3377cb37-cc83-4126-a12b-e64068f719c4, 3919 
151305 ed7e4786-70a6-4da1-8788-d09ef2869ebf, 8505 
382371 447892f1-a6a6-454d-82d8-0f5e760005bd, 8505 
315083 b8f00de9-6dc1-40f0-bbe9-1c2591f76d23, 3919 
140591 9f4a73d9-5de4-4969-b3c6-72f5497ba1b6, 8505 
120907 de39a18d-65cc-4207-98c9-79b91688d1d8, 3919 
39853 6f0c3344-741f-440a-88a3-dab5bb93fde1, 3919 
253836 ff99c439-66df-4aa4-8c94-b6e4890e623a, 3919 
340540 f34f8197-1ce3-4908-ab22-58c6720ddf47, 3919 
13257 15b36bcb-adf4-41ab-953f-e106965d3e0f, 3919 
384376 49ae9930-5dd7-4df8-8072-ca4b1c028319, 3919 
303204 8838584e-4b9c-42c0-b5ce-e1e9a4e12600, 8505 
383160 d21ec7ae-bf48-4149-a2bc-2ca747d94fa6, 8505 
252372 6b29ed03-a93b-4972-9bbf-42e91d469a1d, 3919 
23787 44b404e6-0926-4eb9-90e6-450af55090db, 3919 
120259 c724d3b0-c5e1-40a3-a316-44f464d08873, 3919 
289841 a83b9455-99f2-4334-a1bc-a2c507457414, 3919 
154759 41e79324-c1d4-425e-ae20-65f09eaaa337, 3919 
193745 6fc093ce-129d-4e62-a0ee-b2a787ec584a, 8505 
261971 32614df9-db1c-491f-b469-3adac6efe9ba, 3919 
207728 5bfbc57c-3140-4d2b-9034-0194b4927c11, 3919 
84986 ceb44b78-36f6-4c26-9fcd-bd765b2dcb89, 8505 
287020 b096138b-b6f3-405a-9d3c-d5d603eb5c43, 8505 
177307 c61d6473-ae43-4d56-bf37-a94dcec2fc46, 3919 
266742 737cdc97-8b03-4fe0-bb7e-0d394f833422, 3919 
326764 9e5b913e-c341-491a-b5bf-f714b8700498, 3919 
146104 b4438c84-6b26-4972-b6a9-7f92588a6ab1, 3919 
228486 0643e718-7f25-47c1-ab09-dc1e8f49cc09, 8505 
381841 ea822cf6-41dc-4640-a481-b3aa4f873388, 8505 
77115 14da751c-e4c8-4052-b5bf-d26ca1c85480, 3919 
403277 0ba2973a-823a-4d8e-a730-f98807f567f8, 3919 
249015 caef0e7d-5acd-464f-8484-d622b8ee5bfb, 3919 
254988 5cf63044-f680-453a-9494-c5fde44df029, 3919 
328886 65c3f860-3db4-4ed0-84bd-9291d6d75791, 8505 
206710 9164f93b-bf73-4c51-ace4-5b1c801fb53d, 8505 
284109 a7e373c5-34de-4828-8a3d-e6ea6ac5a178, 8505 
170877 ecd4ea77-80c6-4804-871c-c25b48d65ab8, 8505 
272815 d2e3531f-d22b-4a9d-8ef5-cba6cd95aedb, 3919 
397333 8ce850bd-e977-46d9-99fa-92575fab8eac, 3919 
98846 73816d6d-76cb-4c63-8306-5899de7ac4d6, 8505 
116135 5f55a9b6-c461-4c61-8056-47a111644251, 8505 
95823 93fe5ecd-af74-4b7b-bc26-1c2d9f532df5, 8505 
184111 38dfbf34-0ca6-4783-8f92-b1a0b9e49c7b, 3919 
360953 a1616370-c789-465b-86ca-dca5477815a6, 8505 
157374 bfb80da7-5579-45e4-8e6e-252dee545b65, 8505 
195257 daf4e2c9-8d9b-4fab-896c-c9c8266c606c, 3919 
167203 c494abb1-3bde-4dbb-9929-2e7456165fab, 8505 
332678 b9176a66-91cd-4647-ae73-a3e513f8c5bf, 3919 
311794 1b9bff0f-da3e-4df7-a185-5a0991cc8fa8, 8505 
199279 33444aa7-1318-4e13-ae3d-9136bdeb0556, 8505 
135413 97f8a180-aae5-4d2d-b65b-c1d42a78014c, 8505 
98370 3b8be264-5490-477e-8101-070d58a7ef29, 3919 
223802 5723746d-9b15-4864-aa92-3604f5deb39d, 3919 
55837 05359699-8140-44b8-9d67-5d6c25468949, 8505 
221333 43c25b62-ff0b-44dd-959d-238dfc2f4f6b, 3919 
383217 b850e1d5-1643-4566-8bc5-b74330ad5d7e, 3919 
94626 f389f0d1-14df-427f-bba7-35bf405fdb9d, 3919 
136670 c60541b1-db00-4207-aae3-e695d1ab0c40, 8505 
363357 d2e3efff-5123-4f24-a0bf-53f2996a56cb, 8505 
112864 bbc29478-08ed-48c5-ae06-3132c4021e78, 3919 
53177 7b1cb03f-b173-4faf-9b9f-c3be603e6dad, 3919 
209735 941e3232-cc59-449b-aace-2275aa20df05, 3919 
340847 7d91b2e9-fe50-42d8-8e90-2099c4ee5961, 8505 
269278 22224693-4a17-45b2-a70f-276640d78eb4, 3919 
102247 534bc5b6-ae52-4a63-9a8b-a3e030223300, 3919 
14893 0e195ea2-18a6-4a78-8601-26bd910cb385, 3919 
302354 7c069754-f9e3-4792-99b6-bb28ba158cc9, 8505 
281508 fc0989e4-5e4e-407d-af0d-63dd81853a49, 8505 
135407 d6c56125-a93a-4854-8d90-10f49099ab8d, 8505 
235364 d9446e86-c57c-4115-a5e9-2861bf924b27, 8505 
287759 f0a55452-c2df-45ce-aef8-14f1ddc9aa5d, 3919 
10258 db6f1393-940e-4163-9c9f-8702ee1379a7, 3919 
370293 8d38f924-25eb-4dc6-8b99-974daf368310, 8505 
66383 d5b305d8-1b29-4551-aac9-12ae34bd4449, 8505 
226169 dcf9e8ff-bae9-401b-9c38-81edbaff9815, 3919 
300255 c10e8320-6686-4759-ba48-66df0fdb380f, 8505 
198496 fb4bbbc5-26fe-4587-8f15-9e6455cdcf78, 8505 
130630 5df9d81f-c7c7-4e33-b960-0775a0b919db, 3919 
120616 e1547bd9-6f87-492b-87ae-8c23ab29235d, 3919 
102009 f0704210-876e-47e4-9db5-1f74ecefd263, 8505 
374672 d07eec69-29d3-4db3-89cb-2458d490435a, 3919 
181918 aed7646d-cdd2-42cf-92a4-26ee53858d66, 3919 
115684 f7a877b6-81a2-4313-be8d-e72515921d48, 3919 
93987 241d48dc-f409-4e4e-ac9b-5728fa3fccf1, 8505 
79712 17448c4f-a669-4563-a9c0-56d3bfa0a55b, 8505 
161992 b2e8ceda-9811-41ea-b3ce-a86151bcb4c5, 3919 
71896 6b3c67ce-7c7d-4739-a293-605b127d68de, 3919 
209634 6bb0a9b6-3868-4ba0-a63c-fde275c3cbed, 3919 
84651 e1dcd7ed-deaa-495e-970b-9a34ed52078b, 3919 
45042 2825a25a-4ed9-4aa2-9c70-3b0ec6939edc, 8505 
4986 56dc94b7-5601-48df-80e1-013288162be1, 8505 
166626 747e3199-fc53-4fa5-b2b2-17885dc3e885, 8505 
310653 be69a727-88cd-4610-904a-f82a82d503db, 8505 
136173 a16b67e4-33e8-41f3-8101-2f7106f28513, 3919 
329346 9566b904-feb2-43db-bade-4f45804adf80, 8505 
139767 dd0de46c-be4c-43a3-a9aa-d8bf7a15b10b, 3919 
39801 ab3a4d9c-f6d0-4c00-aaff-3d25985a7391, 8505 
64605 12d1ce47-2430-4a16-8278-b98d7c4300fe, 3919 
267025 f8787bb1-4160-4db3-ba77-45f966e58512, 3919 
103938 6e37a022-2344-46f2-bc61-a5156d9bb4be, 3919 
382250 9dc10fea-c3d9-4957-b78a-0de7be43cee1, 3919 
212731 71dbc763-0ecb-4408-a27b-9107a977d357, 8505 
205783 cd91346b-f34a-4494-af99-dd5ce620d2f4, 3919 
346176 35892180-45d2-49e6-be9c-fabcb733a693, 3919 
219655 c1c5d29e-86f7-4b22-a4ab-cebda40957bb, 3919 
165561 e254d933-2d76-457a-94f9-aed2757edf92, 3919 
248920 719b50d7-aad9-4185-bcc1-02e2adcbb31f, 3919 
26119 f38dd7cc-45dd-43ca-83c1-a851004942d5, 3919 
284338 f2014825-b6cf-4837-a2d3-4a29e865e166, 8505 
300488 814a24c2-2574-4579-a6e6-ff220a808c51, 3919 
281395 fbfdbc99-f81e-4e38-9961-ed64f22817ec, 3919 
106841 15c630b5-6983-479a-8cf3-c030d608ccd4, 8505 
12488 95e0f994-5726-4357-9c93-a89ecd6a98da, 3919 
345999 9e31fd94-5009-4bb1-bafa-0c797012e051, 3919 
263233 4353ec88-c6da-40a9-9522-4abec9899701, 8505 
296120 60c46bf1-a328-41cf-86f8-a0e82b599ad9, 8505 
290299 034a4ffb-fa7d-495d-a11f-6033f5b00607, 8505 
20590 a48b7ec1-bd65-4a72-9f3b-9bf8e08df38d, 8505 
341142 8d4d0ebe-cea7-482d-b987-feda11e33856, 3919 
33797 0bdf6640-7dbd-4e3d-acdb-b9dffaea3bca, 8505 
142468 81b23894-1ca1-4dac-91c2-3a76958f1813, 3919 
56165 4101a6cd-0d49-499e-af36-b77bb0c640f8, 3919 
402638 4e4dbefc-0757-4de3-a256-f843ca249a4a, 3919 
78145 4dc158e0-8716-441b-aa06-b7841b77a6d4, 3919 
6207 10039a60-d5a1-4a24-a037-81b04af46032, 8505 
24162 5d170fa0-d013-445e-992b-67cb55a1503c, 3919 
38902 50b7be15-bb26-4e8a-820c-6109812d9d53, 3919 
149740 00cc86f4-906f-4522-9006-12e51f5f0cef, 8505 
38284 8524fa03-9436-419d-9459-4e2cb388cc43, 8505 
142777 0892f64b-96ed-4326-a2e4-ca8d5f3f16a0, 8505 
130825 dec6122f-68ee-40e1-b983-4b6e6fe047e0, 3919 
281391 152d1863-c3da-4748-a29e-752e6023e0c7, 8505 
402627 983a8c65-0233-4b38-871a-84a95b02370b, 8505 
348090 f467e04c-dfab-4afe-9770-7b868525bf90, 3919 
360439 533043a6-cc89-4a00-81de-c0a21db20487, 3919 
164034 85b6cc40-9972-4956-b664-b1c7842c682d, 8505 
226648 339ce999-d2e1-4b17-bd46-ec13a94fa94a, 8505 
243759 ffb8e05d-fb8c-4740-9ad7-6735542f0eed, 3919 
317352 77b41744-5719-4a54-8a10-d3c88fdccd1f, 8505 
213366 8b3cf4b5-e959-44f8-8b98-851a4f326702, 8505 
63921 66245fcd-946a-485c-985b-e204b31946bc, 3919 
30756 e6118588-c742-47fc-a803-c886258ac8ae, 3919 
20860 6586a168-5034-47bf-9a43-fa25caed753d, 3919 
185286 dd05663e-6a08-4c52-acf2-34ffac697543, 3919 
186584 2603449f-4249-423f-b50f-eec08e1e797d, 8505 
188417 c925892b-f6c4-495e-83f4-9d31e4870c9d, 3919 
237938 4080deac-7818-451b-96ca-f7e0cc7db0b7, 3919 
302049 c4171930-5308-4ea1-ae6c-1bd5fc3f89ee, 3919 
246071 5610248e-e141-4a9c-bd8d-6f08447ab2cb, 3919 
165277 336ea16b-1778-4073-9e16-9af641303a18, 8505 
27934 98655099-ed26-4d89-b96b-287000801123, 3919 
77625 cdfaf65b-7dae-4407-872b-0c6e190470f4, 3919 
217732 962c651c-9ba0-4a6d-925b-675c463e01ce, 8505 
89555 de561f91-d8cb-4ae4-ac8f-9be97c73f713, 8505 
178680 20e3af9a-e492-4a4c-92a7-b4debfcdcd0b, 3919 
314492 49d2cd24-9019-4312-b07d-ff576baa53d3, 8505 
338742 1f55e028-b150-4f80-bb6f-396b6d78fdbf, 8505 
80156 28112216-7401-41a9-9c0b-495956c3386c, 8505 
10721 5f918ce6-27d5-40b2-922f-9c10f75fb810, 3919 
344356 3da3c363-1fe8-435d-b6c3-e88e41938ae3, 3919 
374628 758be91d-d72e-45ce-8a8a-dd85c3509209, 3919 
193066 3744689b-9fd5-4a9c-9a5e-b0c243ec4cf1, 8505 
32764 91c8495c-2e2b-4ac6-9461-0113a49aab8a, 8505 
85577 165a2102-b7af-49aa-9ad6-ce134e6ec751, 8505 
197439 84b3993f-393e-4ee2-8542-a4cea24bda69, 3919 
224136 c357220f-a30b-4b23-abc2-078b190a6a3a, 3919 
199292 f454b65a-fd57-4833-93dd-4f8a081fcb10, 3919 
375431 57197481-2c2a-408d-a92a-b13ecf1c28b9, 8505 
135350 2664e299-d68f-4081-b649-1cd150ff49c0, 3919 
284729 69024aa2-36d9-4414-b0dd-81405bf93f1f, 3919 
394106 ec9b0dcf-aabb-48f2-8281-e41f7455b574, 8505 
184017 a67133ba-1af4-4a89-a0c1-bdd5f5fc6231, 3919 
59411 3c4c7427-d843-440b-83ed-cf44f6611249, 8505 
260623 be64ed88-f6e1-44f6-b303-defdbe5af943, 8505 
165861 04739917-2d1f-45af-b1ee-4fb6c18bef98, 8505 
40477 ca9d8047-9132-4d20-93c9-1b3a918cec05, 8505 
255258 1c5ab6ef-b15b-4e89-8862-7217f7a7ba08, 3919 
400862 84c5a747-8aee-4a28-aa74-1694be4a38da, 3919 
362482 7ae53341-8c1c-4986-b0a2-0422d19c4b12, 3919 
67554 007ac038-0720-4d3d-b78a-d55edb33e3fe, 3919 
358834 86e416b0-0c06-49b7-91ce-81c303ef35c9, 3919 
380742 02db41e0-3848-4293-9406-e8c30a3d75fc, 3919 
223104 8b3fd600-ef56-46c3-aa2d-8c4df9a639f3, 3919 
582 8d0e7282-74bc-4691-bed2-c3c37b387746, 3919 
213436 26687a36-3a04-46fa-9e84-45e1a0cced16, 3919 
169746 53cdb90e-0084-42dd-81c0-a4a9105f18ce, 8505 
267035 466a50ca-ab3e-4048-8c7e-b95b783a3aa1, 3919 
396039 3a4734da-903d-44e0-a9ae-3b29abee934a, 8505 
115217 e39fd854-ffd6-424e-864c-78aa558c4901, 3919 
30679 2b09f4c7-bfeb-46c9-b0f1-25dacd0a6b64, 8505 
253440 19b601d5-c275-47e1-a2ed-c633a68f4217, 8505 
171262 2db275a0-91e6-49df-8c02-fcb172c5e9cc, 3919 
206567 4eb1252a-7177-4a67-bd9e-a312e0fb7781, 8505 
164458 627ec313-03b5-4dd6-9db3-e12e0b4ab4c0, 8505 
145069 e5eeeb50-54a4-4374-bf28-e678d3b7c27d, 3919 
81550 7647f2a5-d69b-4116-8f58-3c6028c4bf65, 3919 
322967 5650fb1a-018d-4d9f-844e-c4c1f0fce4b5, 8505 
104264 73fd39eb-9b15-4c0d-bffd-53e6d308321e, 8505 
362361 dfd58925-b4f8-4b31-a751-71bf7babcc2a, 8505 
13523 a3d87c2a-ae02-40a0-a145-919c683d3643, 8505 
104022 70ece5de-b8df-4a87-9a81-043a64e72bd1, 3919 
325432 9b689623-c234-4850-94a1-a3777b0bed07, 8505 
259803 f8967f91-8226-4558-9f98-e6610a4281d3, 8505 
57811 80dad215-0014-477a-b59f-7016a2ac45e7, 8505 
146984 217c63bb-73c1-4f04-b944-b42d8034b333, 8505 
316439 ba9ad283-1850-4564-8eab-bc25284b33c3, 3919 
262200 cb17df64-929c-4e75-bf17-4302f8bda532, 3919 
156625 582e0f9c-f440-442e-9fcf-d0bae23d71cb, 3919 
327614 4c1dbc0b-842f-4405-9372-215f22520756, 3919 
359670 aac7660b-fdea-429f-822e-09a67d33a998, 8505 
337064 19422ac0-3179-43b0-a641-2c6a712b3998, 8505 
340957 fbe037dd-7f7c-443f-abb1-3f3b8ff241bc, 3919 
77034 1b0333e7-f4ad-49e2-84a6-b16cddfeb41c, 8505 
15874 235912e7-03ad-4663-9490-0c132ad41787, 8505 
380570 cd842371-8d2b-41b1-a514-e2bd3372d0e0, 3919 
60827 b567d518-3f86-4dba-a3ad-2f0ae3525cd9, 3919 
33621 120545b7-f620-4c44-b13a-6877463fe227, 3919 
224288 e0aee1e9-f8a4-4c93-b1b9-f64a09d9afde, 3919 
46975 bce53e4e-1b54-4020-bb70-6cebad7de6bc, 8505 
268052 c74a43fd-5fd7-424c-8aaa-f4c061e0ff8f, 3919 
163780 99af19e8-21c0-4144-b500-d10d8cf8a431, 8505 
340122 4e6bd5e6-b7ea-4d4e-bed7-a71a9c79175b, 3919 
198103 45345651-0f5b-49b7-9344-028a634046be, 8505 
188488 55f6d68e-1e1a-4048-b9b4-abcab4595c96, 3919 
13717 f60dcec1-472b-448a-9bad-f9aaf8c6e8da, 3919 
399680 d1865684-5922-4bb8-b941-969f0197cc93, 8505 
161541 9a5952e3-d2fc-41a9-8e26-4e3291e19dd1, 3919 
46881 e5be967f-2b9f-45e7-a743-22f630161828, 3919 
246225 5b255de9-ae96-4782-a28b-7fa74c6c8040, 8505 
5355 e52eb62d-9432-416e-a98e-fd73501b094f, 3919 
382079 816623f9-fc24-4d62-aa66-05ed14ce1395, 8505 
90635 9cda5764-5f03-45f6-9e09-c44a3c71a4c4, 8505 
398380 df7ba914-a173-4d23-8a75-8f18174e790b, 3919 
227684 249eb227-30ec-4636-9174-37b004f293e6, 8505 
179044 429a2cc3-30ab-48b3-9d4b-2d784bb9ad3e, 3919 
38295 b650798f-b429-4d2b-b0d4-48cdd346c9d9, 8505 
278619 2cf44bbc-9ea7-477a-a729-84b42534b898, 3919 
311804 51039e49-8530-4fd3-9aa2-b6279fc1c8d4, 3919 
119783 de174902-0bf3-4fd8-984a-6ba7debe33c0, 3919 
314639 599b1c47-ab67-42a4-ad20-2487843d7643, 8505 
210793 0efcc98a-639e-4f6e-b880-8e61cdb905c0, 3919 
347679 4ec30e77-551d-41ba-8866-45894054c430, 8505 
224001 aff8709d-38ca-4468-887b-7581c759f927, 3919 
264746 d39eda91-e99a-4d85-b6e5-03fd14eefd0b, 3919 
281869 823e4433-8982-4453-95b9-0051d2161147, 3919 
174678 78f39110-2921-4c46-a150-4bdecc20e50a, 3919 
323941 8e0f4865-1204-4234-b345-9e31359c8e7b, 8505 
301819 5fbc6c8e-c593-4b2c-9eaf-b819befd46e5, 8505 
350744 ae47c7c2-4d04-4d12-8dd6-a72c20890461, 3919 
206264 ac4cb950-9aa0-44a2-9b27-ca7464a492e5, 3919 
97139 ddbb49c3-4097-41bc-9bfb-69d6b473a812, 3919 
257108 ccafdc2d-93ac-48f3-8bdb-8b5c33422783, 3919 
378438 f8828d49-a4a1-4966-a101-ec9caf6e5764, 8505 
87653 6bd9bbe7-994d-41ca-9495-595540e09de9, 3919 
59031 0b4f94f4-023d-4ffa-9ed7-c9d2df05575f, 3919 
65281 12ac678f-98e3-41ff-9b53-efb114049bf9, 8505 
144938 3a3ca527-b768-471d-9dc8-e756f892d83d, 3919 
241370 be8e1079-68c5-47ce-a0e9-98445aabc5c2, 8505 
218874 993b41cc-37dc-4390-a8c5-f47accb02294, 3919 
4696 44838e6c-0db2-45e7-b4e9-e8eb104ec981, 8505 
4637 8323ef8b-c61c-4804-8c45-b787f2b96b6d, 8505 
10941 ccc45a50-004f-4543-b404-cd5e40165981, 8505 
57121 d2cdc6c6-e3d4-4e76-b3e8-87b41b9b3816, 3919 
180669 2a89ef66-1ec2-4866-92ba-0f6afc236da6, 8505 
175175 0bba3df0-a1b4-4fdb-85ad-3f5a6e927536, 3919 
401070 af3a573f-d2da-4463-bfd3-25b4342262fe, 3919 
288114 624873ca-df73-46ef-bab5-c5de9239e2ae, 3919 
109236 04ee2b30-d973-4958-8a70-2fc5c968c6c4, 8505 
136435 34130791-8464-409f-81a7-cd6184ba2682, 3919 
228087 1c79f707-a73b-4e39-a4eb-7d6f4ecc4a85, 3919 
303209 1f97db18-9d72-48aa-af5b-eeae6235567a, 8505 
231344 e01c7d38-51e6-4ad2-9695-108204cdcd07, 3919 
19329 b45f52a6-3314-4f55-abcd-d06c5c337fb2, 3919 
211277 379a77c5-618d-45bd-a764-8aab639e82dd, 3919 
48452 bcdae373-697d-47a5-beca-cb091b1f3cf5, 3919 
242414 308107fe-b89a-43f5-b8d6-1e3746fd7f6f, 3919 
47600 20a9b984-6880-4131-b9a5-5426e8d2854a, 3919 
85585 2d56a75b-23b4-4f7d-8bbe-63c6e10e1f51, 8505 
316797 5a92aaee-452f-46b9-9742-3e2c3b41f125, 3919 
401086 77c4e862-ec52-438b-a3de-fcc35dcea7b2, 3919 
174739 017f6a1b-1c60-4a2c-9498-866a82d480bc, 3919 
387764 144e7710-ca29-4772-ac59-04e49a04ca59, 3919 
89785 00f1feef-306f-4b86-896e-7814693d53c4, 3919 
260416 cdafb309-da76-4d19-906e-9dfb4cffddbc, 8505 
276586 67e442aa-6fbe-4701-b459-d524d5c4dc5f, 3919 
142939 c9c84491-26bb-4286-9f4e-7a7aa38ff104, 8505 
299387 3802b1cb-b722-4749-b7a8-ff387b969607, 3919 
380598 359f5b68-f54c-4b62-a9c3-2b39b0e92bb5, 3919 
45551 911742bc-7f38-49b4-aeff-6f06e6cd6a17, 8505 
175641 d44b448d-fafa-4df8-b102-c19c1a949d6f, 3919 
246280 ea298aaf-2c02-4624-9f1b-05620d3e4cfe, 3919 
350531 4b4f7eb4-0676-4b33-bbce-859041213048, 8505 
128883 c015a001-0ee3-4b76-be37-05768b5d9a63, 3919 
89220 0173ac6d-d627-4688-b00e-172efa5b7552, 3919 
382226 7dee9e85-d6ba-4674-b2b8-4825d324f7f8, 3919 
145243 81b9b0d8-5167-42dd-8f86-3304940b09c5, 8505 
347575 a7637036-d151-4cb0-9d7e-962bb81f0a8a, 8505 
171707 d890518d-42d3-47e2-8a7c-3956cb9d47df, 3919 
179380 352522b1-d04f-49e0-b651-78573f6849b1, 8505 
98446 b23cbeae-1586-49fc-ada8-876e1c68707e, 3919 
341848 905551a0-e139-48fc-8986-7c54fbe7e46d, 8505 
76025 51a8295b-c33d-43f4-ae3b-23f70fe76356, 3919 
177621 515fa55f-7b1c-428c-a518-30a8334647c3, 3919 
342830 e2309949-818c-47c2-9301-3c81b78025e6, 3919 
340187 72ae5ea5-5226-4de3-9111-97c53bb224a0, 8505 
282931 a7efee02-d361-4946-8d07-6f4794630659, 8505 
269590 04cde85c-d3af-4a1f-9d5c-9f528ecead64, 3919 
284838 ddf5aadc-3671-4224-bd3e-53e6d513f557, 3919 
293096 5a621a45-0979-4234-91db-768a9cd4d729, 8505 
28999 380ff18c-19d0-45fb-9454-bae875d682be, 3919 
317477 0359a5e1-2566-458c-87c2-35130c74e394, 8505 
275131 33255ac3-0e04-4051-82da-ca14aba7e3fe, 3919 
220869 05e6f6b5-7317-4c60-bab7-9277ba41ec53, 8505 
195053 0d94c0d5-a572-4a7a-81bb-495056ab32b3, 3919 
38434 da26dfb7-2dc3-4c02-ac22-b34cf82dca41, 8505 
135329 e9ef4836-44ec-42a7-bfed-71e3f3eb9000, 3919 
382342 aad84040-f5af-4996-ba36-547009bcbe5d, 3919 
402170 d174f4db-8dbf-4065-bb94-485089adc6ed, 8505 
334066 7f64e852-5f4d-4953-af9e-e7f03481683a, 3919 
264496 ce61fd94-1626-4328-961e-1087b5c8537f, 8505 
191826 0924538a-b97a-4fad-9149-9f97a60b9801, 3919 
235974 7cf53036-21cc-4984-bc2d-dbfef2a78d36, 3919 
19844 0a93f83b-24d1-44aa-af86-0732ca9e5874, 8505 
200352 e4717963-286e-4b02-85a9-826062193fb3, 3919 
45063 75a01d99-3411-482a-a7f7-e34c392570de, 8505 
49649 25839fd0-71e9-4f6e-a04d-5565e5a2dcad, 3919 
92773 8aee1975-8696-4dec-8413-f34e883f7573, 3919 
232852 6fc8ac2e-97bf-4d00-9969-3404106cc1f8, 3919 
192444 5fc01839-6af7-4d07-957e-3b03a61cdab7, 8505 
328477 906afc80-0a14-4053-860a-6a2c26b8b91a, 3919 
349884 52399488-7574-4817-9c68-7ba3616628dc, 8505 
209086 5e96a557-f905-44a9-94ee-517e07b13d77, 8505 
208949 fc16a0b9-02ed-4709-90d0-ec6f7d044ddc, 3919 
298547 ac2af5bb-dace-45bf-a864-cf0e652e68e3, 3919 
32105 90eaa29a-ac22-4978-a2b9-083e98ccc428, 3919 
398184 e74cac8f-69ff-440c-86fa-7482a42c82c8, 3919 
231273 ee7d63aa-1cca-47f1-a060-a6467b2da7b2, 8505 
279933 bb3901dd-3db8-4d58-ac67-3d51fe7da9cb, 8505 
341523 9af2b683-9e31-4ffa-b743-1b1d756fc471, 8505 
89386 69bddd5c-3b2c-4cc4-acf9-7dbe2133e4d0, 3919 
107960 dd512b52-dcc3-409b-927f-f7557a637da6, 3919 
366181 543ca439-b08d-4554-8698-2d2f3add7d04, 3919 
49484 80e3002f-d865-408c-b5cc-27d25c429c24, 8505 
322445 c86fe779-99ce-4901-b384-339227738ace, 3919 
67381 8b17f08a-640b-42fc-aec2-cb88e2d1e41f, 3919 
30826 35e012ba-4339-4351-965d-558378e141b4, 3919 
32671 52cfbc4b-a6fb-49a7-ac2c-102bf6a91a02, 8505 
222434 b737ff3b-7f3b-4ff7-90b0-ae0a04814be7, 3919 
361917 72d4bcea-ca12-4271-9490-8a0d5e099e29, 3919 
156908 d54d63d4-ce2f-47ec-9bc7-4d1847fed006, 3919 
70284 e5a0c38b-8f70-4069-9d89-4da0fe8050f0, 3919 
232032 c4e592cc-730e-41be-890c-acccbf776d29, 3919 
396826 f3c7de75-3bfd-41b8-a806-f796771d4fd5, 8505 
90280 3014a7ff-57d0-46f1-9719-32ec3d68f8f9, 3919 
348051 cc547902-1b99-4e64-97a8-f936d61bf0c8, 3919 
20295 364a9fdd-d13b-4cd3-b377-aead7e790de4, 8505 
341085 7e2f97a9-4e95-4901-84bd-ec8721d792e3, 8505 
375067 0814d21d-011a-4ff3-9240-54cf21027679, 3919 
270965 6c4c5176-1300-4a8a-8ff6-d648cb63c988, 3919 
321130 bb8ad9b4-8cf7-4ed1-bdfb-9d5d5ba0e7c6, 8505 
157707 d5df6471-966a-462b-b980-1c4c6085d048, 3919 
119443 255d4525-9eda-4609-8709-c65f322d3409, 8505 
283805 5392f307-a301-4e9a-84b2-2c4711fb48d7, 3919 
81334 dfbc5f27-65d9-401c-ba0d-53c85602d5c1, 8505 
185566 96df83c1-286d-49f6-a114-16f304c3b5ec, 8505 
373630 561ab5f8-98de-423e-8594-c9fc3bb7ed50, 3919 
207664 50f573ee-101b-4766-b7ee-59b500ee2b52, 8505 
6221 3d2fb18b-aaf1-4fe2-8952-c8c044a0d1f7, 3919 
100071 c51d5736-c978-46f4-8ffe-b216f31320ff, 3919 
259174 bbd345da-5d1e-4f44-a300-623d4a300a29, 3919 
182193 fa397313-566e-4326-ba88-e6e133c25e4f, 3919 
251887 56b7a4d3-b8c3-40fa-a5d8-5848c1e10a15, 3919 
37913 f73fabf3-f937-45eb-8619-a443be275282, 8505 
55273 71d0f2ff-9b8f-47bf-94ff-0f7fabc16233, 3919 
175562 1c8fd698-a83d-4d3c-92ac-c5536712e84f, 3919 
46377 a5106919-6f44-4a9b-b23c-ed911e458e65, 8505 
287783 6f168264-a1c1-475c-96e0-b8e7864c8d8b, 3919 
367753 af0fce0e-aa37-4079-9522-cba620243dd0, 3919 
172131 25611859-41fb-4df2-809e-2852704f19df, 3919 
381711 b65a11ea-4b57-4080-b46f-dd6af49cb0d5, 3919 
101303 41fb4576-c583-4902-87e0-058330541106, 3919 
208675 6cfa6c50-cea5-4ffa-86fc-8802955ca8d5, 3919 
337332 186c5be5-3a52-4337-8097-669737bb7be6, 8505 
366791 d4ba60fa-7ddb-4c91-9aae-23210d9221fa, 3919 
350135 40e39eca-078b-48e2-9773-f3a65ed55f5d, 8505 
161008 80d32372-9130-4b84-8561-6481bdfe67ae, 3919 
396908 52ceb30a-01fd-40a6-9700-4b6c5897b95b, 8505 
85079 b772afd3-c38c-4835-ae89-12696bc0ebe7, 3919 
157759 fd3d59dc-83af-433d-8088-c8ba766c4df7, 3919 
134387 cfb64f18-0ca6-4cef-a02c-1cd1e45051b3, 8505 
54602 5f3db86f-18be-4d11-9fe1-271410ea4914, 8505 
279338 c40c8eba-9033-497f-a1d9-b56c646b7dc5, 3919 
305600 aca5eb8b-46f4-452d-a173-686f6b233fd8, 3919 
78354 ba2c3944-7ad2-465e-ae92-78110b18af81, 8505 
339702 cf492eb8-c954-4407-a227-2906c205d615, 8505 
339081 192e4a95-abd0-4318-9a54-f9abb85d6f4b, 3919 
162645 9c5d76b0-acc0-4931-8401-82de49da4a41, 8505 
57122 260cb103-48c0-412f-a86d-9220ae67fe6f, 3919 
29600 58a6c6f2-54b7-49c3-88fe-181991c6de9b, 8505 
293426 ee2e27c1-a344-471d-ada5-7306eccb7d41, 3919 
208120 67e2ce29-d0c9-456e-bbb2-ae921d6511bd, 3919 
403127 27f9e69c-847c-4c2a-911c-8b3a9c8204fb, 8505 
123744 05240c65-f967-4eed-86fe-aa5ae0606aab, 8505 
189260 c69bbd01-199c-43e4-aad6-67667bc0cd8c, 3919 
21746 3e849d64-2ad0-4b8f-a2e7-31a709d4d4e2, 3919 
286906 d656c43a-62bb-4f49-a223-b9d026116ba5, 8505 
164962 28860ca3-4bcd-4fab-a877-8450435c6f58, 3919 
294857 868fdb00-25d5-4547-b5b0-4f88b7f61677, 3919 
174811 bf1cb636-fac9-493e-b43a-af56060ca749, 8505 
190989 79e0342b-e71a-4ae3-a2f8-1c6f1391f4ee, 8505 
328344 e34a4da8-a902-4c7d-8cb7-9e994230a924, 3919 
304652 e45eb130-0ec6-4a84-9de3-14565fe2513d, 3919 
17960 0b8503dc-7d96-4974-bd6d-7aaf537ffea3, 3919 
201181 22cd9646-3e0f-45cc-8e6a-7a462eeb7755, 3919 
120099 1b4a10e5-d052-4bee-b304-28e85c7b369d, 3919 
271948 569f2325-b610-4bb8-b9c0-41bbc4169e67, 8505 
127061 c38aaf8f-4b7d-4d10-ad14-87ee6fe0c691, 8505 
188056 26cfe19b-eb89-455a-bbc3-149df5dd07dc, 3919 
335972 7d25e06c-1c71-4fc3-8909-bb6f974a0adc, 8505 
189128 b8a88290-aa5c-47d3-b13c-9f3ab5557434, 8505 
65083 7d5766c6-7ae6-46f0-8dea-9845e70fc44f, 8505 
162057 3d3d303e-cadb-4351-87a6-67e98cd0966f, 3919 
152823 32157ea5-b0a9-406e-bff1-2b0df1f7a616, 3919 
195014 276ff615-c847-4d8a-a221-c93ea384f1e7, 8505 
24150 c0948a37-fe5a-4574-9cc8-5208f76a9a93, 3919 
169685 b393f6f9-3811-42c2-9b23-9856ba597991, 3919 
190218 b8b58f32-6e34-4a3c-be1f-f6e514f59e8f, 8505 
16952 ba6bcc7f-fc65-412c-86be-79db25505b5b, 3919 
293959 709fdcc1-787c-458b-ba46-7371e2f4d947, 3919 
364450 f5279a20-15c6-45f6-b636-08227903e3a1, 3919 
79260 d126e0d8-2229-4aa6-9367-90a3908c7da1, 3919 
343620 d964825f-9cef-4634-a4ed-547e38b5b8c0, 3919 
358911 c33d7157-7a65-4084-872f-e8b22cbba7da, 3919 
257077 6db0a5c1-c409-46fd-9e21-15e2a72114a0, 3919 
327317 ad353021-befd-43c7-994f-3730934384ab, 8505 
384570 bcb322df-b7a1-4df3-81d1-e10595acbaad, 3919 
91695 a355f4f8-0737-4c0b-ae61-c3b9c8e08ea2, 8505 
128669 400015d2-1f29-4950-aae0-b7d1782485be, 8505 
186258 bfbdbbd7-9923-437e-aa07-64facfc7e36c, 3919 
69921 860d511f-de36-44dc-a172-89e61923f837, 8505 
307270 d4600c76-bde0-4442-8275-c31907b0d737, 8505 
17742 8d4ceea2-cbd2-405a-8e4b-a2ae6a9f8c42, 8505 
142119 24207a8c-2d32-4864-89d2-61eef88e194b, 3919 
173884 256a161b-5814-46c1-a86d-d56ee32cb5f0, 3919 
21416 2858623d-42c9-4fe5-a5a5-a608cb1675d6, 3919 
137460 61daff4b-f3db-4e02-a4fc-f948758cce7a, 8505 
325695 90812187-329c-4ab9-b341-6f664e26cbd3, 3919 
309595 4fa8dacf-c938-47ac-adef-0b5f5a77edb2, 8505 
41624 71f18c2e-65ec-4575-90e6-48005ad1d22f, 8505 
221504 9fa5bc9c-f80a-4f43-9cda-a64d32d4ac55, 3919 
74369 f5eb796e-d01c-4209-bc68-80f47d8eb0de, 8505 
397367 911bb4b1-a6cb-4dc8-b16d-ba13d2e57cd0, 3919 
198300 7cc28d00-f357-4675-a18b-e6a6bee3abcf, 3919 
96654 22b3f204-c7e1-4a0d-8714-ad1d7edc6166, 3919 
192406 9607a64e-9e88-4014-a627-4b05b3d3f6fe, 8505 
62208 4ba5ae25-1448-4819-b2dd-38997cdf0209, 3919 
52646 ecd2d41b-0e78-4b02-bd05-99b12c078de4, 3919 
314800 634b82a4-7f04-4852-a0af-ed9b375d7cb3, 3919 
245215 1b798414-0ba6-4977-bac1-85489a04b436, 8505 
203044 f44f7e08-7b05-495d-b0fa-5ad6608ea7a0, 8505 
10073 edd37a87-bc9e-4ded-8878-01a58e71fb27, 3919 
358922 ea0aa54d-47aa-431f-8bb4-91ac65069bc5, 3919 
10281 b1a92551-1589-470f-8fbe-b7a88dd51788, 3919 
295045 09cda0dc-36d4-4b13-a080-e2b641689378, 3919 
217819 9009104a-6a73-434f-81d4-b7183d8b6658, 3919 
125290 334c6f7d-a3e1-416f-9c61-e4f98b3de00d, 3919 
171765 68f6e774-a36d-48e6-ae53-742436ceb8e9, 3919 
98190 6c08a737-e6ef-4bb1-bbaa-88d58ad2b141, 8505 
77249 4b760c9d-a04e-4113-b5f2-ad789d4e8e88, 3919 
85191 b082c220-d2d4-41db-a12d-4764653de514, 3919 
340694 09ef10a4-0245-44c1-ae09-f3bb5853551c, 3919 
287048 c9420143-69b7-495b-bffd-a8a62790f3ad, 8505 
82286 91528b3f-41f1-4707-a891-189473b3b51b, 3919 
247891 9f732552-e7c3-4088-9318-c55371c8f4a0, 8505 
182494 9a27a9ea-ed2e-474c-9805-82108ddb38a8, 8505 
383529 9785b647-892d-4fcd-bd38-7add5d08701d, 3919 
355485 d72ec707-1f04-4066-a4e5-650dad128b92, 8505 
90742 78519df9-d3d7-41d0-a94d-46d7e5f7d04b, 3919 
229312 509076e9-a6ae-4bd6-adda-8a2a2fd3a797, 8505 
331869 51a13915-82e6-40bc-bc9f-c404341c47b0, 3919 
392705 7cb1246b-609a-41b0-8ea2-6e872f557ecf, 3919 
337723 b420c50b-f2cf-475f-a8f8-895e5d782450, 3919 
20175 5ba30fc9-53bd-4b46-a86f-ca3aaa93102e, 8505 
205488 f17e9367-9622-49f0-bf2c-a4bfcdd7fa4e, 3919 
284310 4555ebcd-668b-4684-ab61-6282ab4dafbe, 3919 
140564 1eef859d-4a53-43ba-8c48-06e3b9509654, 3919 
242957 6342ed2e-d78f-4cd6-8dfa-e9ec3978cf23, 8505 
122033 26b0e6a3-481c-45d9-9f7d-b10f6eff2c9f, 3919 
263011 5dbcffb7-89be-4f04-ba7f-63c43c127063, 8505 
14060 4d5c58f4-b18b-4846-91bb-4aab18fce721, 3919 
8096 43a5f6b0-9427-4b90-a6a8-66e05d0fa973, 8505 
90558 7a322697-f295-4156-ace4-7f41f0810c22, 3919 
402392 399757dc-5704-44e1-8885-61a751809974, 8505 
187660 b918c1b3-2093-4b87-bfea-fe7c30247e28, 3919 
311588 a24968ee-7ae0-402d-9cfe-fdd0a35b5957, 8505 
55911 bb112462-a1ef-483d-b937-acbf44604474, 8505 
349600 a4817be7-d751-43ee-94d9-962c3a9f8a75, 3919 
317762 f33cccae-ebce-42fd-98de-b657bf4338a2, 3919 
286020 b527bf83-f1e1-41fe-92e2-5f6bdd6e073b, 8505 
326413 91d13c9a-3896-4842-8226-28cb80d487fa, 3919 
290431 eaf4e858-41e2-4bb3-9b6b-51df44081b5a, 3919 
313906 c471c125-adea-4873-bab9-9abb59abf5a6, 3919 
86916 1f7c1cc2-d41d-44f9-a43a-431ad4076f1d, 3919 
69343 4192699a-6328-4f97-a69b-50611e19ee2a, 3919 
305966 8425b397-2e25-45bc-84de-2a4315436725, 8505 
108645 00fd53b8-b6eb-4b4c-9163-e04b457e80be, 3919 
34860 50fe6639-4fc4-4efc-b107-d0094d21ec3f, 3919 
325460 0e9239dd-b597-480a-a195-d7d7781909e3, 8505 
327152 4de01a90-8200-46ed-a14a-d3f04809bf5f, 8505 
20921 b2e4bae4-468c-41a8-bd0b-3f7136f0ab4f, 8505 
128746 08c2b074-b7bc-4b54-9d45-7483699b7581, 8505 
65329 7ae981dc-e929-4002-bcce-13aa53b1702b, 8505 
115529 8d9cbaaa-a72b-48ae-8ea1-bafc448ec217, 3919 
286943 e1c9cd14-55a7-4f5e-8a9a-fac74109ee73, 8505 
379025 cc65ff17-e555-497f-95f9-18182fdd773f, 3919 
191600 00c761a4-8cbf-4e40-9826-269d7b7292a9, 8505 
56305 93bda602-0d91-419d-93d1-387759ebe8f8, 3919 
223925 54b9ac73-4cfd-478b-b8eb-db62ba17f1c5, 8505 
218100 e652c2b1-275b-4e56-ab3d-1dc47a766d6d, 3919 
318407 b4943dac-fce6-4aa2-9286-3385891f8d3c, 8505 
120901 28769254-2a3c-4232-a10c-cb5742be06b5, 3919 
222637 d7d564bf-ffe8-45ca-b3a3-a2b54c6ed00f, 8505 
137293 a20f39ea-2d9d-4fcb-9260-097406e5a6dd, 3919 
169742 9c716aa8-c7de-4f3c-860d-b71a49b39501, 8505 
341525 67a3b9bd-55f3-4608-a7ad-0f7c9826c5c2, 3919 
361118 382ab861-34d9-4149-8d32-5323fb06da42, 3919 
316859 eea9f358-849d-4d51-a4e6-d6419b94af6f, 3919 
240833 99f58392-9abc-45fd-91f2-54ed141b26d6, 3919 
375229 4ef20c65-3707-4bc5-b5a0-e6913673221a, 3919 
38736 0031084b-2bf0-4331-a573-d4bcebf16fcf, 8505 
223820 27167bef-fa7a-4027-a33c-251d71b9e3b3, 8505 
146721 696253b6-7188-40ca-ac76-ddaff1c115af, 3919 
216403 f75654b2-cd01-467b-ba82-f9319cfbea5e, 3919 
217406 d641ace0-181c-44c9-84b2-d7474de51d86, 8505 
157346 1a890933-c86a-4685-b923-bf7ec6af35d3, 3919 
64752 9057fe11-03b1-4bc9-833e-b4ba2e63f7e6, 3919 
302237 231488b6-9cf1-422e-8e2d-4fc6826203b7, 3919 
175428 044fe1d5-b3b4-490f-88ae-75648d1ed373, 3919 
362587 c4a4545d-e67b-4739-b129-212f93d51bab, 3919 
52879 1cfd80c8-73e6-49b1-90fd-c4cfeecaff31, 8505 
71707 fd1e4ff6-ab3f-4ce3-811d-85ddc90ec6a2, 3919 
1364 ca427cc4-e218-487f-af3e-c384b86f7054, 3919 
34581 8703ae6f-465a-4099-a7ca-4b808d7e2d73, 3919 
35294 5ad79177-7d44-431f-89be-991609f43637, 3919 
294340 45f4af1a-4b02-4094-a771-0204fe62b475, 8505 
124249 be426de0-7a92-4915-a940-3a75a8d1c26a, 3919 
211768 8456b6b5-9010-47ec-9b90-4c7c033a428b, 3919 
202107 e1fa3854-df16-443e-98b2-b380a0a714da, 3919 
113952 76eb1735-b79e-4836-9b03-e5f5f6749fcc, 3919 
170867 191950a2-82dd-4a43-a89a-92c0557d7b8c, 3919 
219982 7009c3ed-af5f-422a-9163-32476c19681b, 8505 
20396 f7aa8206-efce-4e9f-8cd1-da3eeae93c38, 8505 
1397 6aaba6df-a1df-40e1-90c4-06314ba7527c, 8505 
21871 16e8d623-f921-4991-b5e5-653d998f3e70, 3919 
35538 eefd7863-0412-4740-9293-b0bd79d437f8, 3919 
12090 b552c732-d152-4b86-90ae-7763ea2da6e2, 8505 
145954 05cd2c1b-bb59-4906-8b47-cb9817633a01, 8505 
262963 fb9c686f-f8e9-40e4-a718-e69d0a37a64f, 8505 
126508 e314efa2-127b-45cd-87fc-934034dec69f, 3919 
359238 7fd3d31f-e03c-417e-971c-be627331504a, 3919 
367161 84f3a8d8-b12d-44ce-be49-d3c355d58c8c, 8505 
30057 140bce9b-4668-4cbe-9449-57b2d13452ff, 3919 
91627 4b57e91f-b243-4ab7-92e2-54fb0652d499, 8505 
165240 9393e6ac-87be-4c47-acd5-1b54e60a75ea, 8505 
315044 02bdf94b-f3c7-492a-9c69-d934e364354c, 3919 
71106 5d7d02f6-8b19-4c45-b07c-d60713429cef, 8505 
153463 5e05a81a-8831-416b-9c39-68cd02d5798b, 3919 
25104 81a7f087-ce4a-45b1-aca6-601b8e3cafff, 8505 
172275 e582690a-9658-4d06-9466-619a99e801f1, 3919 
180500 ea5d1f90-2cae-45da-8240-b5dcc8545938, 3919 
177046 a0ae4100-6f07-4b8a-8a07-4f24555c6d8f, 3919 
351292 d348439b-db8d-43ab-84d4-7b6a18cac9de, 8505 
70892 82c2bbbb-85e9-43ec-9861-5aaa24f54f7f, 3919 
248462 35c97f7e-0bf2-4c84-bbd7-1f64c5e01ea9, 3919 
369456 e7e79cd3-b215-4477-b580-427b6113a26b, 8505 
24991 00f2d46f-b787-49db-b4d9-a742dbf3181c, 8505 
365011 a2fdd1f1-6192-446d-b4ed-52e95bc840b1, 8505 
320079 eb3191f4-d628-4ae0-ad0d-a76aafac4c8a, 3919 
188012 28315e26-a490-47a9-bebf-ec54ec1fe0b4, 8505 
280690 6e801802-cc1a-4193-bbcf-1f52511ae6fa, 3919 
339817 805ee487-768b-45d4-8c14-bb43f00b3a7e, 3919 
289764 2725bdb1-d37e-4821-a2ac-c96a5170bad5, 3919 
359239 6eb1a413-e056-40a7-8e44-ed4c0db14933, 3919 
85281 076d1f71-6d6b-4d08-920e-ae222000d38a, 3919 
74266 8f912a59-ce11-4f84-a57a-e723adea2999, 3919 
147655 0cd89eeb-1b12-4e6c-9600-b1ca09f84864, 3919 
366982 9bd2c86b-5d6d-4799-b8a9-8566ecda4883, 3919 
394076 30306195-7527-4caa-b380-8a9b2158a8ab, 3919 
1455 684c0610-723c-41a2-9b85-d328e05c5980, 3919 
199531 b912dcd8-9659-4d97-a3ad-2bb1bfda983d, 3919 
172382 63de256e-cd51-4f9b-b1a7-3fb2c73b4872, 8505 
67109 3e33f336-12cc-490c-b9a0-047c316a99f3, 3919 
47782 6b3f5adf-4aa8-4576-ab54-72809aa1d5ef, 3919 
7887 6dd292bd-9b26-4a3f-a71c-a8d9ac5bd3b0, 3919 
375582 3a8f2f0f-8e6f-47a3-8344-2526cace4997, 3919 
218652 56f98813-1f3e-492b-adcd-01e9f2cc7bd2, 3919 
149785 0594fc01-8fb6-4193-88b7-aeef306576fb, 3919 
137675 d6e47057-6ed0-410b-b0af-1cbb59a98557, 3919 
182460 da7886a6-373e-4521-a3b5-6e84b28a0d46, 3919 
310162 e902e51a-88ef-42f5-857b-b11ae7e8ada6, 3919 
55824 078d2e27-1890-4830-9312-e83bf4ae8a37, 8505 
159367 347b3489-98f3-44c1-9210-9257b09a03cb, 3919 
243216 4ecc9717-7c8e-49e6-96b8-d9cffc7d494e, 3919 
382289 6dd8d475-b196-4c15-8626-256fec2ec9e9, 3919 
163751 ac1c824d-4506-4c6d-a6aa-3c1e04151e3e, 3919 
294161 e0c32df4-1280-459a-a500-feb7136f5b91, 8505 
356055 61b81991-50bc-4eec-bd73-f1ca493e4ead, 3919 
318456 208926eb-e93f-4e9d-9065-0bd1b716b394, 3919 
253119 fa02948e-c610-4050-94aa-d5250e6b331a, 3919 
111367 03795621-4cd3-4772-8651-55c5667241f9, 3919 
32573 39350fc0-748f-46c6-b8b9-5d94fb56ee55, 3919 
101943 44291367-7276-45f7-8a2f-76f9f7a89955, 3919 
172259 9a318131-8f91-459f-9ed9-f0bc61b03f1f, 3919 
18256 19ea70f7-ba0d-4900-b748-44eacd2ef201, 8505 
280086 4d20ac33-b071-48ff-bd39-9258570d39f3, 8505 
356799 4f6ce309-3bf1-4e9b-adcc-600c75e1222f, 3919 
222823 fef60ef0-6bec-40f3-8658-3c3f59a858ac, 3919 
51524 eb20cda8-fd04-4824-8674-46ecce0a5dee, 3919 
168201 3c2fba37-2da4-4f88-b791-279cf69f2d6e, 3919 
379971 16df416b-441e-405d-af03-93aeff6481ec, 8505 
233396 c444bdd4-62a5-422f-a4fd-e206a4547310, 3919 
300126 dd2e9076-a079-4fd5-b78b-e3379f0231ff, 3919 
403731 98ffbaa5-c038-4c33-9932-a2a16682bf65, 8505 
195502 f00631ac-a044-4d6a-be01-da96791f2e0b, 3919 
334037 3f9b1739-7793-4688-9260-7f080579abb1, 3919 
216241 91350eac-a025-46dc-a22b-b16b52ee2c3e, 8505 
207565 667e82b8-6ab8-45d8-9a0b-42143d1f2109, 8505 
168896 2cdab354-74f6-4725-afb1-6f7968732225, 8505 
65940 7632b83b-e7e5-40cc-9106-b182549ce470, 8505 
62952 f08b606f-8e1d-4aab-a573-cbae995a0aec, 3919 
3503 30fe32bc-7491-4916-890a-512065281474, 8505 
377937 091f8d78-53ca-4d14-b123-64356d8876bc, 8505 
214787 0bdc7805-fc35-4564-ad8c-53303e23765f, 3919 
360926 22a36840-e9e1-46e9-b4ae-bba655b208c7, 3919 
100519 e7a8db00-e1d9-41bc-84b3-d2f1d89ddd7e, 3919 
44151 39840038-8282-4510-a449-93e3f6b28ca1, 8505 
321390 00506f3d-d011-488a-baa1-0ae8faf097b5, 3919 
143061 1d5ddd89-5883-4aa8-951c-c8ea786b1702, 3919 
238959 1a1acd43-17d6-4606-924c-3c725bea7b61, 8505 
73705 9d73276a-bd6b-404a-99c5-da5658dd2a7d, 8505 
27438 eeda40ef-994a-4cb9-8957-7eac0579301a, 3919 
38351 b4fc9d9f-b45d-4f3c-b0a1-f050fd918d43, 8505 
46780 8054320f-67f6-4fe6-9fca-08b5f4a640c9, 8505 
69069 786ee998-43cb-4003-bdae-768b9b66977c, 3919 
278938 011c9f56-ff00-4149-9ad2-99cbb2f74a6d, 3919 
20076 a72bbbbe-64da-49d9-8037-21b31e97ab78, 3919 
132020 a2879808-fd27-42c7-8c78-71fe413404e5, 3919 
105568 6aec9640-d968-465c-8daa-1743416c064c, 3919 
96340 741aa016-f070-4e7d-9b31-86a24388386e, 3919 
101464 b66f1af2-8ec7-4b56-b7e5-3bea1e157985, 8505 
100502 68aa1ebb-eb91-448a-ab57-a01027bcada6, 8505 
217331 ceb6b33b-0f3c-4f5c-9bd2-682ab8d01eb7, 8505 
236888 13b71c05-a1dd-4b0c-a871-07e1f1ec2721, 8505 
316927 60fa1e0c-fc3f-4ede-8e63-d78059d1d0af, 8505 
154026 d91870ea-cb30-4771-a6d4-3e452c20604a, 3919 
373154 34980961-9ced-4b49-b663-547805275488, 3919 
317525 bde1f0af-d9a4-4d29-af07-f2f7a2b355f9, 3919 
361433 bfbcfe6f-4232-4584-a6ff-5e8a48bccb58, 8505 
13265 e8dd6e74-d16e-45ce-b99a-f9ba9affd345, 3919 
195497 d793a5a6-4866-4349-a6dc-408a99939751, 8505 
266010 f935ab43-ff8f-47d5-9d7c-444d3719f105, 8505 
315432 6c890481-26b6-4340-acfa-29843339cb76, 3919 
256668 bd606339-9683-4d9b-82a9-3123442cb7cf, 8505 
365876 6d289c7c-e91d-461d-88cf-43b660e85191, 8505 
247491 c3e2e872-e0e0-4bf7-a74a-81ff096a0245, 8505 
292299 db6e390a-9f47-4943-b93e-2352f0afda43, 3919 
367374 10355982-dae5-4f90-8e13-b9760a7bf650, 3919 
25868 27078d41-7afa-4495-97dc-9528f84d88cc, 8505 
3311 5782e42a-71d9-4369-8fd4-075d72228ff8, 3919 
374929 e1bc3ced-cd82-4276-9b7f-7880d29bb657, 3919 
22997 795315c0-1d39-464c-af3d-61c11ffdf89b, 8505 
34552 962a12be-9014-4df9-99c0-6c2f52c4d32f, 8505 
233995 1dfe458b-9a2b-408c-9fa7-b86f5a5631a2, 8505 
207145 7c64db4a-c794-474e-a729-0e64797433f3, 3919 
172875 fb5ebdee-260e-4230-9387-10b645c13af6, 3919 
29132 d7860df0-9d78-49d1-aa34-66c5ac8eb0b8, 3919 
43176 22c170c3-5e7a-493d-b005-f6feebd98961, 8505 
23450 0eb929ca-45a5-49c6-ac07-9bc2ee490af4, 3919 
228600 98ee506f-96b0-4466-b4a8-7ccc5b7a895e, 3919 
219838 e649022e-e66b-4632-b278-a6dfe840a9ea, 3919 
129057 199217e0-9865-43ad-8ef3-dba7cd83387f, 8505 
201874 942a11fc-27d1-4e7a-9a81-be81874df1d1, 8505 
371533 7d1d3c9d-05c3-4194-a745-0d77a2926e9d, 3919 
76230 51066108-5269-4864-9f7b-fca4cdf3ec8c, 8505 
96598 8a55451e-8d75-4713-93c8-10db525d0987, 3919 
88416 177bbfb1-6c9f-4993-b00d-da2cd2ca5fdf, 3919 
133643 3f8b88b7-2491-49ff-9ee3-a1e3877ab0c2, 3919 
193814 953b1b38-ed8a-47ee-bc87-7788d2b95fea, 3919 
400618 82c2d9c0-10d8-49cd-8b1c-257a17b49823, 3919 
72307 2e4c4a9e-3795-4c4d-b930-f5bc4028e001, 3919 
257572 66b890e8-e81d-4b32-8304-57a1fbdfa349, 8505 
248052 76b0a9fa-8ad2-4763-acac-edf16d378406, 8505 
173519 ccf02e0c-8c54-4364-a86c-77b6c47f3361, 3919 
398249 65f42fcd-5103-4efb-9508-652656fa00d4, 3919 
350174 4f4ceaee-ebed-49bf-aa59-f439e033395e, 8505 
100801 fa791cd1-b463-45ff-bc08-497767ff14cb, 3919 
238577 991623d7-c251-4567-919b-4a918a529a38, 3919 
6156 67f33a34-b4d2-4db6-b78c-7bacdf2c81a1, 3919 
120027 dd85a049-d9e4-405d-b81a-824b4359ac79, 3919 
72843 a973b2a7-57c0-41c3-bee9-6ca83e9bf4d9, 3919 
277357 c291a31c-e052-453a-8202-e9bb85a225bb, 8505 
128742 0671e0dc-4b6a-4d1f-b3cd-03fe4547a1f2, 3919 
297989 ded6c7b3-aaff-4ef5-bdef-0bd798f098e3, 3919 
301872 4b9a5ded-8a97-484a-a5f8-c17620dbfd6c, 3919 
348383 c35cf45e-f03f-496d-9240-cb61ada734d3, 8505 
204502 0fdea44a-ca05-4862-8d0d-af5610b6c1ab, 3919 
385006 6c24ae41-3323-4f07-b03d-e2f96a4a3e48, 3919 
107537 6d9593cb-d03e-4ac4-afdc-9f16ac792b23, 8505 
159710 e37cea56-0f80-4716-a05c-4c671df20976, 3919 
19625 7f01a679-c6e0-498b-935f-5a071214412a, 3919 
196591 54700b3f-59c4-4c2b-be56-3e6b25994256, 8505 
201749 81814d02-53d2-4664-9579-73a70cf5e110, 3919 
384624 c90f24d9-705b-4490-8c8a-a8447e21bdc7, 8505 
16738 f4f31592-5d54-48ff-b83e-d851bd5257ae, 8505 
230160 7c2075dc-ed82-41ad-94f4-7eaa33d68f1e, 3919 
70327 c474e0fe-0041-4fc4-bfc0-8222b84b7739, 8505 
130563 9ba404b8-e74e-4f80-94e3-7a6bfcf879e3, 3919 
21703 80246538-40ed-4169-9992-6ee4f71e3a51, 3919 
403407 e36481a3-bd83-43c3-a43e-f9263d67b712, 8505 
230593 769276b1-f568-4c23-8684-5a24c12a39f5, 3919 
151066 8fae1844-aaf5-4523-86a4-beef99c1f00b, 8505 
3525 16a6d3fc-f85f-459d-9675-417117a5a89e, 3919 
114873 7b118441-d9ac-4ace-97f1-5c040296195a, 8505 
356319 3ef66281-eca2-4046-bd62-f6d7cdac6476, 3919 
162173 cc828687-4864-4e8d-ac3d-94ca707d417a, 3919 
232981 a49621a6-1617-4e0d-9b8d-c4b49be4ad88, 3919 
82728 3f7a208a-310d-4c2b-a9f5-5266cc9b69bf, 3919 
93386 1e6daa70-4d9d-47ab-a0ef-1430c85b836c, 8505 
166280 e21b9ec5-d761-4249-8b7a-76d4add9ead5, 8505 
264566 bb435033-ec0d-4d58-a06f-a8c9c5e11918, 3919 
238728 201931b9-20c6-4afd-b7b5-3eb783ddf684, 8505 
261842 a7f6eb1b-d608-4727-bb27-acbfb288ee27, 3919 
294958 3ee37d40-e960-4c75-a764-b36710e3638f, 8505 
114612 e442af17-cba5-4a21-ac35-962a8e92b039, 8505 
99431 bec6c042-8ecf-4ea4-8405-1c7001cd9d84, 8505 
395083 f33509ab-3fc9-4597-87f9-226832262471, 3919 
307818 31269574-b3c0-4ed7-83af-46748529e4a7, 8505 
62251 48f7af6c-ca1c-415d-a03c-ef7873920204, 3919 
274126 71add65c-e7ed-4789-9962-5423662f9c0e, 3919 
3404 8fd9cfba-438d-4465-8b7d-383c3916f100, 8505 
123785 d811330a-b790-419c-869c-ae999ce99de2, 8505 
331085 5c6a064c-85ad-4a10-a090-1da91c65083f, 3919 
218791 91464983-4a6f-4932-ad47-17f6ca581540, 8505 
247205 8683124e-f096-4935-a33b-97a9868d7f06, 3919 
267231 db51d4e8-eb57-4fb6-a866-0fe73a5d61c0, 8505 
57618 238f6f29-70e3-4292-95ab-bab05989086c, 3919 
145536 17a7bc75-b62a-4541-a04c-468f9b0d6cc7, 8505 
91892 03ac176d-21d8-4c96-9e15-78bd9c07fe75, 8505 
352545 331c5966-3dc4-49cd-9a03-60466968ad4e, 8505 
155105 1f7035e7-4ea6-49d3-a785-bd5c0950a4d9, 3919 
36792 b37b22ba-40be-4617-8f8f-52f6e155ef06, 3919 
125716 3cf0fabf-b980-4f08-897b-b64cea7722e3, 8505 
51602 1c5a18bf-8927-44a6-bd32-847bf1c6ea3e, 3919 
47847 cbcf8688-8404-45c3-8606-f9cf083ba8ef, 3919 
176637 cba4c874-d472-4f38-8a6a-692afb9c9386, 3919 
79223 db7b4736-cfa2-4bdf-9213-7e7daa9f0110, 3919 
161539 77812ee5-74c6-46e3-9368-ebb081cf2485, 8505 
154713 76eac487-4c44-4f07-99ee-7df6bc372812, 8505 
122132 5263dd96-7e5e-46f0-9d8d-21e98273cd4b, 3919 
332258 1ee1be7b-bf83-4c80-b628-a6844e84186c, 3919 
108749 bd477b6f-79a5-4094-b77c-703b0acba7d2, 3919 
71923 fee2e32c-f9ba-4451-afaa-081dc0df7ef6, 3919 
10581 51624088-492e-42f6-b15c-17c200d8e0ba, 3919 
175058 76f41e66-e374-4e7b-b8a9-aced5c0b4e58, 8505 
259305 e1468264-42a8-4aad-a404-f7a841e38186, 3919 
82089 dbb5b9d9-e575-44d3-bf59-8739d6f22d46, 3919 
321009 4f195ca3-cd35-420c-b357-6e089fb1a28a, 8505 
259787 a9dc00f0-1027-44ea-8c4b-63a79bc55fe6, 3919 
271993 fcfcdcf6-c2de-4dd3-b3a1-5e6782a5c089, 3919 
281064 4cc5982d-c7f1-479a-8bca-7f6c8fdfe4c2, 8505 
208896 a4d97f30-8417-4268-a9c3-21de759d1f93, 8505 
180014 d17804ab-6311-4a19-b0af-83c7c051d8f8, 3919 
361567 39e06898-6e7c-49b3-9f9e-6a6c5a500527, 3919 
82834 d9a62d7e-0bba-45c8-af31-3e1ec8899086, 8505 
60683 888cd024-f6c4-460a-83d6-5e717e1faef1, 8505 
37123 e98f2bff-609b-479b-87fe-1bf0ac56a596, 3919 
352608 b2a31d5d-d18e-4e38-af5b-799fb0c2b535, 8505 
60178 c06c8861-7561-4213-8ea0-72e3b82bdd7d, 3919 
306554 8a2465f1-fcd5-4e27-abe7-9ccc84413d10, 3919 
292562 314152e2-c614-4876-877c-b28a9b3d92e4, 8505 
372554 eee8859c-b661-4459-a66e-492d66f1f84f, 3919 
98198 69b7569c-b897-4fdd-865e-8dc549ba7011, 8505 
260039 36d62d0a-3584-4bfa-b4f8-1dbaa2c8b1d6, 8505 
115296 18dabf63-fbdc-4681-82c8-29a816f6e2f7, 3919 
198297 c8a02ac0-faec-4b8c-bf09-e6baefe59d86, 3919 
246423 b67b5149-b1d7-4be2-bb0b-b54b4eafe58f, 8505 
173688 0ea26164-68b5-4628-bc6d-85fbaea0261f, 3919 
236453 a677ec5c-8f9f-4b90-b459-f6d8bd0f71e3, 8505 
130848 bd9316f2-aa08-45fc-9585-a8879a2f677d, 8505 
384369 7861010b-e9f8-489f-8788-b9c9350a6fe2, 8505 
307438 456f16b5-0940-42c8-816e-17ec7d29ee3c, 8505 
387766 4677384e-6797-4e9c-ae20-abca5f2ca95b, 8505 
395817 09c6ef88-c3e3-4dfd-910e-0207e8cde762, 3919 
67992 d37a6ab2-d61b-46a3-a66b-3e08957139e7, 8505 
354414 200af8cc-3c78-4599-b134-542d32dda8d1, 3919 
4392 17ffaa67-1f3d-47bf-894e-76b8989f3c29, 3919 
249422 9fb583a8-5261-4873-b30e-f6b049fd38f1, 3919 
82228 e605ff22-cd67-47a9-9f8b-dafe4d773220, 8505 
185253 8a99f0ad-f764-4b07-98d1-236ff121d0f8, 3919 
303578 397cd78b-7266-4a79-9507-997c80a2f5ad, 8505 
109396 68b4efa9-f686-4bec-9072-393de8665612, 8505 
72746 fa44a096-54e3-481a-b794-ad2433006ebc, 3919 
259798 fb4f5d5e-11cc-4ad0-8c8b-5762e94513af, 3919 
38770 3b9bee34-2bab-4a23-b52d-ea61ab180566, 3919 
54984 8d18296a-c6fe-4673-b3d8-06cee61ab016, 8505 
371441 da4b8181-842d-4411-8d25-f6e78e327d83, 8505 
127373 378c112b-b8ce-49e4-b195-cf58de1f2d1e, 8505 
217648 e91fdbeb-d3b3-4082-9131-9df9717961e1, 8505 
333379 428af33e-f7cb-4993-8329-f69cd829005a, 8505 
251633 96bf27e5-4088-4603-819b-40b58d6c02d0, 8505 
189261 265361ad-2a63-4713-93b3-ac1d08f6311e, 8505 
29956 05786573-d280-448e-ba2f-f5eb026caa02, 8505 
111742 2c96fe5c-46c1-4198-a41b-c142b9a2f404, 8505 
273637 b4ef1283-f5ee-4725-9352-3d20ddce1cb0, 8505 
167628 24ae7c23-c247-4470-8b64-a531c724f9db, 8505 
340115 5c4db66b-8079-442a-8f68-aa14ef7199d6, 3919 
386299 04c51325-254a-416d-9ecd-fee7dd05c2bb, 3919 
280693 f9c94547-b186-4ffe-90aa-20b5e19dca74, 3919 
93334 3e4e8bfc-387d-4ddb-ab37-d052fda0f375, 3919 
97590 6ca5d038-a56e-4d98-a0e0-d234c8a8e35f, 3919 
392138 71d5c887-b0ba-4876-8c76-be47fcc767ff, 8505 
94808 4be142c6-02a1-4970-87f4-439f021f811b, 3919 
273919 04de878c-93ad-408c-b65d-550520515010, 8505 
223255 d0217faf-925c-4d99-a8ff-44edd2de33a4, 3919 
321421 c2f0c7ad-3c2b-4cf9-b22c-c17d3317ac86, 8505 
231372 5796d2ee-cae3-4519-b2af-c471aa3ceda5, 8505 
378298 e5ad7a9b-7ed2-468e-83cc-42b9167c83e3, 3919 
260034 a87cc648-c14b-4f27-9cdf-e9abe988177a, 8505 
258075 829d355d-9deb-4a1b-b80e-692da8283501, 3919 
373181 819fe272-ff92-4dfe-b849-4b927728bfc4, 3919 
255403 6d9860a4-00a2-4f6d-8927-5c30e52bc143, 3919 
98928 038674d1-6b63-4aff-92c2-947f35d9c892, 3919 
362074 46a304a6-409d-438f-a43e-3e3a6437db7a, 3919 
351250 974cedcb-25e4-4fa3-9406-2a37c5f32823, 8505 
398298 94adb582-c993-4312-a142-6d73726719e8, 8505 
99878 c19e9cba-161b-45b8-a3da-4fc1f033cadb, 3919 
223786 ec736a0b-273d-4382-8cfa-5a4a5333ea5d, 8505 
350770 9193bdf6-61c9-4bf2-9e91-4c3817fdc6e2, 8505 
19556 541378af-ce5e-44bd-af5b-cb6031a6ceb3, 8505 
53842 49c3063a-f239-4a74-9a2f-9408935f2415, 3919 
279128 2f6614c1-9641-4358-87e9-312839b9d1d8, 8505 
156232 d95235f8-bc04-4ae6-948b-316c90073e8e, 8505 
398190 7649cdd5-298f-4fe2-842a-ac959b99b4d3, 3919 
56635 15c1bd67-2ef9-4f38-a890-74cc4eec2e9a, 8505 
344524 4a53f42a-75eb-42b3-8425-e3a9d90a9bfa, 3919 
324119 8650a34b-cc09-4059-acb1-fbbf9dac516a, 8505 
16659 3bb582c1-9049-4e7f-b8b2-a07163b993e3, 8505 
82771 be7f3936-daa2-49ce-9538-15485e38dc9b, 8505 
302806 4f796164-b8ce-4d33-b9b1-cc2d7810fe7f, 8505 
347351 eccc5068-215d-47ec-829a-6205298c469a, 8505 
204952 0fd4b6d6-986e-4585-bd42-342ab228efee, 3919 
42767 8f664186-08f9-4acf-bfca-0ed8fded91d1, 8505 
4606 68e338f1-3315-4d66-8b34-c0aa66ef1443, 8505 
78862 79acb189-937b-4e05-891e-704167bb42eb, 3919 
38345 9cfbb54f-b9ed-4eb9-9097-854a22cd2500, 8505 
192824 d903239a-8410-47fd-9c93-593bd29df4b8, 3919 
182016 29f3dfcf-ee5a-40f0-9a2f-ba437a9ae578, 3919 
123029 4479c5ef-b8ce-4ac1-af5e-3569a5be73ac, 8505 
329423 1270e31a-0c66-4735-b7da-88ee0fc1b1fe, 8505 
146049 7ef18f0f-36b9-499f-b3dd-9d24172a70b3, 3919 
49991 1b1a94f7-f02d-4f01-b09f-0212e8c8a719, 8505 
49260 27b6549c-2847-49c7-863e-564967af0da4, 8505 
78812 886d2c57-a152-42b9-932d-bead7ca295cc, 8505 
193265 f1eaf103-fa67-491b-8bfb-08d63d10f5c0, 3919 
67858 c02d40df-9f94-4f37-b1dc-97810f2fe881, 8505 
68456 97ccf4a1-8aa3-4b16-ac85-be6269270204, 8505 
142620 b60db8b7-cb19-484b-88e8-46fc9ca51314, 3919 
363079 3ebf5cf5-68a5-4717-973b-5e0681e15745, 3919 
176796 2d4870e7-72b4-44f6-96b7-29666b484db4, 8505 
400065 86c32659-a8ea-45da-b565-88e712462342, 8505 
305697 87fa5563-4add-41dc-bcad-ada3546c593d, 8505 
366854 3f4623d6-a8df-4394-8517-25bdea11de1f, 8505 
206632 6f7bd19b-11ba-4691-8616-209140a1c7fe, 3919 
210680 581d97e6-8f0b-4b6e-b26f-e7e27fa14b9e, 3919 
394295 0c3511b2-9aa2-46e3-8e3b-6248e3188450, 8505 
211563 1ae783c7-8ac1-4ac0-b7be-3670bcc820aa, 3919 
61195 deacfffa-98d9-4f46-93f3-0ca7b89bb5fb, 8505 
147058 62116ec2-5e6f-41e0-a39f-0040b9edb981, 3919 
153156 96ba6ff3-538b-48c5-ba86-1d8f6471ea98, 3919 
56728 125db495-f84e-4f37-b152-7029555f6b41, 3919 
105912 47e55690-37d3-40c9-a03b-24b5ecd949cc, 8505 
115475 13122da2-c1e6-4b62-93c5-c9f8209823b9, 3919 
399526 ec64c079-1bc7-4b91-aca6-be8f84395db8, 8505 
27622 a11fabef-0c45-43d9-89fa-b7350c6f6097, 3919 
154845 d514b545-1e96-4dda-b2d8-d7e76e2527d2, 3919 
343481 b818b305-c6c2-4e77-a3eb-71490b25d252, 8505 
18467 63322727-d996-469a-9e28-926a49a5726b, 3919 
124971 f49e8c4c-9037-47ca-95a8-a8fdfd144526, 3919 
70840 ad851a80-bf97-4d35-b6c4-a236909ca372, 3919 
270855 d0b1a697-44cd-4795-99f4-8085822909ad, 8505 
68749 1a7370e0-e7a6-4403-8ce8-ac8e97a656ae, 8505 
105448 d54f083b-9b74-4453-a3ff-5b17f4e5babb, 8505 
270394 10a477be-1177-47a6-9547-c858b981c108, 8505 
109053 b13bff29-ffaf-4174-87d6-d5d7f924635e, 3919 
148271 5ace7331-5357-41c1-bd33-912d98e4f665, 3919 
46620 681a6a6b-046e-4460-99d5-aa1024a28033, 8505 
102484 9dbd2a8b-ef33-4ab3-b2b0-a14ac30d200b, 8505 
212654 025a5eda-0c50-472f-a629-78f181efc673, 3919 
182406 b06c0d25-9556-499b-aa53-07faa2ab8a97, 8505 
323043 f5f73503-0482-43fd-a6f8-983f8ff76abf, 3919 
86868 b8a03c28-f518-4e85-8202-707a88cbc95a, 8505 
157745 521920c8-a5e6-4cad-bd4d-b5b81c78a8fe, 3919 
259177 e67b0f09-145f-48fc-bd46-05b21087cda3, 8505 
185410 cf2920f6-1f54-4d0b-bd9e-026576ae49c7, 3919 
175440 93b61cad-60b1-4938-b6ed-5827e4457d19, 3919 
394069 435b265c-ff39-4157-aa67-1abceba18ff5, 8505 
304816 b9e9654b-6e34-45dc-a7b6-9c018eb7362b, 8505 
327708 4839eeb2-da58-4038-9bc3-b0c49c1cb15f, 3919 
311295 a21c848a-91d1-4e40-801f-b4ed3cbc4618, 8505 
172628 b8801ed7-e2d6-4209-b7b5-048c5b2e015f, 3919 
36926 c8f50ad1-3c7b-4936-af72-09a5185b3f93, 3919 
80772 d2770454-5ac4-446e-bf8b-ee2bc29f6e86, 3919 
343223 0ac244f6-7031-4a87-a898-311da8972d4a, 3919 
277597 b10d6ce8-2f78-4afc-8a3d-95ef05f85b8f, 3919 
91094 4876a9d7-964d-4c08-9da7-5bafb711c357, 8505 
43840 2fc31507-4d1d-4925-8a13-79e5e3ce94cd, 3919 
396606 3dc18321-ca2d-4fe4-8db4-66f4b49b9378, 3919 
313686 167e26fe-f05e-49a1-87ac-08ee41734fb0, 3919 
361965 f2b8b710-4145-4a84-bd85-2ca099551d14, 3919 
394318 937984a2-2ff6-47e9-9d72-53080627921e, 3919 
107065 b8d99664-e14d-4f07-a102-116078247f94, 3919 
161573 4b02bfd0-3abc-4d33-8d48-264ec60f742e, 8505 
103350 c405da95-6cb3-4340-9185-088c264c0b5d, 3919 
225447 7b212188-0d50-47b5-a1c2-4f6b6bb9155a, 8505 
170765 4445fe25-d1e9-478e-93a8-1e62a0d1aa81, 3919 
266547 c5166e4a-bbb6-4878-b068-f6e549c9a62d, 3919 
227051 d6bece42-2aa9-427b-9e64-9687377aebd7, 8505 
83924 a6388459-b8a3-44fb-b6fe-5b3ced7d20f2, 8505 
369973 a5658009-7d88-4961-90df-c24f68b88937, 8505 
359139 6fc22189-b5bf-4a75-b9eb-5b5b3608c2dc, 3919 
226561 6e6846b5-54bb-4cc0-ae1f-92fa77a9cf52, 3919 
216266 77e356d8-2c49-41be-baa1-d3c16765f400, 3919 
111918 260720e8-2539-4e7a-a71d-415a8ec5bdd8, 3919 
359785 cb88ee51-c756-46b7-8130-6fb9d896ce9c, 3919 
297430 a1bce5df-c916-4965-9328-9e2fc3e1e50a, 8505 
255723 6723048b-53fe-4e63-9d09-02cad21e83cb, 8505 
144519 8cd93f00-c336-4872-a269-a3cd1371cfd2, 3919 
178631 3cc105ad-edd0-4e77-b85e-ca52e3a1d8ca, 8505 
249952 e4fd0141-b4be-4f4b-8550-a3d613df1586, 3919 
338510 b5ac22da-b026-4160-bdbb-d4290a67abf8, 3919 
363169 8e467719-f8d1-4e34-8fae-5097ab399324, 8505 
333072 5a819319-7454-47f5-8233-43bdff38fef5, 8505 
292795 72d57cb2-b035-44b6-ae5b-09aa8bf5a7ad, 3919 
196725 a1afd065-631c-46c2-8999-911f4058ad5f, 8505 
216820 80dd5051-ad12-4036-9085-7281caebd146, 3919 
130588 4bd5e1b0-5c8d-458b-8346-06dc3740e6aa, 8505 
220393 55ffa0c8-8ac9-4fec-8330-ed9554a8910c, 3919 
363440 48e06c59-d35a-4baf-8d1c-2aa28a7418c1, 3919 
10830 287c350d-838f-4890-b433-040bb90d2c0f, 3919 
208311 d8411b72-20e3-4fb7-830e-bdebe8f2e9dc, 3919 
316469 950669f8-635d-4a91-b5b4-772844c5b4bd, 3919 
374243 efc7e0b5-27b7-4857-9849-6c07347b9c9f, 3919 
260991 5ea8c909-2531-47de-b751-85d43736d997, 3919 
39177 f76236b8-d06e-46b7-8441-9ee0c6104b9a, 3919 
177200 bb19baca-570d-4707-a745-9b67cbdc4c8b, 8505 
161839 68967d66-5eb5-470a-bd89-4e28d7df830a, 8505 
228553 69d8b1ae-2ee6-4c36-a76b-1ff633633e3a, 3919 
145458 8f3d489b-9966-4cc2-b396-020d60bc2905, 3919 
229596 338a4bd5-ebe1-478c-8b17-ebbb061a1968, 8505 
343037 c5ea0dcb-b122-4a2d-80c2-3dc22eeaebca, 8505 
209923 8976a50d-cf5f-4807-86c9-d1b4deeabcfa, 3919 
242042 c25f2c20-2f3c-4409-bad1-196f7ab91ff6, 3919 
386673 bfa065a6-ea03-48e8-aba3-49609aec73d2, 3919 
28661 d61e520b-bca6-4372-b4a4-4f6a31115ac1, 3919 
284895 ce861776-1882-4825-a98d-9b68e2d281db, 3919 
320136 a0e732d0-f2e6-4f8f-bed7-d6858ef87cf8, 3919 
366565 85f00640-2915-4d27-aee0-319611130d5b, 8505 
203004 c1315452-de80-438f-bf76-797f555c4ac5, 3919 
385912 06043c5a-f003-4739-bd0c-f11b3955f40c, 8505 
116930 17e92228-be5b-40f9-b661-a1b752ea3e2e, 3919 
122154 63ba0fe9-abd4-4e44-bb81-6b9d7b8623cf, 3919 
271444 e4b9e32f-bf1d-4dc5-b840-a18bc5503337, 3919 
90563 2d88b03f-569c-484c-9237-5c724eaf0a90, 3919 
297993 d52ce6d1-dc37-4dff-af21-0b618ba41c49, 8505 
183703 08d59078-f4d1-49c9-9687-d3f8f28e2558, 3919 
334640 5227868b-1d5d-4abf-8367-ee7b38fc0aa3, 8505 
330846 e4f43104-d633-40a5-b5a7-e1546b8835b3, 3919 
259992 7f8cb583-501a-4187-920b-dfc0c70dbdf0, 3919 
234799 e45fa997-0a70-4c58-bd04-a91ecce455ae, 3919 
383874 6e45b02c-c5a4-41d4-929a-d5ecf5229fe9, 3919 
61173 4324cfea-604f-4d99-8f9d-d754a5446692, 3919 
21058 4caffb77-07cf-4996-9dda-2f525741a1bd, 8505 
286330 404dd8bb-f2e3-4e8e-9265-fa6acc8d0dfb, 3919 
370513 d45a1c32-3f77-420e-87cd-3bcf667eef4b, 3919 
221264 9cc786df-7f15-4831-84a2-a4a2df1c25a8, 8505 
175962 cc4e7d6e-b05f-4394-bac7-cd118d4b7f7e, 3919 
164063 ed62be1b-4d5f-49b2-b8cf-a5a7512c12dd, 8505 
109102 955dabb6-1581-41ba-8fba-07d3ddb69d30, 3919 
319470 0394425d-20ce-4a22-bae5-25f172e0a786, 3919 
155005 b0bd76d4-62d8-424e-81d9-0883853e1334, 3919 
309172 afc8a05b-2303-4bf6-b81b-7ccaa447563a, 3919 
354973 192fa253-9ac3-4383-8035-aa14a389706b, 3919 
41433 140f6711-0a22-4e7d-8746-16b050240277, 8505 
230120 b38889f2-30a5-4e00-ad38-ee97ec3abd3a, 3919 
255704 62aa2386-6e26-4668-98a5-fff28c9d007e, 8505 
100879 3013c322-f6b3-4e76-bbfa-51b4015d119c, 8505 
386224 89315e38-d82a-4fda-8de1-145c6c0392d9, 8505 
65832 1a801d9b-4430-4839-9e9e-e699f03d8e47, 8505 
367328 8e56b2e3-56de-43b4-b2b6-3e18c5925168, 3919 
384087 681e500b-d692-4fc1-a55f-bac150b0744a, 3919 
281450 02c68d58-344e-4779-a82a-135bfe5364bc, 3919 
285966 3a8be979-5043-4c6e-9123-58d8ca32fcf0, 8505 
209817 4239386c-5c6d-419e-b1b4-4eb6092d0f04, 8505 
289101 7474c8f4-8879-4b3d-b5ec-71e825bb9ca7, 3919 
218761 80119c60-76de-4796-a88a-3e4126669ed1, 8505 
187809 6d6b29c4-8107-4a64-bb35-6f3ea3c72b36, 8505 
274571 525cec79-9968-4d6f-93bf-3ae4d39dc8cf, 8505 
288235 f4c5f0af-3186-4e97-a465-41967dadc96b, 8505 
382452 f527dbb0-230b-4477-99e5-e0283acf1004, 3919 
148215 3dd8f10c-4c4c-4780-8008-4cc608dee11b, 3919 
121330 9843fe46-7cc1-40db-8db3-6d48267effaf, 3919 
237961 8ac62811-f770-40a0-a8c6-4fad5a31ccd9, 8505 
62433 4739e0ac-7644-48db-9d22-5fce99e02ed1, 8505 
280325 ea982e9a-7b79-4b60-949b-fa1910aa4ca0, 3919 
288233 f99f84a5-d56e-48f8-9f8f-011c036c348a, 3919 
166587 32945625-5fde-4ede-8d2e-966fb59a59a0, 3919 
159082 8196d3e0-43ee-4a78-abff-b5bc0ec41550, 8505 
367826 b66d080a-ea44-4f81-aea1-8df2f25e00ed, 3919 
90456 ede30dc4-89a9-47c8-a40e-c13413d60a43, 3919 
390509 13d9d89b-27bc-4e0a-89ff-d514d4099c94, 3919 
207196 7f27a52b-8bb8-4b29-8852-494307665acd, 8505 
258965 90e9d15f-5a03-43c3-b8b3-707c9fca48f6, 8505 
219288 543b9b0c-0d17-41aa-b207-27418633258a, 8505 
343906 3d9a8480-cb00-453c-b5d6-514b0514469c, 8505 
352615 eb58788f-0faa-44be-ac86-8387825a2308, 3919 
372196 f393a36d-f134-4a5a-916f-94e88ceaf524, 3919 
129322 ff3e76ba-5bcb-4a45-9f06-59412386528f, 8505 
189897 60528a8d-5e3e-4c57-8518-5339b245fa2f, 8505 
350937 7bfd8f0c-4daf-4f4b-9c59-51550229ba5f, 3919 
261849 6c2718f4-7a65-4426-a0ad-96d9c89f174a, 3919 
167856 825a0288-e5a2-4ae9-b90a-9d7ddbca3d15, 8505 
343305 9ad64ce8-aa9e-4886-b8b7-708fe70c055d, 3919 
25878 becf0ff2-53b3-436d-be19-b915dacae7b7, 3919 
383212 cb9b5560-c019-4dc0-9e8b-21e7a0797445, 3919 
42880 efd69e6c-6f2c-48b8-88b3-9b50897e0483, 3919 
303465 4db721e4-25b5-40a6-b5f4-87c62e9d4ac2, 8505 
366901 ad1891b5-1040-47b9-91bd-a9f5425d7f7d, 8505 
170420 1b490b7a-9819-45ae-89bf-312356160d5d, 3919 
109706 62205262-28a8-400b-94f9-b4a93d690b5e, 8505 
401346 6f8dc0cc-f161-47da-be0b-cc93a3249ed6, 3919 
375416 8a4a402f-5c11-46ec-931e-6fd5d7868588, 3919 
402051 471e6ff3-3fe2-43c8-a271-31a4ec732a6d, 8505 
152049 e1989a64-9fdf-4ed0-a525-43b5229e817e, 3919 
314038 7d370caa-2e03-4a09-b0f3-85b4a501bf71, 3919 
115929 a3101b5d-eba8-4680-a4c3-46285478c220, 8505 
248031 18fa7301-f430-4c47-9094-e2334d98519f, 8505 
320859 50ceb31d-f2e7-4635-9805-d62d6957c83b, 8505 
353310 bcb4b635-84c2-4da9-97ae-e1231ebe6e5c, 3919 
369818 1e007703-bd48-4a11-a7be-c5b6a50ebe37, 3919 
224409 5ed48aca-e3dc-4fb9-9516-400e23803f9c, 3919 
83897 216bd7df-9f9b-4acc-972b-aa9d6cee632c, 8505 
90308 48b4a7c6-48e9-47ac-89b7-925a45c4e244, 8505 
335048 6453c4dc-7396-41b7-ad70-f8239f4d14af, 3919 
389110 61c87bfe-0fd7-4304-a027-1ad17228bff8, 3919 
199320 a144bcfb-3122-4f35-ab06-91f24d7f5240, 3919 
381925 d524b71c-0d48-48ab-95f8-26008be35776, 8505 
208383 5a5f0102-e206-4f29-a513-cef6d6a11e3e, 3919 
149704 d58adb29-8f67-4485-8375-8a5fb4ee1cdc, 3919 
122055 cbaea3a6-113b-421d-9251-d7fa8de4122f, 8505 
287211 ac2f5bfb-3c26-4a89-819a-33c570e69f64, 8505 
393078 4f60f0c2-b8ba-46b2-8dc4-d403aaf6344b, 3919 
379466 115b32fd-54f9-4f15-8615-de6206832b0f, 3919 
198234 848d3cc0-de40-4f6f-8c8b-cc517f90cbcc, 8505 
8437 98688692-115b-46f6-9449-e211dd4d1b6c, 3919 
54048 8dcfdd13-465f-471a-ab37-e6bff259436b, 3919 
50716 0584e3ed-a4cd-4932-8780-e8b93cad5aad, 3919 
115712 44bb9114-fcb8-45a6-bd6a-cac4dc5db0c4, 3919 
354128 f93d9184-71f6-4a73-a7f9-c1d9af35564e, 3919 
19471 7ffbb7be-1087-48bd-9b13-1f72f9bf3010, 8505 
73490 6c9937f3-f9f9-4f6b-8781-c4d852501f7b, 3919 
7958 3f13cb70-39c9-4a99-979c-a09939a734a9, 3919 
201135 ad260d1f-c8b6-44c6-bffe-dd788715fb30, 8505 
312176 b0ad05bb-da72-4616-8bb9-1d678891a196, 8505 
333874 491c9d57-14b9-4343-af49-9a707f6eff1a, 8505 
281221 fe011256-25e6-473b-9cf0-20b5cd455582, 3919 
248341 6d37042c-3c55-4226-bc42-2e0306e285bf, 3919 
95321 98fc2b57-1b96-4903-bfd8-4ee468d70fcb, 3919 
293153 698d40d3-a49a-4b1e-aaad-0058a4cc7876, 8505 
89010 47c5439d-275b-43f7-bb27-2d2edbbf7e5b, 8505 
88625 0d894d77-a42e-4289-bcd2-f924c935a784, 8505 
14220 3fa12460-3e9c-4919-a3d7-25b2d42a467f, 8505 
70787 74c654db-de24-433b-bda1-88efdcc0e1c2, 8505 
122225 06b52f91-789e-4fb5-b798-257a45f314d5, 3919 
193069 9543cb91-10a6-4ab0-a5a3-4735b96e5471, 3919 
335152 f5d2b9eb-e8a9-4937-b9fc-83485e189d42, 3919 
176131 9dba71a9-775f-486f-b369-75eab9be1e8a, 8505 
238991 96ea9424-8d3f-44b9-8fca-c6d2843bc98c, 3919 
370869 1f422a12-c575-4413-b979-8273caf2fd2f, 8505 
82544 79081728-78b4-4d6d-a5cd-4e0f3ff53e4b, 3919 
399044 ec4dec5c-7b22-4791-bc7b-f09c0535887f, 3919 
27337 abf5a423-3ae7-4d6c-8d42-df06febe91ea, 3919 
139278 ce547de2-b6c6-4f98-9871-d1b3ffdb9baa, 3919 
174083 0853f406-db94-47cc-8f28-674e70593b7d, 3919 
318335 7815c70a-0906-43ca-bba7-eb8521778ed6, 8505 
19063 1d34556c-e73d-4c1b-b42f-88d8bb1d9d3b, 3919 
182237 c2957d0e-c5a4-4057-b687-7674e9a817d7, 8505 
12160 8289f0dd-218f-4690-9400-b59131151635, 8505 
364875 b99f2fdb-9bcd-4f6e-95f8-3c7338e07531, 8505 
221367 86f7accd-e3b1-4677-8abf-5e7f48b03e52, 8505 
120152 0e48c5f0-6229-4531-99f4-506d93a2ea5e, 3919 
59086 257381c2-9ead-43f6-b8af-807da889e8c8, 3919 
267559 9517a8f8-d2aa-48ba-8cc5-ed8d8faab293, 3919 
163373 809dc3ad-eafd-4730-94c1-1c7ad8d28c4a, 8505 
31052 b521eae1-31bf-42ec-9cdd-05b31cc9dd6d, 3919 
90390 6f233d4a-9cf0-4d64-bf4b-b97a04249b1a, 8505 
42585 ff9f8fae-be30-4ceb-af0d-23a578313127, 3919 
90667 4c32a064-2698-4d5a-b0b7-f7e3633cf605, 3919 
384425 136b3c23-6aa0-4865-baef-446ad02aa99e, 8505 
294269 edde561e-6c85-4057-a389-f1a781487090, 3919 
33918 c414a258-833d-4f55-94ef-d23563702200, 8505 
19913 f3ccfe36-c4c7-47e2-a44f-fa1349ba4d04, 3919 
148238 8f27702a-ea2d-4e8d-a450-42be6fb11e12, 8505 
348663 11af9f8c-771b-450c-8f46-9c5b7087bf37, 8505 
230686 eb2da473-0bf9-443e-a1f1-a6d0c44c8752, 3919 
97810 06350dce-1e3d-416c-9971-75dbe3903848, 8505 
245263 ee9d4fd5-e7c6-4e0d-a7b4-796cc4940fe8, 3919 
373233 6898d465-f312-42f1-91b1-f518df409968, 3919 
259188 e3624079-c267-49df-a34d-f6b6aa71ec00, 3919 
47343 ed7ebcca-2654-4e72-925d-d43fdc658ac3, 8505 
383526 13c5b6b3-960b-4d43-840b-e13caa45d47f, 3919 
124402 f24e9120-d623-41da-b3d2-ed1e31f83692, 8505 
167615 dadcd2a0-7f00-47fa-a494-9e884c2f5d1e, 3919 
113218 e9534d14-7023-42e5-abe8-7aa99896dbc4, 8505 
338875 f052b0e8-a126-435f-9017-1265d3154b94, 8505 
403093 7464e913-813e-4d68-a923-8fb9bada5339, 8505 
197163 8cb48b12-58fa-44d8-a693-9bea9492200c, 8505 
139941 688e0ff9-5659-4708-87c5-0af5227aeae0, 8505 
62237 31726a84-7525-4653-8ebe-d779222b9bf0, 8505 
66642 e663e0b4-0096-4ea2-8b89-0bde8c5b48cf, 3919 
23953 b739dbdf-d27b-4f9b-82c5-5503445cd9c6, 3919 
50732 206d937e-35ca-4f08-b726-aa4a65375c12, 8505 
135427 16b1f818-7609-46bf-97d1-8aa1c80aed07, 8505 
291770 66cc29b3-14ee-404e-90da-f8eebccc8eb7, 8505 
104257 964e1763-c114-46f7-bacd-82dbb212d7d3, 3919 
294793 f38ac239-c11c-459a-a1f2-6bdae11cb5f9, 8505 
82980 194c4827-a9a0-4912-bcc6-eecf825079fa, 8505 
48930 e8f68098-0c25-4de2-83a7-a6c15b2bc6ed, 3919 
246385 2c8b2fe2-87b5-4c8a-b085-837417ce5eae, 3919 
269754 bc2dee4a-e12f-49c5-9835-7540620f1fdf, 3919 
141261 86953a89-a52a-41c2-96c8-4d33f3ce6a62, 3919 
396337 82fd0c6c-cc8a-4466-a5ec-0ada8dc3ec16, 8505 
68120 fe3fe325-ed85-4946-8347-edd10e23f7b8, 3919 
18849 ca8a83f1-cb3c-4b0e-9e7e-4b61cf8a74b8, 3919 
7977 81052fb2-708e-401c-9328-8657072c5555, 3919 
88478 2c7add10-2f31-486e-a6b5-bb84a7f111bb, 8505 
172471 630ef1cd-2e2e-4df2-8983-6ef066f74a2d, 3919 
275277 f9709ebd-cf7c-4ef0-9422-7b9d1872630a, 3919 
356340 c45ddece-2c48-4b4e-acc3-05cd9c8eb972, 3919 
187749 314ab2e7-df8d-474b-9454-6a8a149c0b83, 3919 
306034 ef7f5ed5-bf4a-4dec-b396-505cc5eb8e13, 3919 
303459 b1d06c0e-8edc-488f-b85e-010fa77b472f, 3919 
346787 8a24caec-bfad-43d5-a76e-646e204549d7, 3919 
201327 c7e25bff-9bf9-4130-ac2c-d3d0f82d9a04, 8505 
103191 6c1be3f4-2102-495c-83c8-40622d321325, 3919 
317105 970ccf19-2b2c-4a93-874f-565c12eae723, 8505 
215609 82dc6af5-bfe8-4be3-a8dd-5dd225af23de, 8505 
335791 cffe1590-d25c-471d-931f-4fba663cf38e, 3919 
350873 060d5ec1-cb45-4c17-b364-24961f9a0afd, 3919 
247366 97db53d2-f99a-4ae5-8d75-9ac9f232e11d, 3919 
356372 23b6df3d-55b3-45f5-bd76-ae70b0604756, 3919 
116906 564d49c4-9643-40b8-8288-4bdd09c86ede, 3919 
153704 3af23f88-9e32-4a90-b3b9-f516722625d3, 8505 
155592 79d11df3-1c9b-4383-a9c3-4ec57807e9d4, 3919 
134693 a48d1bd7-0bff-4bde-bfad-539143715cb2, 8505 
141713 d31b4ca7-7291-4cd9-87a8-898ba1701cff, 3919 
214440 8537f816-d1bf-485c-8595-47188c7b48cb, 3919 
350082 1883eeab-28c4-4a11-952f-b1058d027ec7, 3919 
390347 8ab70243-e283-4285-a203-492baa5b6f77, 3919 
101093 c6f75e90-f495-49fa-86a2-120ad2b7445e, 3919 
222889 1cd4ca60-4ebb-4d30-8f26-5d6e48fc35d5, 8505 
320632 2d1b9015-d94b-407a-b34c-cf80445c024b, 8505 
185864 3c510bc3-7fcc-4022-9de9-d01e4c22fc30, 8505 
311375 e7dfd1c1-d9d5-4640-9dc1-448055195026, 8505 
246319 a744ce75-da69-4cb1-b75e-a379e16cf76b, 8505 
6928 80adbd4a-a6df-49e9-8481-91da6d0444cf, 3919 
172925 c2bed599-3083-45a7-a3dc-a3c9c59bed5b, 3919 
203895 b6604078-df35-4ad0-81f8-cbee79b9fc3b, 8505 
225455 5f6a9f93-343f-4be8-8082-af3150f5a5d9, 8505 
402305 cfab3398-be03-465a-96c1-e3ae3b7c2c01, 8505 
160817 75c5cb87-d0d9-4a7a-b6a9-ca840253c540, 8505 
188127 a6b7579d-e0d0-4998-b903-2bc5de37be5c, 3919 
369163 af541d9b-327a-4c57-bf8f-4648ea4604dc, 8505 
296167 53d80704-201d-4f1f-8567-34563a1b6543, 3919 
367959 8c13d1de-7771-4ff7-a566-85e95769f4fb, 8505 
391783 83778015-ecad-4e29-bd35-8eba7a7d1429, 3919 
29239 1aaf28ac-2b13-4f6a-a57e-1e674418fa2b, 3919 
292893 08ac9835-4cc3-4078-a0f4-2318ccef6367, 8505 
249021 42a6118f-76fd-4c88-99fe-17216442ed81, 8505 
66356 fdaf6377-e79c-44a8-8c88-e434cc09136d, 3919 
160747 eb5b43f1-96c6-409f-8ab0-7dcc1707af8a, 8505 
322968 705d46ba-2eba-4219-8d47-20ae77983fb7, 3919 
111196 741c552a-d8c5-4cde-916a-0e1194f7adad, 8505 
166730 b42d14e9-84a1-4a1d-ad9a-17971cb2362c, 3919 
241330 4b6952a9-be4f-4a35-acf5-205a10059b56, 3919 
97541 610c3059-eed6-428e-ab9b-a466de7f93da, 3919 
73143 d68961f6-79e2-4eeb-b393-5e4abda23b20, 3919 
375767 1afdf297-5053-4573-bc57-a1307cbf08c5, 8505 
153449 3eb69cbd-c09d-471b-8458-e4e01c2957ec, 3919 
224651 1f095ac0-8bd8-406a-b03e-971e01868c7d, 3919 
335025 7214c1be-0152-4e4c-a990-27ada558802d, 8505 
374621 9330b64a-53be-45ae-b975-174ee059ed27, 8505 
26111 131aafb9-8020-4e7a-8b63-81ae149d4448, 3919 
403811 84394545-ab6a-49cb-a1c0-e9dd8aa49bf8, 3919 
383912 0f5eb2da-ff5d-434b-9950-b69ad482aeba, 3919 
245880 3162c040-128a-4362-bbad-894f5cbb09ec, 3919 
394186 d6c0a1fb-de04-4669-a1fd-ac4402646353, 8505 
263064 0892abb7-9729-4fd0-a8f0-59345f398bd7, 3919 
236371 fd50fefa-f66e-4538-8e59-633fbbeb452a, 3919 
387453 5338050b-8602-41df-93a0-a05994e83919, 8505 
260948 57d427ef-857e-47d6-b4cd-f7582e3a765f, 8505 
105090 38e9ee1e-ef59-4c4f-821b-da779de93048, 3919 
87190 e38ced17-078f-456e-a92a-5ebe02721fba, 8505 
274902 2450dda6-a6a4-4c1c-a205-38c0067f9e23, 8505 
105419 80564b41-b832-4385-92be-e463140d8460, 3919 
268829 f0e6d5e4-d8e2-4abe-8930-3b05fb93d160, 8505 
92262 60f980ba-54f1-41c8-8b48-73a66659bd1d, 3919 
377311 81ea0329-fb43-4c10-8f1e-d8ed4cc08e1a, 3919 
346862 61f10c27-30bf-41e1-9770-0978b99a861e, 3919 
341387 e204d268-c4d6-483d-a316-661a6ac234e9, 8505 
100542 0735fb62-152e-4332-a000-e7ffb87f5567, 3919 
144661 f33c885e-1d1a-470b-8bd0-2fb27c9cd9ba, 8505 
241409 12c4e17f-f5f4-4bf6-b9a2-a3f2fef5636f, 8505 
195642 fe613ed8-8bab-4d62-afe9-5acd646968ef, 3919 
391123 e030a8ca-8ae8-4d8b-87e0-0c12cab2c0e1, 8505 
167841 4bffac9e-8093-4f59-ba8d-64c762c40b40, 3919 
378975 65c064c4-3d75-4e0c-9355-57f86fb5c77a, 8505 
206251 f3c49326-110d-4e2a-9506-7ed1dd320e90, 3919 
204126 23a7c25e-4a3b-4b15-8528-50d3c3c3f12e, 3919 
191586 67126426-03c4-4b45-ba97-f60f7b2e226b, 3919 
397524 a6745aec-8fcb-4e76-aa38-19694e51c40a, 3919 
98098 8e153b0e-668a-42f4-b5a7-3b3e1457923e, 8505 
257064 dcd0d202-05aa-4e9b-ad50-dbb4b181501e, 8505 
71890 06e33e6a-1899-4a13-af7b-6aab95fa0b75, 3919 
97252 b46e6f44-eb69-427c-9d38-6256e48a13ab, 3919 
160218 045ab814-dec8-4f84-8141-791c39f48f51, 8505 
59796 dd87d1c3-c06c-4727-83ed-85179f6a6dc7, 3919 
352373 577d3ca1-6787-42f5-a0be-b31e0a15cee3, 3919 
152551 e2bd173b-16ac-40b0-b2b9-7f09b87de874, 3919 
71894 c803a72b-2c8f-44e4-948c-0b93831ea85a, 8505 
233804 eda4267e-2c11-4d51-9872-196b0e8127b9, 3919 
249867 989cbeb1-f5ae-4519-94bb-99c29d41efe1, 3919 
59606 01d8ef31-2ae7-428c-a4c8-046d690a8e25, 3919 
126816 8585aece-0168-4444-83de-33b8a97a2b10, 3919 
76922 be4a859d-2f08-4682-a7ed-2a559759d98f, 3919 
190930 c861a101-de55-423b-a946-b1f5e63ab1a9, 3919 
122042 43697cb9-acf2-42a6-844f-7bdf9d297f8c, 8505 
222788 54f4560b-67f7-4b97-a8de-b30d98128ab4, 3919 
70355 3e4c166e-e986-44b8-88b5-b10202b5bae8, 8505 
338191 36af4bfd-18b1-4e29-914e-f3b71da2a178, 3919 
267997 49f70bc1-8109-434a-a910-624daa9ddbd6, 3919 
216074 88c5f117-1586-49c5-9aa3-08dfef622cdb, 8505 
340678 5bbe70a2-c4e0-4cf0-8595-3cbffb1b0af0, 3919 
329730 d331f70e-3eda-4f40-98f9-6adbecfa4025, 3919 
329011 f2962130-0aad-48b2-a758-dc3b493c4cbf, 3919 
299108 4f19e226-8ca3-4e69-b497-eb0a203c7a2f, 8505 
331327 a0ec2d20-3d3b-4132-9eeb-94f68050d1fc, 8505 
208 845973bd-9559-4678-8a4c-4ea9348e078a, 3919 
71242 010e98d9-afb7-4238-a429-3ef038d94b65, 8505 
297217 50d44948-d1f6-4e89-8201-82bb9b5015a2, 3919 
385570 423f9141-96fb-4679-bceb-f15ff38a14f4, 8505 
81830 dc13ef35-710a-4ca7-88d7-121afb406823, 8505 
194618 36e6c67f-96d5-4626-bd49-98b78a204e56, 8505 
386465 71364c4a-031a-4ea3-a967-a62470eb731e, 8505 
142501 5c6d76a1-90ce-461e-8a6e-407e1f985543, 3919 
72304 f7df5c43-173d-4f3c-83a6-28ba190c9efb, 8505 
387833 69e4633c-c075-4aa7-a512-5ef7a7837c9a, 3919 
138859 8758f6ab-3c70-4cc9-9d91-eeb2f2c77bbb, 3919 
242596 142f95ad-6f6e-40ac-abcc-62f2cb4d5535, 8505 
27054 601a06a6-154c-44b9-aa8b-495277b60915, 3919 
211219 884748dd-8aed-4a32-8503-abe121ba4a4b, 8505 
314637 3083ef37-9b34-4902-a7df-9c49b3c154de, 3919 
88160 b5aff581-322e-42a5-ba13-e43d6c086aaf, 3919 
109254 20cf4f01-8c13-4a32-bdb8-0c440d572be1, 8505 
205495 b95e5e74-5a7d-4953-9340-019868a5d801, 3919 
127272 2b936b5e-e2c4-4abb-aad4-a56cfb631a5b, 8505 
23638 33d7916b-3f6d-472f-9e1e-3df4fbff08b9, 3919 
29765 f24657eb-f1ea-4c83-92e5-96816aa1f5da, 8505 
222643 9472699a-b09e-44ba-ba83-5ec71acf4fd6, 3919 
337692 6a257e0d-82f4-4329-996d-295699ccf82e, 3919 
258545 8272fcd6-f6c6-4686-a6bc-7b5842a13e7a, 3919 
340149 aea5b3b5-3a56-4d4c-b63c-5c8c2e06c247, 8505 
78700 9d69def6-f75b-444c-adb8-51717e7bcbba, 3919 
57825 2d7b109f-9b89-4231-9690-e987cf3200ba, 3919 
17598 b8b05a48-2dcc-4478-acba-2d28314b8de8, 3919 
196633 834426b8-6f3c-41a4-a604-6122754bfbb3, 8505 
401431 787ec464-f0c7-4636-86fc-6932db26978d, 3919 
154477 bb43e76b-0e75-4b14-ad70-89dd62db4651, 8505 
94201 aa57091d-3d23-4d30-9b75-d4e7abe42b6c, 8505 
346926 a33a2d26-e5f9-4583-98d3-4ce8c75712d3, 8505 
18062 d123461c-6589-4890-b6eb-2953b61dfa7b, 3919 
187368 09b0d029-18ad-4c44-a1c5-f82cd017677d, 3919 
7940 8c74b1c2-6782-4215-ac3e-5c783bd5c382, 3919 
285300 09842756-790c-4b33-a488-c9f49896f9b8, 3919 
321915 4aeb2c49-6e8a-45ed-83a0-05f375bbbde1, 3919 
282879 ce2b2177-1696-4541-8bec-5aa4bcd05132, 3919 
136818 3a553ac3-f78e-4657-ab1a-241dab2eddfa, 3919 
378691 14429079-898c-483d-836c-7d971ae409ba, 3919 
373135 c1d718c6-958d-4b16-ae3b-2a8f625b1033, 8505 
159152 e90e5851-2181-4f77-906d-31665c59089d, 8505 
102213 1cba47da-8115-44ce-9b07-f942d1a4d9fb, 3919 
365670 abad73e4-9bac-46a9-a3b4-2491f26e18bc, 8505 
157779 8cf29724-938b-474b-b68b-2c32bc2db74f, 8505 
281841 4e40f082-1334-4890-897e-a05501b9db79, 3919 
307090 7f9fe76b-dc33-4585-bb2a-834aafb7329b, 8505 
76285 b837706f-0eea-4101-913c-daae1cfdbd47, 3919 
237484 d5cf47c9-cf00-4aac-82a3-aa118201fa73, 8505 
33194 1f7f9f94-616c-4553-81c0-00258baa012f, 8505 
61218 56d8ff12-e3ba-4939-8396-03881e8b67ad, 3919 
40485 21c77763-72fc-4489-a9aa-db344d4312eb, 8505 
24533 afd3d0f7-8854-4645-8df5-5a119042fc2d, 8505 
346178 fbfda8fb-436c-4325-a9f5-4168060593ba, 8505 
104490 6598a96c-5c3b-4e25-ab7f-68d9cbcabab0, 3919 
352874 8096d84a-21d6-4379-9bd2-3541027bda0e, 3919 
316588 43da6399-a800-497a-8c38-ce6dd6d1a3af, 8505 
167543 31c9b919-5df0-4527-9818-323f1ccea940, 8505 
191564 3125d189-f823-455d-82bb-1397e07d822a, 3919 
286791 1f0a8682-b37d-4c7b-b06f-00a39a0f81eb, 3919 
12185 43ce6608-e829-49f9-8bbf-a991f0aba824, 3919 
253186 ef5a9979-dc8a-415c-a626-b2a0158dfeb5, 3919 
214235 fafb69a7-6a2b-4f8b-9973-d17565e26c13, 8505 
238101 00d54b65-f9ae-400f-b801-4d5edc130a59, 3919 
96620 ab086086-f287-401a-8579-d714dbb57fdc, 3919 
141914 c859753e-5739-4020-9c85-d12c578791fc, 3919 
182407 59d4d14e-6dbf-4f41-93c6-ee628486c929, 8505 
399364 e9de3712-37d3-4022-a685-7eba62c9f423, 8505 
293413 c3ff4b41-6ca4-49cd-8028-200ad7bfc313, 3919 
226079 eb5495c6-fa14-4e78-a874-c4ac30e04fed, 3919 
320787 a5971aef-713e-486c-84c0-460a7ebaabca, 3919 
239298 06692e3c-6273-4e97-9a57-260f0a2dbb6b, 3919 
68532 7b7d3f83-0d32-453b-9572-c5bca37b4a06, 8505 
284809 94c12a0b-b373-448d-8443-41766d5883ed, 3919 
39928 c2248b01-c0ef-4517-a259-ef7cde6878c9, 3919 
323764 4335f53b-4906-4d7b-8660-9b2e9250b320, 3919 
291575 8402226c-dab0-47d7-9036-758dcdf10d7c, 3919 
168476 709c71c3-c155-46fb-a156-64b306283a45, 8505 
52817 6585f50c-4750-4638-84f5-0f1957ee9857, 3919 
130654 ef424c35-64e1-43ac-89f3-fc81a4cb21f9, 8505 
170307 80d3d921-8b3f-420f-a20a-f02bcafde916, 8505 
178782 b3039fef-de86-4dc4-b42b-6cd083fc8e64, 8505 
29678 54b1abf6-3dea-4b9c-991e-0dacca42c487, 3919 
301716 0efa04ac-b4f7-4d11-8fb3-24e897fd5073, 3919 
341214 adbd693b-6c72-4db4-ac04-8db34e17fa90, 3919 
394925 09e360da-2b41-4006-8216-c1a3007c7f42, 3919 
96002 7ddfaafe-375b-4f12-8be5-ffafd2e0d79b, 8505 
308827 1424ba09-b691-42ae-b427-c87e17ede45e, 3919 
247124 25b6b2ab-2afc-4887-b95c-e4974b0db4df, 3919 
204377 7f764cf6-8721-448f-be62-7f51842d6859, 3919 
216265 d2957d4d-27c3-439e-b0dd-988f739d0023, 3919 
326398 c9dbd238-cc1f-4ae9-a217-f0f5f82cefe6, 8505 
81367 4b06d87d-aa6f-4a2e-a6a1-d4c4a32ab41d, 3919 
61074 083356db-c6ab-4ba1-bf06-b945a05ef3c6, 3919 
232072 65714498-8bb4-444f-a3ab-0be7b577647d, 8505 
180670 f2782a52-dbf4-4a4b-85eb-b327da50b84d, 8505 
240004 77e3c444-e24d-46ae-a734-6e80ba5b6263, 3919 
371087 f4369bf8-d3aa-4f16-9809-033860f7650c, 8505 
218991 56e38217-6f9d-4f8e-b930-e92c06fc2df9, 8505 
2356 554a440e-07e8-4ed4-a0bf-e28d43428f85, 3919 
34514 c50c514b-14a7-43a4-ba13-ed4afeb4df72, 3919 
319441 7a816dfb-21e5-4edd-9fe2-c7a572587d97, 3919 
322710 fe886c9b-fb0b-4a3f-abb7-d69df9721d21, 8505 
327185 51a622b9-524d-4440-b4ba-a6177d1fc73c, 3919 
252681 e3dffc58-8773-4f6f-8601-2fbaa44db103, 8505 
36470 1332abbf-3a1b-45e8-83dc-984f1e285f99, 8505 
227330 49284b27-c60d-479f-89e3-2c3d59fb817c, 3919 
161328 a96c3146-4b09-4d5b-9676-62d218f1838b, 8505 
308116 e07c093d-db3b-4c16-ab41-d5aebe71572f, 3919 
26989 e397f8a4-f1d3-4aa6-83ea-ea2c14739e9b, 3919 
118907 b42bdf2d-3d61-4275-8890-79c720b0eae1, 8505 
332140 0987a7fa-d956-4c1b-ada4-ebf4bfe0588f, 3919 
96425 b60fddbc-9442-475e-a4cc-b8fc42936498, 3919 
107642 ae89bb6b-5550-4490-acfd-53c4276afb7e, 8505 
74555 a3d8e4f6-792b-49ea-a0f1-c822d08127b1, 3919 
396792 816727de-0115-47f2-a401-2ae96e3531f1, 3919 
350649 ed8b3969-7d89-40db-8316-04eb36061399, 8505 
35821 12489907-ad45-46d3-b03b-c4576ba3ff23, 8505 
297243 9cdbf753-a5b8-4381-bf14-18a7e2e43337, 3919 
179316 84b22d0e-8729-4e63-9998-93a4415ce754, 3919 
333206 80373e0f-361d-4f10-baa3-4f2b0ac445b8, 8505 
144764 64318b2a-7561-49fd-ab8e-d3dd28f52bdc, 8505 
373629 ef878616-cff6-4701-8e84-0144a10e260e, 3919 
25715 e04e7bfd-2838-4ffb-a502-97ba0d386f88, 3919 
70676 4e77cbcf-4276-4bee-940e-8eef47abaef0, 3919 
131896 ab26cca3-6e6f-4b0e-b67a-dbd1674a152f, 3919 
194543 b048ba93-2718-48db-87f4-88ca2e47631f, 3919 
297041 88f6871d-4673-4dfe-ab95-c7ed03ee3167, 3919 
239377 fc1a32a8-1629-40b1-bb7a-c34b27e0af4e, 8505 
253259 4e7171aa-a960-498f-a62a-2445d5b8bb18, 8505 
309919 bfdde036-8dcf-41c8-a649-73ebaefd8ae5, 3919 
247371 d742e605-0afb-4284-8675-acf49c1f4b88, 3919 
374660 954e9b86-0c29-43e7-8edb-5de43beee77f, 3919 
212261 f09c0a87-b3c6-4c81-99d9-ad2bdcbb23f0, 3919 
276494 3fed68ed-d0f2-4aca-91ff-c72896604bdd, 8505 
304782 01570b14-cb91-484c-9d93-2901cd6d46b2, 3919 
204931 566b8143-0113-4eea-85c0-02f3b0648016, 3919 
236241 0a082461-f9aa-4367-b78d-04c7dede509e, 3919 
61950 610582e8-9ef3-43ad-933e-736a99177df5, 3919 
242420 c3164db4-8878-41d6-b01a-385e61219fc9, 3919 
133695 bf6c83a8-b61c-46f7-96de-b6de32ce9209, 8505 
373600 af6af218-caef-4b56-ab60-ace294137d01, 3919 
200344 6fa28d51-5b0a-4f52-8bac-cb7c5fb9be91, 3919 
208901 31c4c3c2-44ba-4e1f-86e3-6b225f6fe309, 8505 
199759 99ecd4e7-87df-4acb-824d-310e57e9be74, 3919 
162223 ee05c1ee-b93b-4608-8913-02f1f49b5061, 8505 
370458 af39b8ec-967e-4359-9cce-31683a280543, 3919 
258551 4f5b5b87-efe4-4d3a-bce2-9810cf88ad35, 3919 
64621 1daf5759-acef-496b-9a34-3ee152205604, 3919 
241958 acf6d187-a3ff-489d-bf31-16c0e6a6ba41, 3919 
175113 8deeee2d-7931-47b6-89e8-8dc8f1cf62c3, 8505 
74264 d8dcb7ca-e13f-401c-bdc9-b665be5fbf26, 3919 
100335 5af0edca-6838-4b74-81ec-5b5e60804bf5, 3919 
301288 40d61d0d-86a1-46c7-8d5e-4147fd0b06b0, 8505 
197671 97e18d14-fb3d-4e7c-98da-86e4bed9c99c, 3919 
314068 e41d36d6-0063-4e0a-b0d9-5372af5626a1, 3919 
254009 7027fc58-ba1e-4b6c-99b3-c492b4972902, 8505 
228926 e98f9216-84d2-47bb-a4d1-85bdcfb9ec65, 8505 
360395 ad52a31f-b8c4-4711-9e52-f1f30d15877e, 3919 
387633 a7e2d30c-e2e2-43d3-b5ea-f18ba4f5d5ef, 3919 
304808 c58ba95b-766d-4807-9583-49b2af2aa9cc, 8505 
170990 d56d1181-efcf-4c14-9107-28ad88a06960, 8505 
215804 75b880a1-8611-41bd-8a71-1247adb8e19a, 3919 
343790 36de5111-de8c-4bad-b2d5-432b9a00b83d, 8505 
263677 fe103a5e-5990-4c83-ad34-4b326ce3e5e7, 8505 
211303 a8ae1267-9dbb-49db-9234-f0f644a5ffe1, 3919 
35955 59c8c760-5601-4ac1-8491-1fec15c491de, 8505 
292232 2ea54134-e918-420f-a3c0-995ed52110da, 8505 
292300 fa29c7d3-e4c2-483d-8f86-2bf376f6704c, 8505 
268184 28530bea-fdf8-4ef6-9ab3-89f033ef5297, 3919 
37327 a02dae5c-cf0e-4b81-b51f-78cee47fbd06, 3919 
57598 ed72ef2c-94b3-4f77-93f5-6985a9e3c963, 3919 
5406 bb88b0b0-1df2-4805-bbd2-a8572ea15cac, 8505 
46248 4ed745ac-1cf3-4c7a-b01c-4434e4b2839a, 3919 
387788 d0d55859-6eda-4458-a1fa-0e7c13edf046, 3919 
359293 f335cbef-afbe-448a-9260-9738d8e8df0f, 3919 
48113 9d2294a0-768b-4bb0-a758-80a48202001b, 8505 
373946 7a76b57c-57d2-492e-a422-b5ea46f6fe65, 3919 
365369 793f12a9-c150-42a5-b141-335dfb642581, 3919 
269052 f6b3578e-dd81-40f6-bd7f-7e07fd264251, 8505 
177331 23edd5c4-f428-4848-a1be-4acbb8b9c6c7, 3919 
94849 1d819a75-0b9c-44cb-a001-35a431e027ff, 3919 
215538 5c97300c-1f50-4b98-bee8-08de1af0d2ea, 8505 
218470 3dc8de9d-f982-47e5-a8f2-b049f59d425b, 8505 
129876 136b9ba6-e302-49f9-88c4-2bc5f7010dfc, 3919 
326062 2fde015b-d98a-4e76-be45-82ddec4fc181, 3919 
244747 bb27bb36-0b37-402b-87cd-46aac5d9c222, 3919 
11101 b5160b69-36ff-4bed-93a2-63f4f941a003, 8505 
138645 799d7f4d-8d7c-48de-a68a-8bec3daffe1e, 3919 
395440 f2e8c2a8-fa80-4bcf-9ac2-94667057ec8b, 3919 
166418 a3ad758c-2304-4a07-a822-f4ecafd1fdeb, 8505 
224703 1305bf91-57f7-4986-b384-925863bc16df, 3919 
297884 ceafa5ad-039f-42d5-9deb-a2f588374144, 3919 
306854 7a4f370b-790b-4518-a457-93a48f528ff1, 3919 
162584 e35d8ab9-2aba-48ae-a236-a42a5bf2b093, 3919 
148531 0690862c-8961-4ac2-bfee-327a1a0e9155, 3919 
371197 f7e76a08-f260-4b09-9b25-b4b046d3d7c6, 3919 
97921 b4dbd9e5-7fd3-42f3-ac1e-cafc49ce5aaa, 8505 
336477 b520ddfb-86a2-4b41-8f4c-bd9d17654120, 3919 
350081 2c712228-2305-4a02-8b0e-425e139fd33f, 3919 
92510 0590b37f-6442-47a9-a755-1d84a77e4d3c, 8505 
376242 1de64af7-74a7-4aaa-8ac8-b40d736b6a87, 3919 
363761 a8e48c77-375a-4a8d-a54e-6c0212a81282, 3919 
391763 fa1f9cb7-e305-49ce-8ee7-3d1668c3876b, 3919 
161977 89d29872-c3b9-449d-a621-dbcaa3e345f2, 3919 
61112 e63bf12c-dfac-4cbe-8acd-f9fb854d8b03, 3919 
113374 47f7c076-59d4-4939-b24f-02a220facdfb, 3919 
267244 e1f06538-dae0-45c2-bb4b-9dc5eb6d4b4d, 8505 
53298 f693e10f-9467-42ce-aaf2-5790d0b54ff4, 3919 
371370 b07ca10d-e90c-4a09-9c99-1285bb191345, 3919 
63255 20e30ab7-3954-4917-afb1-e4a52e315e77, 3919 
90074 7ef4821e-c56c-45bd-89b1-c92c2a4cf3f1, 3919 
344039 838217a0-84d9-4854-80a6-945ff278d0b6, 3919 
401460 44ec1fbd-dc0b-428d-81ea-f5152b1ff6c5, 3919 
88765 d23f7db1-bc84-4aaa-9e6e-46271af8b90d, 3919 
195865 ee179354-b710-44c1-8879-c48673885bf5, 3919 
66513 0e0cb9e9-c6fc-4436-95b5-bb660ac57a2a, 3919 
289364 f5eb7e89-bb8e-41e5-b696-591ed535de2c, 3919 
232866 3588e8f1-fc82-4d29-913a-b856d8015602, 3919 
310617 7a4cd007-73e3-4068-968c-ca568f063d77, 3919 
249456 d63a333d-81c7-4282-bf33-f370c877191d, 8505 
341566 c4d85aa5-fa3b-4e28-9f0e-744d7b9498ed, 3919 
392714 f7d77b91-23fb-4b04-b928-ef067ce5e049, 8505 
307911 9a822f82-1639-43c5-bcf6-12ff5ad9f86f, 3919 
268054 879957e6-a2cd-4908-99e6-b2584375db23, 8505 
274732 15efccc4-0c1c-4814-8a28-e023b77717fb, 8505 
202965 0c51e876-633a-444c-8088-ccd0e8d1d716, 8505 
358125 27dce4fd-801a-433b-9f14-40313ba4dbed, 3919 
155132 03ad6221-9313-4122-922b-f4579ccb08c8, 3919 
247314 2b95dfdc-6041-4b58-9849-bc832e092b6f, 8505 
359182 b046c24c-957e-4781-9838-9b1d5343b391, 3919 
40550 2a779cad-a870-42b6-8708-75d3ac9a54c7, 8505 
362302 e2e74418-2ea1-49a0-9d07-97331faba32b, 3919 
255278 ae43be72-82a1-4a00-9a5b-f7e584bc6de0, 8505 
24286 e994322a-169f-4911-84d5-a3d946968581, 3919 
150464 65e4a4a5-09aa-42a4-8d3d-0bd29961b95a, 3919 
181386 a20a1480-9d6e-4e04-ab83-e2759839f166, 3919 
46068 f48eb184-08a0-4e54-bab6-b79f6b8d3eea, 3919 
308195 b9b63995-57e0-461e-935d-e62cea405562, 8505 
161609 572c3bfe-ca67-4871-b886-f94d9d89b904, 3919 
327868 56bb0af0-9a76-4c55-ace1-52c9c5a7aeba, 3919 
137045 d34e0661-11f5-4227-86dd-f9d7a41ad371, 3919 
144903 dccf4536-7634-467c-a964-e90bf71884e5, 3919 
261576 48341cd9-debb-449b-9926-889ca33853da, 3919 
317902 c338ea27-0c97-4509-9d4d-ddb7846a7e88, 3919 
60840 d3986dca-e008-49fc-91a7-a452f00968ba, 3919 
358296 dd9196a7-f5f7-42ed-b1e3-6a97815d19f5, 3919 
221387 5c61d46e-a9fa-4da4-9768-20d76f0069dd, 3919 
81718 b9df81cc-0543-41b7-929a-83caa88b2f10, 8505 
246103 99fcca04-31a4-43c7-ba06-cc4e366be32f, 3919 
226540 bacba1ad-3f0b-4039-aea5-51389720df21, 8505 
212871 b4b419ed-0957-4142-9426-91a1c3e2a579, 3919 
66782 68548067-e0be-4b5a-a26f-6e036bf01532, 3919 
140558 c8392c40-7554-4895-9ddf-16cb083cb57b, 3919 
116854 d23a4462-8576-4686-a194-9df998a60699, 3919 
27760 f50a8cd2-5b61-4f44-a9cd-348e431c74aa, 8505 
220206 f731566f-26ab-47c0-bd77-fa1f351b1b7e, 3919 
28889 70d31495-2b24-43c0-83c9-02ccbf8095d3, 8505 
330381 4dcb23c0-c0c2-458b-83f6-e83b1490eb94, 3919 
64870 f825a7cb-bd10-477c-9d20-ddfeeb575e03, 3919 
193124 ce5d140b-eff2-465d-aa32-b1e19eba73fb, 8505 
205814 10bcb8a4-5a52-4967-95fb-ece27d030a8c, 3919 
112170 4202fd41-9f8c-437e-9658-4ade2f7fb92d, 8505 
193908 709e693a-c239-4267-9a61-95e3ae07a6d3, 8505 
157297 2352a399-3600-426d-b906-a9a725587f90, 8505 
121915 5f50e9b3-1d3c-4387-9599-0d7fd34e3ccf, 3919 
160726 3f592c8c-a5d6-4bee-8f69-d309fc176ac0, 8505 
402070 a4a2f57c-3496-4b51-9326-1802e7b5caa8, 3919 
265177 9ae58843-bf6e-4590-8cc4-99a9e929df90, 3919 
104459 ede19fd8-b448-43da-974b-ad0b228a0a9b, 3919 
230203 fbefb048-0465-4191-adef-91406cff133e, 8505 
284633 719c84ef-4d4c-4417-99af-9538dba609d0, 3919 
9103 8545e4ec-a394-4a1b-be3a-df6674bc49e6, 8505 
14664 32f8786c-0a77-4e12-8229-fd3e76414e4a, 3919 
92623 3ee46013-9522-48a7-8f27-79107ce77908, 8505 
183199 ed63544a-4723-4ddc-948a-d9cd40102163, 3919 
126276 eafa9830-4494-498a-b5e2-437fd7921dbd, 8505 
387501 17546791-93ef-41e9-8e63-7b2662140649, 8505 
130670 cb61582c-8e5e-4265-a104-7cc64274c1ee, 3919 
49205 36fac500-5207-45c5-96c9-f50440842970, 3919 
268312 7faa9d36-dced-44fc-b201-d74d32fcf8ca, 8505 
259152 2b8b4950-4967-4431-9984-0c4883ed3821, 8505 
370257 12a09bcf-7c9b-4ffd-b383-f401ae5f91ab, 3919 
382636 c1000f24-2f7e-4460-b786-7e217a06b976, 8505 
32576 3441d49a-01f9-4548-9dda-1719697443c9, 8505 
390147 1a023e89-6e78-4af3-ad39-5b2e33daa448, 3919 
157427 deadb023-769e-4f96-acdb-2db36997cd70, 3919 
45465 e31c967b-d8bd-40b0-9adb-ce0552cb0513, 3919 
132143 7e10d047-c094-4241-940c-5eef41276c4c, 8505 
258955 d1a2e4ad-23eb-48cb-a3a9-9ccfff5e0079, 8505 
313996 60794dff-95c5-4241-9731-4a60fdbb28c5, 8505 
115935 8738181e-17a5-406f-82a9-f002a410b478, 8505 
348398 b407acc0-84da-4183-9e42-031b245a5ff0, 3919 
301032 7a2bb913-f3d1-4165-a035-4afe3d13ef20, 8505 
105740 ce0f4617-f51c-41a5-b0bd-5dfd992fe0c9, 8505 
126729 1c6f5c0a-9320-496d-b909-1f1d54836ff3, 8505 
199663 af4ab5b4-3e8f-42b9-9498-2b9f96fc2933, 8505 
334084 b22f05fd-a5d8-46bd-accf-5259b23f1487, 8505 
208941 e100f41f-1ca7-4ad0-b76c-013f959acaa2, 3919 
312320 efdf1643-1acf-40b7-95f2-16cd922ff8f9, 8505 
325472 f1898c7c-a466-4acb-9c7a-0a62fcb414f5, 8505 
271663 c2c6cf24-ef13-49d0-af01-4b9e01269435, 3919 
265482 79008586-2010-4fdb-9c3f-cc7db14fff55, 3919 
27281 0d33661a-c13a-40a5-8ad0-f2c1de68f345, 3919 
124693 f8c41930-bb00-4f42-853c-f5c13dc1d2a4, 3919 
264139 2d9e6aff-41be-4637-b655-e423e9781ecc, 3919 
21765 352c20a7-5534-408f-9b7f-21e01ecff523, 3919 
376039 bdaf38ac-d22f-484a-b562-9922874bca37, 3919 
142952 5921853a-7488-4708-9200-aa22d9f1f9f6, 3919 
186202 1fd2fd20-f2bb-4d85-b3ca-ad55b43fd741, 8505 
298116 2d92fe6c-6181-42db-8172-25551512bc04, 3919 
193353 6a04ac9a-53f6-49b7-a469-27af2b3c52dd, 3919 
228262 4410fe9a-1a08-4a74-8e29-1bd675a56f31, 8505 
79565 21d7b069-ab99-4100-9d7f-a42697e1b7b4, 3919 
290681 7f015917-b527-4525-93c9-5e089ccbb1ea, 8505 
244407 82a565a9-e355-41c5-a531-c9054e9fe991, 3919 
391880 bf73b77e-5168-41d8-a0a2-616305b047e8, 8505 
390359 1d56a841-4038-41e2-9c9a-b7238274459d, 3919 
332241 9de48da0-d3ce-49d5-ac6e-668e6abcf804, 8505 
67255 2f0d79cd-d066-4462-a8a3-c1ca4eea4c1c, 8505 
172350 5d995ea1-ae47-4cd9-a612-04c7c082bfda, 3919 
15537 57ba079e-c6e6-4139-a652-851e0b6a0378, 3919 
363483 b5dce671-30d8-4afb-9075-c13bba8e8eba, 8505 
68678 6125d1ac-5cfd-4976-a96d-8978d0c70aa0, 3919 
365525 52c257ca-69de-439b-8603-50e9b07b3ad6, 3919 
247046 d8fc4a82-3d3d-4d16-804f-0a42f1dcb7a1, 3919 
506 30b2c10f-e868-40d4-86ec-981c23eab003, 8505 
19824 ed59d52c-ce62-4a7e-a5ae-4ef4b48dba76, 3919 
32825 aec60cc4-1d5d-483f-b5bf-0503924c1a0f, 3919 
343188 8349e0fa-9592-4c24-b8f0-0475fecae997, 3919 
160305 cb253e8a-2dd9-492d-89c2-3d5831a9ae3e, 3919 
1646 9f0658f3-6e3f-4a22-9225-014f49abf50b, 3919 
343722 5f2ecf3f-bc3e-4455-b2ac-76aaddab263f, 3919 
134606 b4db50cf-b9c0-4d9c-9cd0-539b3bc0a6a6, 8505 
347719 c7c5b229-adf0-426a-8e13-6661b7df6011, 8505 
145540 434c710f-3da0-42d1-a34f-cf9b9ad8f29f, 3919 
200148 bf0997ee-4fe8-40e8-b85c-47533a8e45a7, 8505 
196469 7e932943-6fb7-4ceb-b2ef-717d27d6c7c5, 3919 
61769 c116f787-e578-42a5-9b3e-3838b24a7c45, 3919 
385197 9a4547e1-9964-4451-9b95-477f3b5c4ca0, 8505 
240063 67987813-7818-4f40-80a4-dcbdc68b8bc4, 8505 
127352 14b0d00a-bfa0-4e50-9f98-48e6b2f1defa, 3919 
250607 7a9c8789-773e-44f2-bd1f-3e29deeb9c05, 8505 
246276 5fce0946-40ba-49ec-9671-0c279ec2cea4, 3919 
335751 8d98c033-7107-4a6c-a7c0-d10809db2e0f, 8505 
392989 ab0f1b1a-58f5-45cf-94be-792c5c7e0500, 3919 
218875 c9f7b56a-7ccb-484e-867b-f134a18b3691, 3919 
288594 7ba267ff-2af3-469a-b83e-04b2770e3c68, 8505 
53982 d49ba779-3a5c-459e-b7cc-4b160a1ff019, 3919 
105016 e7d1419e-f1d5-4834-a320-4463819a5efe, 3919 
298446 b62a6a80-d619-4f10-be4b-27a61b46ffd4, 3919 
215985 4edabf27-2f2c-4f42-942f-7ffe2ec456a9, 8505 
155370 0a2ddbf3-6672-4129-9115-33c63b7b1867, 8505 
371383 0fcaef72-6292-4664-a4c4-32a5f419671f, 3919 
88794 7cc288c2-1e76-482a-9e6c-099ebac30985, 8505 
380932 19975455-3e47-4672-8764-10398145887c, 3919 
229930 7b57c729-bc4f-4d07-a5ba-4c147332c482, 8505 
269258 6b87a5d9-463e-4773-a042-1cd6a5b2112e, 3919 
53096 9ddc1f72-7df7-4d27-a7e3-cd95eba97a55, 3919 
306399 588d75d3-e24f-4071-bf88-f3e762417272, 3919 
231598 fb98eed5-e655-4149-b13b-3cc6739cfe31, 3919 
292042 7f28d5b1-4bff-4340-92b8-699a5bb05440, 8505 
275361 630c2d3c-6fee-44f3-bfdd-b50f9b1f7a84, 8505 
110660 065ffe6a-29a5-4cf5-b607-495bba025ea2, 3919 
116195 e6f31901-bd49-4a66-ab6a-c720e9cbb1a1, 3919 
363206 95ffab60-4038-4dad-a577-07eb935296b8, 3919 
87465 b04cfc91-a5ef-41c2-83db-65ccfdfc79f4, 3919 
403365 f8160ff5-238e-43aa-9e91-56aa46d9beb9, 3919 
289163 098d117d-176f-44a0-ab43-f69643c7070d, 8505 
20484 551635fd-6420-44c6-bb4f-5b684d0b3978, 8505 
328086 c0a8426d-6be8-474b-b532-764e79833053, 3919 
230752 0ca91cc7-fc0b-4655-bee0-6a4d682bc8f6, 8505 
186768 c7519074-de42-4979-b662-c9d0c4eb1f3c, 8505 
62147 6fe9041d-997e-4e95-88bf-e5f617d88c6f, 3919 
286733 55acb094-c6fa-42e0-8dcb-ee6f0e2ccb45, 3919 
5761 fb4673cd-22e3-4e2d-861f-12bfb0f7ab09, 8505 
106503 336a70c2-e6a6-4407-8c0d-49ae167ebc47, 3919 
302177 cd6e2de5-1a36-4fa9-bcb4-adf4b37484b8, 3919 
78709 4112ed92-f48f-44df-8d1f-83994b2d14bb, 3919 
186528 ff4d0d79-8787-40e3-b0e1-1bddad14b31e, 8505 
273288 023e91b3-731e-4a5f-8ad7-33e5244fc5a6, 8505 
48168 e6a166cc-b742-4e89-bda2-effbf859b6b8, 8505 
140074 28417de4-4eda-48fa-898d-1e232a73b145, 8505 
77172 e90f4578-5f79-4732-a825-6c7e39c8a61b, 8505 
280422 29871638-e28f-4263-9639-5aac56d3c993, 3919 
126468 adedcdef-a0a5-4480-b6d7-ed292e868986, 3919 
273160 cf47ad0a-a3b8-4c2a-91f5-ce602c291f53, 8505 
56660 96f25c0a-0b7a-4126-8120-ff37d88fb7dc, 8505 
396614 945947a8-e8a3-4bd2-b490-3c9f581e458a, 8505 
126913 b74a8a77-2d99-49c6-8968-fa67ac9772d9, 3919 
387347 ab40f7fc-59b8-430b-9226-310c92e17977, 8505 
221963 db3f1027-e439-44f5-abb4-0f12aa8c2281, 8505 
309354 f8fd27b1-5417-441c-b65b-758f0f1fbbcd, 3919 
137808 3fccea7d-c7d3-4725-a41d-0c9c0fb68226, 8505 
263976 5483fcc1-a38d-4b0d-9eb9-27ca17d097a4, 8505 
111860 81544d4e-4c99-4f40-8c5a-7d3c31316927, 3919 
207226 e7f5680b-af4a-4a62-af2e-2b7e5f90621b, 8505 
76091 90c4c80b-905e-45b1-869e-1c36c5349a45, 3919 
163904 0e600a64-123b-4b63-be19-5dcbe1d1d7d9, 3919 
81837 0e41e12a-ad8a-4bdf-b68a-d2a1133bda48, 3919 
386269 c3c7c4e8-c8df-4467-b197-f45ea3c0dd0a, 3919 
115140 b6722aed-3004-4595-9773-06903e9009fc, 3919 
131920 bfa5f852-c9f5-4cd2-98bf-cbd35089dcc8, 3919 
45444 5bce0bd8-b981-4ae1-986f-9096ac941051, 3919 
1185 d4c971d5-8bf4-4a02-99df-69ad3cd9206a, 3919 
346723 af58a217-ebda-433c-a47e-fd7fed7d3d15, 8505 
211567 bd2dea14-9544-4e24-9434-47148f780b5e, 3919 
236413 2d214f64-e0fb-4899-a7ed-7a57aabd63e7, 3919 
246228 d4f1b5ad-2a06-479b-8c6a-08b080265dc9, 3919 
242760 6ce7ee6d-25f7-4a7a-a53f-aab3e3235c11, 3919 
121247 28a50185-13e0-494e-b912-fa85198eb8ff, 3919 
346153 1da1415d-bc29-4a26-83dc-6b3bde1c1b15, 8505 
291194 0db7c06d-e1e7-4d25-a495-f9a47cfc4d1e, 3919 
54613 b1d5da0a-7238-42ed-9b7a-2ac3bc69492e, 3919 
391897 6cceaa61-ba43-4101-aa52-a711cb39e39a, 3919 
9252 4d136f3a-63df-434e-88f8-a7595c95b7a7, 3919 
116560 f9296570-bbff-4e6a-9f90-74e3406496c6, 3919 
276769 ce0d74f7-032a-4acc-9eeb-f669f21bfc4c, 3919 
203774 013e5503-9c61-4509-a331-58188a0428bb, 3919 
107551 e25a56d1-fd69-4ae0-b979-8a539f1a161c, 8505 
242002 3b224adb-fdc1-4d42-adde-faed11319fa9, 3919 
65912 f1dc5d05-a91b-49b7-815c-e90b4e5badec, 3919 
218671 f9c53384-0ccf-4b64-8e88-94c5937cd326, 8505 
132527 241f2689-c467-416b-a48d-4a95343fdcf8, 8505 
363742 fdb6f07f-e1f7-4bb5-ad67-c89499ed002b, 8505 
322529 70682d67-0310-4466-b004-3b5422c257ac, 8505 
61190 5b6eeccb-21ef-48bc-841b-64673b988eca, 3919 
307392 44824da8-717a-4378-8e3d-2cbdb7e7c953, 3919 
15682 ad7b1ff0-4221-49c5-9222-ca954e75b57c, 8505 
365490 3f0f0969-15ca-48c1-8be1-cfcf78e50779, 3919 
401983 29165856-2bbc-431d-bbe5-43bc76fd6b1d, 8505 
197838 c964007b-8b9b-4f88-9cac-067a3b396a83, 3919 
16539 7896f87d-c9cd-456c-80a5-99ef7cc9cc1f, 3919 
200013 35dbc53c-a998-4371-8725-75a59b2825f0, 8505 
245800 1ef385cc-0ef2-49ba-af14-096ce7fd6425, 3919 
276249 3c613896-16f9-4c13-8534-5d361490d3f3, 8505 
100195 e98a8da0-a0e4-4b84-bcc4-d81d6a336352, 8505 
50388 4f225dc4-fef5-44dd-a172-c45fe517fb74, 8505 
209350 e57d4037-f97d-4372-9664-2487ab736b78, 3919 
22431 92c5591e-cf4e-445f-8d08-ec0728a09956, 3919 
49115 9bc3c720-6c48-4437-9d72-27391e40d734, 3919 
112843 ba76260f-1d94-4e41-bd0b-b35421de502b, 3919 
274180 6fcc8fa8-3125-43de-9739-2e8e7c3fc1a8, 3919 
290095 7544c8fb-1f4b-4c0f-9962-112ffe3d9985, 3919 
400928 27d99265-49af-47cf-9555-ba127e99dfcc, 8505 
62091 d172ff1d-654e-466d-967a-1b237c4ae518, 3919 
128958 495d6944-79b2-4cca-8ea5-c52baa9c2ecf, 3919 
50754 6b702eb1-34cd-4bb5-b387-2a848a0947d6, 8505 
199251 b994c6d5-168a-4b19-990d-4dd33a2dddba, 3919 
208426 9d22ca3d-6f5e-460a-884a-1131a587ea12, 8505 
272116 e33d7b63-1ab1-46dc-88c7-ea23d4745c15, 3919 
282973 a23bae14-6faf-4e1c-837e-004a0dae793e, 8505 
189172 23638348-208b-41d1-a855-5abb6d2a3578, 3919 
376960 c499ed2f-c074-4a98-9b12-634f155a5246, 8505 
81314 439d8b2b-5bc5-4ee2-88b5-34a434c62fea, 3919 
284197 9c84b66a-b454-4147-91f0-9d7c4a7e0875, 3919 
41856 1661d369-1d16-4f32-8afb-7ba1e9c75127, 8505 
186070 cc628857-a590-4813-a31c-9ce1ab5a5c47, 8505 
189501 a83f7fe7-c7cf-42e9-9f22-5cda3ce020aa, 3919 
299421 5f67db13-2a5d-420c-a99b-44150beef1bb, 3919 
90105 04e4b7fb-1962-47bc-995c-78ba55ab49f7, 3919 
108926 29d4decd-5a71-4a85-b1e1-e5e50ffbeefb, 8505 
261721 a87846f4-049d-454d-9191-a65a66fc1803, 3919 
199038 6c59c361-9928-4a4b-82b6-09a94b856932, 3919 
1497 264b7ab9-e430-42c8-93bb-5263b83c0eef, 8505 
217027 ff5133bf-e337-49e5-a513-34c18962b028, 8505 
285400 ae12d865-a494-48a3-b526-cd778c425b05, 3919 
106512 14901123-a7f7-4cc9-a18e-57029ea5b5e9, 3919 
96875 60fab1e6-4187-43f4-993f-6378c813c839, 8505 
154200 27410821-0a02-42e4-bc8c-393d2bad2704, 3919 
32324 a48f5ec5-a9c6-4e3a-9242-ab8c9c2f980c, 3919 
94388 eac933db-0683-4098-877b-fede2a38310a, 3919 
378521 a613d19c-2316-4220-8997-daae87e71517, 3919 
337406 6ee81914-1754-4b2c-b616-0051ca5ba219, 3919 
339866 24444775-4b02-41ae-83cf-e8fe04e0210b, 8505 
126568 2c703340-51f4-4064-aa0a-14f2414ec2c8, 3919 
129681 0efe508c-56bb-4cfd-9432-52b6381f8f5c, 3919 
336860 2d38aa5c-e795-46c7-8d12-26fa1ba153bf, 3919 
54331 ecc93c7d-ab94-4d44-93d4-eaa775b71db9, 8505 
52853 6b8ae4e6-76ed-42c9-bf8d-b2e9786d6904, 8505 
108839 67826d9c-9ce0-4c45-87e1-b6ad275b8eb9, 3919 
284979 ed8bf2a1-7afb-4856-b5bf-104011894aaa, 8505 
266152 e089ff51-1f18-4a8f-b626-e8d18f7f3ff4, 8505 
326351 826ad4fd-1072-472a-a920-6dfc5fef89c2, 8505 
93276 55313878-d01d-4ddd-90a4-83803b50646b, 8505 
264646 4c62363b-443f-467f-a8ad-fc712207bb54, 3919 
136418 b4e4956a-98c2-49d0-8685-65d29f0feb03, 3919 
236280 85d5a16c-8ff7-4c9b-97ad-419bb177e2fc, 8505 
178705 8ba51cd9-a354-4101-bbe6-938c3aee2317, 3919 
218058 090144be-faab-47f4-a703-defd6a33c395, 3919 
323490 ebf758a0-a552-4502-a6e1-883a1c194f32, 8505 
206737 d1d25ae6-8448-4839-9cd4-f809078fbc88, 3919 
341644 9378e152-7cfa-4762-91a7-d783865aa2ec, 3919 
199749 8d17a2ca-4ae2-414b-842a-4225722839f9, 3919 
250325 bb64021c-ba1b-4651-ba8f-3b1c0e1694d9, 3919 
214939 26611bf8-d377-493c-b820-2f19ac163209, 3919 
134636 cb9f2c59-6003-454d-8724-8b1abc6dafc1, 8505 
162967 0460aaa6-cf4d-412c-accd-bfc05a505c22, 8505 
36512 d098430c-4971-47ee-a957-d88322e4adc6, 3919 
220094 18862e5a-f99a-418f-a34b-cbf5249fd451, 3919 
185541 1d8645e3-ba8a-4e38-b052-c1fc19b0da19, 8505 
61455 5d76ecbd-acbe-49f7-a8ce-399a1815c270, 8505 
151922 16694e04-3174-4275-9995-103296853166, 3919 
252061 977f4b1d-e96b-4c64-9a72-7164fdb40951, 3919 
72767 0611c9ce-1001-4337-80fb-3fe2c6f4c6f8, 3919 
225692 2fbd3623-839d-4b6e-a28b-c335229875fd, 3919 
294469 d33c53aa-7279-48f1-83f3-8d8a6e8a33e6, 3919 
160082 f9b7c638-dfaa-44ab-89a0-050ef3651a78, 3919 
367070 e0f8ba72-49ba-440c-abe1-e34364a2542d, 3919 
367859 32450865-894a-4980-8436-c858a5ff3a59, 8505 
26213 e17e41b1-d629-4994-9ffc-47ccbca6001f, 8505 
207238 ea24907c-cbb0-4e21-bc99-1fc0a58385b7, 3919 
159412 e22ffcb3-8f41-4b3c-92df-d3cdc6f557b3, 3919 
234345 152a3b53-d3ae-4443-874c-4009f29d88b5, 8505 
233140 eaea25c7-7de7-4899-b5ee-a6931328cac5, 3919 
186533 bfdaf6ba-ea01-4aad-ac61-0c3a2bfb6dc8, 8505 
261780 ad058243-96c7-4bd7-ac10-bddc70104e1e, 3919 
336582 aefffc0b-135b-48e0-a728-5d47ccc9f453, 8505 
38466 ea23b500-6c53-42d1-8658-3616f79efd57, 8505 
70806 fc708497-0553-4420-a9bc-db5cd2a43d8d, 3919 
377647 60aad716-bac0-4d22-a572-8586ce88de51, 3919 
331274 46b1a7dd-6e86-4183-807c-6ad06d60e9e3, 3919 
257456 6b7bfae5-d21b-4b7e-b91c-d290edb9ba89, 8505 
219516 e28cca48-6ee8-4125-a26a-897c055e607f, 3919 
282748 bd4ecc58-3246-4aed-846c-e69ebc613f50, 8505 
15821 d3a0bfab-29d3-46f0-a89c-d422ab52c82a, 3919 
289809 f945b5e5-2fd4-44a6-88d8-103001799280, 3919 
14619 945e1b94-b819-4b31-b073-e59b7b25e8d4, 3919 
97834 47327f17-9579-4a12-a264-4ce499d84e09, 3919 
384755 5f3e4e11-22cb-4937-a40c-775c1193e329, 8505 
170449 ba0f4ada-098a-48b1-a246-43549268b14e, 8505 
96184 73361e9c-6de2-4278-b979-5323e74f97e6, 3919 
9316 31f46c8b-5ae3-4223-859d-4187872222ac, 3919 
392357 93ceb147-4def-4713-a630-fd4c039bd161, 8505 
215536 8e8e3236-7cbd-43c7-b6d2-e9080ae67ecd, 3919 
65448 28a5bd68-698a-4b4b-84fc-e5e63c1a0a0f, 8505 
213876 46edb541-06b4-486a-9909-e7905cee33cb, 3919 
402702 8e831302-6750-4a66-9f68-ca69a2237226, 8505 
360861 b508580b-d75d-44b7-a62d-06386b6bfe83, 8505 
96710 0c369677-a636-4ed6-8254-71facbeaec71, 3919 
281506 66c7b948-8dc0-434a-9238-ee0311dd989d, 3919 
271987 d392ede0-cbf7-4b80-a247-0c5493ae2810, 3919 
45452 711beb4d-e340-42ad-b100-2034c5473c2a, 3919 
170254 825a9576-1740-4097-a7a5-7a80849dfff1, 3919 
128313 06c2a7bd-1b21-4041-962b-e03d8ede00af, 3919 
90166 b6f7680e-7124-49e0-95f3-d17f22232d09, 8505 
142451 020083f0-0f48-4cb2-b68e-c9ceb6406c5d, 3919 
25604 947e28f8-9838-4fe4-85f9-087962c81085, 8505 
138465 49d0dcfa-c0b8-4873-9c27-4964abfe9f85, 3919 
334308 406afd46-d340-45eb-ace2-6fa713d8b58e, 3919 
185257 82aa2164-330b-425e-807b-34baa3186bff, 3919 
216796 c0788611-3d9f-4385-9a1b-239bd9c27eb3, 8505 
19535 70978dac-db8b-4e62-bf7e-d51558a01ea9, 8505 
204044 2d0dea90-5abf-4a99-8d24-34bc67e13fca, 3919 
301617 bc62fff0-a721-45f8-a1fe-1484a18e02bf, 8505 
362922 d51ee712-062a-44dd-9306-70106b486b67, 8505 
358712 7986a8d7-ba6b-4fe1-a7df-eecbdb32b615, 8505 
394136 253fa5d2-b1aa-4af1-90ad-5784716656f4, 3919 
251792 57b8d48f-64dd-4f5c-9cf3-e34282c23ac9, 3919 
339579 3f7e7498-8472-4229-8060-f4fa22d9a7f1, 3919 
167821 86fd2df9-e751-462a-98be-51c0f4269084, 8505 
182212 7eb60304-79e8-4729-be91-d91c8b6a8783, 8505 
348227 decab101-591e-44d2-ab19-446c2cb66dc1, 3919 
354247 19bc29f1-e8a6-4361-a2ad-b5bb57b741d4, 8505 
69541 d620646f-c00f-4753-b79b-74bd886f732d, 3919 
44495 5c7baac6-5068-4da9-9909-ce9bf80a68fb, 3919 
261944 494524e0-9c20-4219-805f-0d76bee9c911, 3919 
322991 75a3297c-27cc-4e59-aeaa-f2947a267c6d, 3919 
309741 f2fdfb6d-4837-4336-8c20-bf49323db3ee, 3919 
351953 91a7147e-4928-4ce2-9e58-e600ffabfbe6, 3919 
63300 527d52e0-de2e-4753-b95d-1dfd087f5d82, 8505 
124923 480d3fb4-cb85-42d6-9e24-c54257ea686d, 3919 
178726 95f6bb83-df48-48a7-907c-2abcf462d536, 3919 
170082 b392ba64-786e-4b06-b3df-08e5985b1dde, 8505 
208008 765051c1-5e8b-4199-ba72-5b95af43ab1c, 3919 
229524 3bc07c67-2de0-4f22-99aa-638395f3aca9, 3919 
38978 d10cae7c-7db0-431c-b63e-f03b5dc3d99b, 8505 
352711 8602555d-c72c-4a11-a242-58595e469db8, 8505 
179387 d152a8a7-3e1d-4ada-8612-5d2c9860b8cd, 8505 
401495 4fcdc6ee-57e5-427f-8870-052d33ec0928, 3919 
384693 04019dd9-1f78-42d9-9249-3bfe4553ab04, 3919 
318594 d2cd59dd-dacf-4071-b909-d14d71854680, 3919 
199218 119b312f-8ac4-4698-898b-e0880df3b3e8, 3919 
186684 60752890-6af2-4dcc-a212-a8a40c0a2a5d, 3919 
171833 128403de-d636-465f-9e7e-a1be603caad9, 8505 
220690 18418a7b-34ec-48ee-99d6-2de260c05132, 8505 
19821 4d5afc27-ee64-4ddd-80c8-a348438014f2, 3919 
357901 ab1f882b-e54c-49e3-afe2-c903c0b52deb, 3919 
268589 8fd0586c-a974-47ca-a8e8-f97e09f57419, 3919 
40740 9a05c7a9-d965-4362-974a-ade00c1a8594, 3919 
114250 a7db08ba-a814-4594-9912-a39ca5d9b9b5, 8505 
327372 cbc4ee61-75fe-48a3-8252-010dfad2cbf1, 8505 
348349 ca3d6c33-fcd9-408f-aac0-006f6573b291, 3919 
169130 2eddbfea-7a1e-4c71-9599-ea6b00ac61d7, 8505 
322954 26fbfc9b-70c0-418e-90d6-b2de7ac47ad1, 8505 
148914 2505ad5b-e970-439c-b76d-32a24ecdc024, 3919 
379194 7b9237ea-0058-46e5-9872-a19ca7f4da42, 3919 
382946 11aa3f3c-ac39-4f5b-a2fa-4475ebc7849d, 3919 
139733 d83f0d65-0ff9-491a-9555-b9027622a8f8, 3919 
357768 462e6c95-e17b-465d-a819-35b8805390d4, 3919 
231000 70ab544b-c0d2-4812-8533-5b0fa58d0283, 3919 
272479 e28217e6-893e-45d7-84bc-c08b57f35bc3, 3919 
389499 27c4597d-7973-43aa-9fd7-76ce046eb715, 3919 
181110 dd3124ef-e4f9-4b0b-a37a-a1af78ee47ee, 3919 
306423 f16da63f-1558-4eb8-a6d9-77ddf22ebc0c, 3919 
199160 da83cceb-08ec-4381-9397-bef7febedf2c, 3919 
286460 dce26327-a94d-45c6-a17c-54c540cca213, 3919 
122486 959fcc76-1ceb-4ced-81ca-b939520865b4, 8505 
224880 1565a8ae-1592-4b9a-baea-56fdf1eccc5e, 3919 
51900 aaf0c239-2811-4127-bcda-cb2e49f6f929, 3919 
105612 1303618e-76f1-4431-b0ae-24dcd311eb26, 3919 
292122 2505d555-5505-4f76-86aa-e6c84b41a525, 8505 
315996 9346190c-9593-41c4-a6b7-f0dd514814ec, 3919 
209330 0417cb2a-4260-403e-8167-1576e249a4d6, 3919 
52121 529efcda-5b8c-4613-ae87-0b0a68b1d4f8, 8505 
204195 042053f4-e70d-423b-a071-61608353b53b, 3919 
386186 6f48b6d3-0962-48ee-a5eb-4e8d495600e4, 3919 
132552 20ab33f6-a422-4ed9-b135-18d74e391a6b, 8505 
312798 f825857d-5057-41f3-b7ae-02a97a4622bd, 3919 
249452 073aa0cd-8dce-44b1-91b4-5d12b4b0c284, 8505 
13385 47af5143-0187-403e-891a-71d8389399e2, 3919 
149764 1b5f4f8e-7ebd-4e23-b13a-a9166f197538, 3919 
24903 a1cdd23c-2990-410e-99f4-e1965c924f53, 8505 
61143 a52a5658-bebe-4064-9947-ef9be14607e4, 8505 
233357 961c58c3-2387-4649-bdb0-605f405cc928, 3919 
154346 6a32c2fd-0bd7-474a-81b1-9876fcaedb69, 8505 
129266 9fb90042-7ec0-4de7-a37d-1a4b7c9a9d9b, 3919 
370694 2be6a236-4581-4dac-8760-c75ee773a86d, 3919 
121035 dab74add-cfda-49a6-9bc8-0cedd036cf07, 3919 
25514 31eb606a-61eb-4a94-9a07-1cee5bd06629, 3919 
85165 6c4994f3-2f8a-41e2-8467-0d0c6e0163be, 8505 
214963 aa78bebf-a61d-46ec-b629-90b1f4ad081d, 8505 
213240 6abe5953-b2a2-4c48-97b1-11c74580a7ac, 3919 
350172 4ae90fd7-e1b8-4fdc-b1ad-a39723e3fb4b, 3919 
369142 16ca7451-01e2-4204-9f30-a5867f439877, 3919 
140996 ca5fcfaa-234b-4d0e-ab72-94b49c563759, 8505 
164162 f124f180-999e-46bf-8229-6d6ad31b61cf, 3919 
56456 8321f83e-283b-403b-8e95-95a2cdbe2cc9, 8505 
123444 9bdf8ad6-3626-460d-8da9-5bd512d978f9, 3919 
107301 b768ae38-7988-466c-99bf-9dd483df1222, 8505 
160541 c3322df3-06ff-4909-b6f5-da74b77be14f, 3919 
288306 20eb7c88-b774-4a8f-a536-bf2d902a055d, 3919 
61995 284fb424-7c64-49de-a15a-10894cd00346, 3919 
214323 9f8db630-6d0f-4db1-8729-83a1f8bacf99, 3919 
165685 a38e1977-7c89-4897-ab45-6b20ea33298b, 8505 
258806 105f1629-bf60-4713-b561-68a2456c4157, 3919 
175894 d5fe814a-4dd3-4e42-a23f-a8c5ac59d243, 3919 
62436 9235d5cf-bed9-451e-acd1-d51a68a10ffd, 8505 
49491 d07ead0a-16fd-47d1-a1af-92b9864d2faa, 3919 
186223 2e18b3bc-c951-43d5-b9f9-dd96573dc815, 3919 
83518 d0241b27-5e57-49e1-81eb-41cc4228da56, 3919 
68639 63054e77-87e6-4ac5-b7a3-7fcea9ff4c73, 3919 
85543 19a6a230-6a9d-4c7f-a6db-42f4dfd0ff6c, 3919 
49975 b82f76d1-23fe-403c-846b-e1ecad644a57, 3919 
11232 f5db6366-53f5-4dbd-bdac-f06aa1a76e9e, 8505 
327341 38ed52dc-088c-4b82-a036-777bea9176e9, 8505 
41734 1cbc809e-ff2c-4807-ba29-e1a86250d9e8, 8505 
313676 a34adb6d-02a0-46f4-a302-38314ea88a2a, 8505 
296583 2faf3f5b-6937-4e96-9c17-1de1ce3d2956, 3919 
180164 0f54cd7d-6b07-4fd9-bf25-68e4387c2d49, 3919 
225901 dc1e5bd0-74a6-406a-b18d-1489f8eae9a1, 3919 
130606 98521605-0cf4-49df-9347-d6fd7e41c57c, 3919 
31386 895b8f90-da38-4313-b1f3-9777678aa171, 8505 
43892 6b2eba4e-c6b7-44f6-ac65-b9575a45ed21, 8505 
239969 5666b331-e850-44db-b9bd-030ae0770379, 8505 
34795 6c6db0d6-ba2d-46ce-b8b6-3838cc840eb3, 3919 
78881 97288333-b987-4121-acd1-cfd46a157950, 3919 
301328 07d41f98-2d52-4247-a141-89715e3e1de8, 3919 
76083 076c49a9-48b1-4721-aae2-b2851b6eee3a, 8505 
396619 a7356b22-ec21-41cd-a92d-7670cf7e0601, 3919 
149351 d0e326d0-789d-49c0-8bec-297fef85ce87, 8505 
27360 8303f92f-878a-4f82-8a19-ebed11fe6a10, 3919 
359849 201dc060-514b-4ee5-8770-a151e9f463d2, 3919 
115229 af534b29-fbb2-4767-9e18-2a3635c6dfe3, 8505 
9523 1b89a830-1bf0-41f7-969d-404fc77fd09b, 8505 
45482 6b8f41df-460b-47ee-9e13-0c2428c08b6b, 8505 
318710 818c04a5-1cdd-48a0-b43e-d81857409824, 8505 
228038 63bb444e-67b3-4ccb-9dd4-1774030460c9, 3919 
13670 06e9a51e-b4b8-4259-80ce-1a353c3b89cc, 8505 
53059 bf7075c4-e90d-48d9-93ec-38770cb6160b, 8505 
217959 74112be0-cb17-4ccf-ae5c-2f61c71d59b9, 3919 
189473 2592c4ab-be3a-4d3d-8695-d7482ff97f7f, 8505 
106276 a4d00919-97c9-45e7-b21c-8b4c1d7cc9c2, 8505 
137556 7d6f284f-bce1-46d5-8580-91d81b1944b3, 3919 
102412 ce5b71c6-2f01-4ee5-9b66-b6f7e03176ee, 3919 
167690 fe2e0f97-86e2-4ff5-af08-2e33249d8df3, 3919 
82263 25130911-94cf-405d-ba11-1e7a8bd8e054, 3919 
265152 787e9dd7-53be-462e-bbff-a888be0f7deb, 3919 
4008 d59b913a-4de2-4330-93f6-25eba6b4ade0, 8505 
79219 e9ea18a1-f086-4f3e-b272-74a4c28dd5ad, 3919 
71841 c7f3822f-9a45-46a6-ab5c-49007b039da8, 3919 
98535 38397af9-3254-4ba5-b2eb-f3edfcada56c, 8505 
107303 d28168ad-8337-4287-8200-6fae184b1624, 3919 
121704 283e69d7-4c3f-458f-9a8a-9bc51258bfaa, 3919 
234047 7e7b7adc-4fd1-4e24-af13-069452dfe742, 3919 
40141 c8e34f8a-d56b-4015-b779-fb553d910cf3, 8505 
309847 e6a3e563-105e-4cef-b3b8-43d9a7697a88, 3919 
313713 03d208a3-b911-4fce-a449-e2fee75b6706, 3919 
41113 3a39eb50-e62a-4792-bed4-7b7d55a9ffac, 3919 
120275 22141907-10c1-4ca0-870c-df7dbb4aa751, 3919 
351356 bca3c4a6-5579-4c5c-b19e-e08bbb9a00fe, 8505 
354696 3bdbbf7f-8540-488c-bba9-bf8953b08675, 8505 
366963 33d63a70-5e01-4f0e-aea3-ce8498e46838, 3919 
14963 1b55b7f7-06b6-4887-be0f-92837e28f21e, 3919 
255173 325f9b6c-bc13-43e9-bd42-1c9a6c364210, 3919 
65982 0c4af967-0470-4223-aab7-ddf0985bc533, 8505 
65548 0018ce23-665c-4fd8-91ed-d16ddcf38a96, 8505 
56951 076e76c3-6840-4a67-a233-7706ed1a589f, 3919 
340951 6086ec66-8804-4dc0-83f0-9c634eca4bc9, 3919 
97869 c290e243-3b4b-4753-b551-fdfe1b5c5773, 8505 
59309 57c4f22c-5317-4c11-93a7-3202f8178fb2, 3919 
218945 ea6d6861-9c89-4a32-bf10-76892fdd2bb9, 3919 
242917 1edf082e-ce7b-420e-9574-33947c47f62a, 3919 
106978 2338bc39-fe23-4c73-9e37-88299c4c2c69, 8505 
343269 31734b72-7b42-4063-9b88-8421b1e0eabf, 3919 
384070 44320924-bf10-4a02-9308-0285cd481f0b, 3919 
167667 35e6421d-2dab-468f-82f3-5a85c739dd14, 3919 
133290 9140cfbd-d368-462e-af30-a3817bf18c35, 8505 
57777 6e3b401d-5800-46b0-8d7c-dc8258036e91, 3919 
101481 43891e15-a7a3-4e20-b809-2c6a1b7dc131, 3919 
237885 7e83365f-7b44-4689-ac16-d6ea29c6c08e, 3919 
155502 5d68cdee-ca47-46c1-95a5-d420f5918681, 8505 
276286 394fa535-0cf4-4b65-9400-71346920271d, 8505 
300303 f8dc7d04-9704-47c3-b023-193c7cba1137, 3919 
193843 e497a92a-a056-4b40-8cd3-8401e094a9ee, 3919 
383817 512be8d2-d326-45a5-95c3-057ad6de42c1, 3919 
112714 c25745d3-ee94-4dae-89e0-c690bd07c64d, 3919 
293595 f0baecae-130b-4b90-a017-ec1b189b13c5, 8505 
271835 8198ae88-1039-469b-9c66-399dac3cdf68, 3919 
118434 6b6143fd-c76c-445b-8489-d1fc1f1212c6, 8505 
66394 3badacf4-3e3a-4e6e-a436-6e3fd0e3a86d, 8505 
375433 159af472-c1b8-4fb3-9ec9-68ba5f9338ba, 3919 
245639 9a52ca89-197a-4bea-8952-82c53a3ce69e, 3919 
115731 34afff5d-862c-4d15-a9db-09648c4c22b4, 3919 
23813 4fda7e3b-a1c3-4b91-993a-09cb435fb7ba, 8505 
112246 3b7a1c3f-1374-4d9c-bf88-f2636f36ee8d, 3919 
114985 1b0a169e-bf93-4702-97fe-fd8a772b1bbb, 3919 
181822 ef4f7bf5-fa78-4eef-8f1e-436269321de9, 3919 
182699 5039afe3-6ead-44be-9ce1-25744a95d0f4, 3919 
122324 bd3dac40-d670-46f3-bea5-523674acbe65, 8505 
225868 9ccddc84-bbed-4bb8-b2a7-85e546d53823, 3919 
372074 8cb19c1d-897f-4113-a931-26db8c3c864b, 8505 
64431 e231ac93-cb2f-4912-8f40-7ce694321280, 8505 
75915 ec353382-e5c5-4410-945f-acd8ee424bf2, 3919 
213550 efab442f-5e06-4303-a0d8-574a9dee3b7f, 3919 
124106 3e290d49-a027-4c0c-bfdc-794ba1bee333, 3919 
215204 ebe7b5ff-321a-49c4-97eb-b0bec09f7aec, 3919 
224844 542e6a5a-81fd-4388-9175-4e0c823c2688, 3919 
247557 a69e4807-1fd3-45e3-a16d-91c24b338759, 8505 
185391 d1eab21c-dfb7-4dd2-aa6e-8bb64641069f, 3919 
66107 8ba3df87-2c81-44fc-bb12-9af73d788661, 8505 
331342 112a5111-c53b-4c2a-8a59-a42cf54a1b82, 8505 
183610 50488080-4463-4f3a-b1a6-ea0e87c8801b, 3919 
13631 6e4d350f-5e96-4863-8ad5-02fd7a5643f0, 8505 
7869 8d61b0f0-83fe-4e60-98d6-6938205eeac5, 8505 
200182 1d24c715-028b-4897-9121-3fd0cdc878f7, 3919 
371756 01160eb2-0eac-4949-bab2-013fad050d96, 3919 
205308 992ac157-0bed-4706-bb80-f1dc149bb76a, 3919 
377929 cf99fb2c-00f7-40bc-baf8-97ec9c1f00bf, 8505 
131476 b1da3f0a-ff68-4ed9-907a-482066bf349b, 3919 
149077 e346dd25-5332-48f3-933a-0de51037abd6, 3919 
230718 93d2d428-3e4f-4a6c-ac72-ad2d296acb19, 8505 
298111 bef6e4d5-2d74-4293-a295-bfac913bd205, 8505 
179235 5ca6556d-29f5-4cc7-ab68-4c5db0d7eeda, 3919 
160297 cce8f703-b231-457d-9de1-66a45915be38, 8505 
49253 aade6e02-d454-4dd4-8f8d-7b5544cb1f9a, 3919 
387519 5f2ceb9a-f8b7-413a-afea-0bd906d1ae8b, 8505 
379939 a4bbf16a-c6e2-4a9b-827c-5ddd27fb07e0, 8505 
315767 9ce94dfd-4466-426e-a98f-671029f6f228, 8505 
41133 37cb46d3-af0a-4258-a570-b12d1f1c0a7c, 8505 
241202 9d17e498-4eee-4bd0-add9-f3cfe0b342bb, 8505 
187875 e7528917-4c1e-4cd9-a622-1ddf7cc62a66, 8505 
193938 7c6687c6-4f83-4fb1-969e-9673460104be, 3919 
285706 88f470a5-acb5-4045-8ae9-5858a4081e81, 8505 
95387 50d9c56b-959b-4bd8-81bb-2ebdb79d42b1, 8505 
46110 1a944821-ca2d-432c-bfdf-f90f4d9ec1fe, 3919 
302135 7a59c6e7-ffdb-4da4-a292-953ab9b5f7e7, 8505 
88439 d8f87a04-58e4-4039-8fc3-1e4497c68bbe, 3919 
160751 1ac97b7e-cba3-46a5-8475-4460e921fe6d, 8505 
390264 d48c355a-381a-4a1a-acb7-92e7aa78b152, 8505 
129002 98a1046d-3ce6-4d45-938d-78808b42cbb9, 8505 
52713 7e823054-e58f-4cee-b8fa-7e063ff37efd, 3919 
170636 690aa837-9a53-4b40-9e9e-8e2f05d5d25d, 8505 
8310 3e2ae144-453f-45e5-b433-326412ed3c96, 3919 
195898 13f9340a-5341-4af7-b766-92808f7e337e, 3919 
25322 7ee1accc-b056-4c30-b98b-0238d87a3917, 8505 
291159 5f3512dc-6b23-4541-b969-1fcd1ebb407c, 8505 
15631 43e51058-3fbf-43fa-ad4b-870a25bc9cff, 3919 
100182 f18209ab-4315-4cfb-9655-a009de23ac54, 8505 
150107 6ad4d4ce-31d4-46f1-b5a2-007c8eb88739, 3919 
338918 f4b89bda-5dab-42f0-8ad4-fdbaf7468b5e, 3919 
214085 30f1829b-4738-4fb8-801d-d334f120c0bf, 3919 
43174 64a09c63-cb06-41d7-b147-e7d630a68a04, 3919 
247182 dc744dde-cb55-400e-acd0-793f19327525, 8505 
267547 5e088e12-b948-4d3c-b298-ff511713c3c5, 3919 
385896 a4d2d9c8-6e10-41a7-bfbb-1fbb4c468afb, 8505 
142828 4ff631ad-a42c-45a0-8407-72b3ccc35187, 3919 
256259 666cc2e5-3e83-418c-ab97-4388c9e0c982, 3919 
208671 9679b4c2-b8df-4830-8447-c6e38b21e946, 3919 
285644 d2e0e935-0abb-4441-a79e-eb45fae3411c, 3919 
148504 c971b618-313e-438e-8f17-dd4641a9a07d, 8505 
222622 4340773a-03ab-4552-81ba-b6a14ff0c205, 3919 
364879 a3338ef6-9b50-4e41-818c-68b5c44c3c12, 3919 
208247 b1f81d74-de6a-4f30-a8d7-f130dde24d91, 3919 
171848 e74ee9fc-90db-46b5-8369-93ff2b4ff551, 8505 
16943 52736891-b035-483d-a938-d2c05d2ee4ac, 8505 
195658 a7bdf412-f05b-4d91-a721-be328ec7c7de, 8505 
194158 84ddb174-fc3f-4fea-ae28-78a8cfb6462e, 3919 
13930 1f7fba2f-91e9-471b-a117-ff9ee60283a2, 3919 
375721 5646d008-3c99-43b9-997a-517f8e27030c, 3919 
266763 ecb98541-4148-44b1-bff7-aeb1da2b3549, 8505 
308087 b4abaf25-baab-4988-8c3d-122b40d93878, 8505 
402342 9ca8a11c-ef4e-4a42-90e8-e5a9a6374d80, 8505 
111795 105dd46f-d83f-4a5c-8208-40fe3e00edbb, 3919 
123184 a5634986-68fb-484f-8cc9-387a3e410c46, 8505 
76663 e2ee0e06-ef88-4251-b875-9cc5c68047b9, 3919 
115027 7ed2ee38-fa69-4a96-bbf0-46ff67b2e7fe, 3919 
261897 96ccc225-8b70-4a85-aaf1-a13148151c05, 3919 
395911 15175494-fc3e-423b-a861-cedd2bbb9021, 3919 
148860 989223a1-deb1-44b0-ac7f-f99bcd4351c8, 3919 
379949 528f016e-b7a1-4f5b-b1c9-a5a7dffbf301, 3919 
354357 7ec0503b-53c3-4d3d-9d42-3383a03c79b8, 3919 
166702 a9d3e03b-05ae-4478-baa0-c42cb0ec51b8, 8505 
292873 1ab55b01-3198-492f-960c-d1b4ea5cab12, 3919 
21527 304a36ad-b6c9-4325-ae1e-63a4bc86418a, 3919 
401939 abd327c0-c8ed-46f1-8fae-f49be9408176, 8505 
190422 8bf26f04-4a47-4c00-908c-17adc5446cbe, 3919 
252195 df5a0b2d-a19b-44eb-9c36-85afe931c009, 8505 
50393 50c9384e-5ed7-42fd-aa7b-2a364e0bf05f, 3919 
340209 6ed830b7-9638-4f37-bf02-26e28675a168, 3919 
199547 ff9543a3-3234-4a4c-8e10-315150547164, 8505 
288053 f80a16ce-2f23-4a48-a064-64a0c036dd2e, 3919 
331950 42309eed-bc61-4f1c-8ac7-754439723a28, 8505 
380875 36d23dbc-f3ce-41f6-9c89-4b34911c2e42, 8505 
61007 27da0a65-bcb6-471c-a10e-e7fa83261617, 8505 
303961 7bcbb0ab-098e-4924-9379-1af6650a16aa, 3919 
201310 e9cd0ad7-176e-4c0e-8a3d-8f79a0048f94, 8505 
391058 69164840-c9da-439e-a97a-6a5e0b6641dc, 3919 
192918 dbfeac39-241e-4e54-b682-844e6b26b267, 3919 
324290 053e1d91-4ed4-4e17-81a6-5670d084e14d, 3919 
274787 208aa928-635e-4832-b695-291da6fd55c6, 3919 
55342 3a1522c3-0631-408f-b585-1514c4809b03, 8505 
361700 0c9183dd-2695-487c-95d9-cd8b50b3e4dc, 8505 
212210 a2161eca-4a53-4742-88a3-37af5afede0e, 8505 
223341 5ca15ee0-2def-4092-8bc0-704b699c1d3d, 8505 
285564 8d82e0c5-d854-4922-ab60-e14c64784b69, 8505 
111428 c371a441-5ae6-4c11-8fa5-d1f4a8817686, 3919 
135126 b74fd140-b2db-4436-98be-6f762e07cc52, 3919 
280206 7227f774-a2a4-4324-b71e-be69b8a3c5be, 3919 
268543 cb013f75-86e8-4bb5-b46f-8b561f2eee76, 3919 
69048 fddce748-d908-4945-8b5e-072a9361f660, 8505 
36737 de7d3edc-a463-439f-b58a-32421923999d, 3919 
331928 ee90c5a2-6340-4828-8a94-517e01d734b0, 3919 
119228 43605289-6ea8-4229-bf65-b40fcd07663d, 8505 
16106 7c5b7bca-dd43-43cf-8c2b-a8479864c65d, 3919 
380194 85e92660-3443-4758-8f67-09d27d46c609, 3919 
353744 870ee116-cb42-4a44-80f1-19ac9e218454, 8505 
44546 7e28580f-78ec-4e9a-ad65-ceb2a9f0d667, 3919 
281548 554e05cb-e86b-4e46-bfc8-b5c78f2d0275, 3919 
261339 b80b7d0b-40b5-4406-b14b-61088125306a, 8505 
32295 dec0e199-a23d-417d-b092-f4f3495028e6, 8505 
290063 3c4ccb03-7943-4ad4-950c-a1180225f67e, 3919 
156730 2a08b4d7-6286-4b2d-b10a-b9993757b1c0, 8505 
208203 6eadc8f8-e76f-47a6-889c-23b032cc6d07, 8505 
80215 44aaad03-eb71-4ccc-8551-1967373dcc78, 8505 
213331 1edeb9ab-a69c-4769-ae41-29fd7b5dc9ae, 8505 
237831 c56dbfe3-72c8-4c96-852d-8163ceecaec9, 3919 
130284 742472ad-6bf5-4027-b0fb-d81d8a594cd7, 8505 
18161 0c42f5bf-a4db-4be2-adc6-ece28ff9dbf3, 3919 
2689 5b1f3244-cb60-4c31-923b-4c33b648d3d9, 8505 
74931 a6114526-e7de-440e-b7f0-357d374dfe92, 8505 
42096 3d84af46-d6a1-47d7-8cca-9877639bc5b6, 8505 
330805 892d9d9b-5699-489c-93ab-f896fa34df14, 8505 
165198 f054f26a-875c-4af4-af2b-d3c1f710ed61, 8505 
315238 a65d20a5-ce5f-4c68-ae44-0644e671901b, 3919 
149713 94403237-6d44-4d49-8fe5-2f5bde8e0cf1, 3919 
195406 f9a5d20c-ec70-46cf-8b83-68b52af48ec0, 3919 
18854 dba748d6-7505-487f-a38d-d1517316c77a, 3919 
89559 971aade6-fecd-4812-8564-35f1bd1f09ea, 3919 
349149 d1be99a6-4853-4a40-bc19-a484a9eb3e92, 3919 
353910 723c21fe-8640-4908-b097-d29e23932b1c, 8505 
391480 fd970364-4547-483f-b0bb-1dda025100af, 3919 
76105 f0a6a5e7-5662-41df-93aa-fe0bbfe0a7dc, 3919 
300084 db48ab1d-4572-44d8-8fb3-259e879512f4, 8505 
391127 b886466f-5dab-43b5-84d3-cf25883a2e76, 3919 
208891 b0e47124-4eea-4a89-87e1-2b6e77d63966, 3919 
242440 6150013d-cb05-4917-9ae3-d94f757ff333, 8505 
84931 bddd9ce2-cd46-4331-9ec4-a86767e45866, 3919 
340342 63940eba-f449-4c9f-8ea1-3144f6e5cb8a, 8505 
251294 03cd58ff-fb3c-434f-a17c-74e6c7c01874, 3919 
192511 8f3df6ac-5a0e-45f3-beae-a706e2a62132, 8505 
328387 64fe1c68-221e-408d-9452-5cf305add568, 8505 
314843 98de4ddf-870c-4750-9ac6-358ba038148b, 3919 
169201 7d065944-5499-45b9-93d2-de4649044fd2, 8505 
288767 6561fdc5-9dc2-40ce-9f93-363ab88ff346, 3919 
15940 30f1a3a0-4f90-49ba-8630-83303d2d9d4c, 3919 
375093 a694c3de-5fcd-46c4-8ddc-3bf3e1d0a3b3, 3919 
295406 0995f12f-5134-4120-ad58-29fd12a6cf6d, 8505 
244132 72238092-ce26-4720-9a52-4e4bc9ddd2a0, 3919 
192049 e3047f15-835f-4715-a491-dd51add7f1f8, 8505 
349485 bbeb9844-4663-47d9-b337-6e8e07dd6be1, 3919 
90579 64e493a2-6dee-4c09-89e4-15824680def6, 3919 
360205 3c06732d-141b-45c9-80c6-5aa15e8d0cda, 3919 
181146 d377aca4-27e5-4b10-a17d-8bf2e207a196, 3919 
288676 71d5e582-bcc8-42b0-a50d-3852312269ad, 8505 
280159 329c27aa-3fa9-4406-b68e-e0500ef875e1, 8505 
321943 c998fa20-0baa-4cb8-9899-a69a3123355f, 8505 
212963 6909a86c-8ed0-459a-bf1c-839f230d0df4, 3919 
261174 b5dc2a97-3bab-4eeb-93e1-a4aab7bdea3d, 8505 
253213 c6848562-b18b-4456-b8fd-0c74b28bf0e9, 3919 
369009 f910202a-0751-4288-a9df-d3594af624d6, 3919 
353639 1b160f9e-9ef0-499c-b6ec-03be4ff45e7f, 3919 
251967 edbd98f5-6164-4917-8184-a51c56151a4c, 3919 
342370 745e2eba-16f9-46cf-a247-10a2662db0e6, 8505 
233142 e5c94e38-71f4-493b-93eb-f9891caf7a58, 3919 
262651 6a679ba9-850d-4f22-8b88-1c37be5747a1, 8505 
372879 a9f1c598-9b26-46f1-8bcd-36058bd3dd08, 3919 
324344 b27a48e3-dcf6-421d-b288-299cb536ef9a, 8505 
323572 2cae16e1-31e3-4c21-832a-36c676aca9fa, 3919 
355031 d84990dc-674a-4be9-b87e-4569038c003e, 8505 
334072 ca1b4093-32a1-4161-8319-9a599951be22, 3919 
279006 d191bd4d-f740-496e-a15b-6b00f94ef8d8, 3919 
337167 3be6ffc0-c680-4b7d-b383-b948e04695ff, 8505 
125252 ff3b6697-cd48-4e6a-9ec1-67297aafcd13, 3919 
323420 dc23c210-fb81-4610-8c71-1d30dfeafbdc, 8505 
265435 b73adb40-e805-4cfa-b2bb-f36f1791a305, 8505 
152524 1c890d3a-68c2-43b4-a0c6-acc0550f6b54, 3919 
373221 fef34b65-f6ff-4ed7-8852-30975ca74563, 3919 
201502 953ee432-e4d5-4faf-927f-efa0d50998ce, 8505 
271763 199ea204-c6cd-4226-86dd-3cd18f781801, 8505 
336453 84de17ab-0fe1-4168-8260-ca884047e9b4, 3919 
356040 9551ccda-a8e7-4045-9157-7ab8668b51d5, 8505 
173101 88fb710d-4847-4549-9335-ba17d3eae1f7, 8505 
183004 9f3612df-4f50-4cae-9e30-13f9fc88785e, 3919 
243868 e82b2913-181c-4edb-9d51-21fe4e82ce4a, 3919 
375355 2f0ff7e6-e0e8-48f8-9cc1-10fb409907e4, 3919 
96682 d88a1ebb-4812-4689-8006-a68a496651b0, 8505 
184186 59d26087-0c43-461c-88e0-8bbde002efcb, 3919 
291809 94154f46-d34f-43d3-8852-899e35fbc1a7, 3919 
242046 fbbe498e-8532-4d58-91d9-0520e4e5917e, 3919 
307413 674eebce-082b-460a-aed7-fbadc01ccc36, 8505 
361205 77005bf9-c7d7-4aaa-bb68-b0c0fb51a7b6, 3919 
396087 10632d8e-0391-44ac-b953-32f4dd48eae1, 8505 
129169 0c51771d-0b32-4edd-8e5e-40b9aac2ea47, 3919 
159796 0c0c69aa-5fc6-4c53-b2d6-74699dd13cf6, 8505 
388966 9a6d9afd-d68d-44be-b612-1fdcdc897d4c, 8505 
244527 a371497d-0cbb-41cd-9626-5d74cb71ed62, 8505 
394596 eef067a0-b56c-4b50-96cd-2d7a3c0b605e, 3919 
312674 a1b0bceb-3e19-4c98-9437-7dcbbbd4fe9f, 3919 
36741 742a4ada-84dc-4f16-9b87-65ccc8ec5e83, 8505 
375766 482e77d8-bdaa-4a27-9e8c-faabbb113cc9, 8505 
245439 f16cb4eb-d0df-43d2-bbd3-e6b7db75379e, 8505 
129335 6f55e7c6-7669-4835-b1fc-ae42ef0ab4bf, 3919 
315225 3fa975e3-c606-462a-8cac-51af6a684351, 8505 
54601 fda02885-85f1-4493-8985-6d2bdd83fbbd, 8505 
387055 e953cb3b-cc7d-4eb9-a42c-0287d92afba3, 8505 
330875 154f6be7-074d-4e24-9a65-8294172d9a2c, 3919 
157762 21e2d2f3-99ae-4291-adee-ffa31f542747, 8505 
57851 bdba4427-eb1e-4f71-a0c3-515ad188348a, 8505 
219984 d042033d-0b56-4e1f-b718-ac24b69e7f62, 3919 
298796 fcafbb00-4fe4-4e96-9f06-3d7502595859, 3919 
351437 06114d1a-719b-49f5-8314-f14dea982769, 3919 
226157 d370a4f1-7f39-4410-b248-d8b77fb130cc, 8505 
311835 da13deac-439f-45d3-a8ba-3db886f47cfe, 3919 
13843 782a2287-2bd3-49d2-826e-8ec6d99373f0, 3919 
29234 9ece6234-5442-4e57-8c93-c404a874e23b, 8505 
229489 29b230db-1967-45f2-b12e-e14466600346, 3919 
8195 1e7d33fc-1fcd-4a42-82da-1a650d893168, 3919 
154788 4a8849fd-2d79-40e6-8c94-428a9d953777, 3919 
390985 8456ca76-4d21-4439-93f5-3312ada49294, 8505 
20119 4788cc73-fe84-4522-b655-cd070af7a23a, 3919 
319801 331f26d0-e268-431d-a461-7489b7c64f1e, 8505 
39828 28c47224-8f3f-47d9-a5d6-c8b255224070, 8505 
10886 dd4df14d-118a-46eb-8048-0545b10a0079, 3919 
126898 e293d832-a902-4693-9ccf-885b47bf0ce2, 3919 
21715 efdbad5e-2324-4719-869f-94c31f829b78, 8505 
73291 6dd6471a-2f5f-4743-b04a-9edf90bc073c, 3919 
110408 f7378ca6-39e0-41b0-951d-6275eb025fc2, 3919 
351252 6898709c-de3f-4417-8834-9c5d0bab433b, 8505 
109284 bc028116-cb3d-4734-b83f-da8feaf9ef95, 8505 
67982 5eb38aaa-0657-415c-932c-cffd7501099b, 3919 
24718 c8b604c5-dd70-48e5-82ae-a31d5d45a664, 3919 
401968 1e2a5fe1-4c10-466d-a8cc-745040531ae2, 8505 
4295 ba5a2e4b-d028-427b-8684-ef55839354db, 3919 
381777 bc3ca8ff-46e6-47ec-83e0-510ea833c9cf, 3919 
312539 6010afee-6dd6-4cce-bc5a-95f0637a30a9, 8505 
298393 a09e869f-c388-43f5-bb29-90fbf6901ded, 8505 
349037 4de19f98-d656-4c03-9d44-8ea12bbbda69, 8505 
371364 7e3c94bf-0e1e-4283-8024-189bed08eb9f, 8505 
47091 5500f78a-075f-4b63-bfb1-0f2e0d807387, 8505 
394033 b7282ed7-1a4c-4752-9223-d08141062557, 8505 
359642 f1de8979-9654-44f9-904a-bc56692597b4, 3919 
375702 01df071c-c449-40c4-9f3c-17b4b770d805, 3919 
97579 375338f4-d9fe-4e13-8d68-2b0e9168f526, 8505 
259905 edf74899-5ff2-4851-be51-c5ad00c1cbef, 8505 
42123 8c568019-46df-4791-98da-c7f42193e74e, 3919 
40508 e77c8139-b006-446a-aa48-331880bb4a53, 3919 
142356 8f39f558-29cd-41c2-8248-2eb68baf9dfc, 3919 
119032 90701547-47ec-457f-9d33-acf22d74050e, 8505 
125145 e99bae24-ae34-4ee9-be52-23b7cc49d5d4, 3919 
377256 0f67a93d-a4a1-4c5f-aa74-57626bcab43d, 3919 
91115 11f84ced-71e1-4c45-ae8a-78433a443303, 8505 
110076 c581d79e-ba65-4f8f-b5c4-82fd69ddb6ac, 8505 
93288 c1841290-6834-4c1f-a349-66fc7de88539, 8505 
173456 20c1041f-0765-40af-bdcc-b057cefa531d, 8505 
150891 c1334011-d726-40d6-b621-e0cfd000248b, 3919 
100087 feb728a0-ccba-45da-bbb1-16d8506b5b00, 8505 
200056 03cdbaff-1513-4f7b-8c28-7d95cef3f7af, 3919 
178177 d215a895-c427-4714-99ac-e01dfb86c0e7, 3919 
133698 ee31f348-dba9-4ca0-8446-194ca2273779, 3919 
385895 faf926bc-97a3-48b0-bdd2-62f675f76a73, 3919 
170533 e1a0cf64-2dcf-4f47-ac60-451712455f3c, 3919 
213354 4f7b1faa-114b-481c-ad2e-e5426f6e2ff0, 3919 
348840 819058a1-d94b-44a1-8362-83734b10d700, 3919 
333623 12732cf6-a3ce-4f8d-8624-d9794529af7d, 3919 
256476 72dc5307-6a3f-4837-a7fd-e99cfa11421f, 3919 
285392 d04b63fb-c301-4e7e-9470-3478c71e0cf6, 8505 
98497 ada0295e-1eb4-41fd-83a3-1f8cc8bfc8fb, 3919 
185464 9096b017-8a24-4319-b501-4d8894b3c44d, 8505 
57326 670a1fb0-fa48-4df4-b073-4113a265743c, 3919 
362382 6508a9f5-6c17-4a71-87ca-4eb69352df0f, 3919 
364756 8f17da9e-4843-4090-98cc-8b9ef7000548, 8505 
113466 bfa98fd4-d3ef-413e-9c2f-286b964523bf, 8505 
302832 ba8ac488-b762-4942-8772-56529565fe9e, 3919 
25241 da697e1d-8510-41fe-bf35-f567ce8e05a6, 3919 
312053 4adaddc8-e209-44a2-8f23-48f81efc118d, 8505 
347744 6252745c-6d30-4067-883d-10f6a7bb453c, 8505 
395241 49ec7005-936f-4fb4-ac18-babe4fcc7fc0, 3919 
145033 d083d7a1-d52f-40fa-b433-23431fe9c32b, 8505 
134155 71d50050-ab63-41d3-91e6-cc8d1a81113e, 3919 
326955 79fc5cc1-70ff-47a5-926c-664bc73e7477, 8505 
4819 f6b31bb6-8e11-4403-8a51-c30af3891632, 3919 
204880 c773cb89-a9e0-40a5-8e67-cdd3ff56eca0, 8505 
147298 bedbe559-83c0-4fc3-9869-34ed81a38183, 3919 
138646 b55c17a7-0d77-48d7-bcca-1274a37bfc7f, 3919 
56124 d34e9791-95c9-445b-b23f-4e4ba8c6f7f2, 3919 
334050 3863b857-7cab-47d4-b7c8-f9b3074ca498, 3919 
223995 baf8c775-a31e-4f0b-9c3e-7f1a2dda5e45, 8505 
167283 9ec7c728-74fa-4b8a-99fb-f81fe827d1e4, 3919 
380468 faa7c2b7-57f1-4186-929b-9670555976d2, 8505 
318217 6087ed13-c631-4a2e-bf49-83a11535369e, 3919 
39220 5f51e2af-d284-49a1-99dc-41c4e5038f29, 3919 
121224 b41f5b64-b0be-4395-b507-1d99524f0f3c, 8505 
53582 d4687b2f-ffb7-4372-9e01-deccec57f131, 3919 
51801 a896d3b3-0b8a-4aeb-b424-bbcb56fb59d6, 3919 
61866 5f4f88e7-d3f6-4dee-a728-34e2990d1689, 8505 
308496 98ff8344-425d-4380-872a-edd79cd9ee9c, 3919 
379914 5efb3f01-e161-4b31-9185-82e2c39ad860, 3919 
202283 eabf6ae5-9ece-4703-ab90-756bba484cda, 3919 
319417 40161339-c68c-4302-a4b2-4c153a0a5015, 3919 
41969 7cd5bec0-2994-4c34-a3ba-b734a1a35249, 3919 
398527 bcc5f62f-28bb-468c-b768-f88094b4e881, 3919 
224472 3c7c4333-d8da-4fb7-97b2-a880797cfc71, 8505 
396309 d236c130-59c1-499c-b929-3d7cc13bffa6, 3919 
63986 c0df72e2-161c-4076-84c6-3c1c36061a8c, 8505 
202968 0c13e8c6-b337-4d80-bcf0-4563179782c1, 3919 
172061 326fff6a-2573-42c1-a4b0-8378dd829a5c, 3919 
152790 869310dd-7a39-4a89-b74c-524505abcecb, 3919 
343864 4c0c8d70-17ef-42aa-836d-49bf4d7ba519, 3919 
282235 844c4452-cc07-414b-8543-3d42212d842d, 8505 
389534 a553e10e-bb07-45e8-b0c0-03faaf341b32, 3919 
366941 c49df354-7a1c-46de-9b09-18f8119036ba, 3919 
177768 5e3401dd-33cd-4b00-ba03-e7a248229fff, 3919 
317417 3098e235-c6a8-4ccf-b5f3-500e792937b1, 8505 
395067 61198a70-7006-4f4e-a5bb-9d6b0dc411c0, 3919 
384138 a88be654-abcc-4519-8401-66803d7ad72a, 3919 
167170 dc918c63-daad-4001-9900-0620e8f51516, 3919 
248424 bc523fbe-f3d4-41e3-855b-05ded150440c, 8505 
217261 19d4efe8-0069-4e95-b675-ae223b91f8ad, 3919 
312124 b6f747a9-0d0f-4faa-8472-abebee6d4673, 8505 
19437 a347745e-e66c-4181-8be7-0f5a8eeb9d77, 3919 
365953 9aba4bc5-75e0-4be1-92e7-04b0acf1aa7c, 8505 
119728 05d3ca37-c662-4af7-92b0-0f2521bc6b14, 3919 
380338 bc3cc651-623b-419f-9e98-1f8c01b4f437, 3919 
308965 da03a0bf-7bdf-49d8-ae9d-e46566287bbe, 8505 
194986 403acb14-b519-4040-8d0a-0b569a05b9a7, 3919 
87978 4773e051-fab0-4f22-9113-bab2b977dff3, 8505 
9681 d4c93197-a674-4b66-bf7a-5ac9bba8130e, 3919 
163031 97f26f3d-857e-40f9-b50e-a18a3571a3c9, 3919 
11465 bc17cb39-db2a-4cc6-bf93-3965e138b982, 8505 
269371 90c12708-ef0e-4cd6-a2ab-e6caf08c6bb6, 8505 
352549 ed5e13d6-eab0-4cbc-899e-4212275ad18e, 3919 
388041 caf73602-941a-49d1-a5ec-b5aaa7425737, 3919 
240761 6483878d-cd02-4b18-9bfe-0292332e55fd, 8505 
60634 901e583a-5a84-4fd1-a59b-d321d89aefbe, 3919 
361207 42aa1354-f511-4cb6-8200-52462635aa25, 8505 
168010 91de7c63-b0e3-4ba6-978b-cc846463056a, 8505 
339140 401c06d2-b6c9-4df1-bd9e-2eae80e08997, 3919 
225077 ce0a59b8-6488-4a68-bdd6-84c362fbac8a, 3919 
348623 f4a5f418-3e74-486b-82f8-1d20d8598813, 3919 
139018 ea7e7164-2ec5-483e-99fa-95ffb412293a, 3919 
357684 0fd07043-2c2e-42dd-93c3-25c3a367c841, 8505 
283641 93ada6fc-3ea5-4068-b651-64c371d90001, 3919 
104368 e09619dd-31c0-45d8-ad56-091933275096, 3919 
394535 2485760a-7d7d-4513-a640-1498782ac612, 3919 
213014 e922ed5c-ce5c-4ba7-a6fb-c8b68ce68dd8, 8505 
385121 efef0e0e-d2e5-441c-905c-f9091b1625ff, 3919 
88503 f1b6d5b5-ceba-4f90-9234-dc8333e9eda5, 8505 
22985 ba9f62c6-05bb-4fff-b44d-ad1cd4e43c96, 3919 
61369 afa087cb-7a28-49f1-8992-1af2dc94a8a3, 3919 
198531 eaf96b71-e20e-43e2-a160-0b547e955a90, 8505 
224507 7426f417-ff44-45f5-8c9e-53b4553618e9, 8505 
151810 4a11aade-4cc0-4cbe-8a09-6378749c1b75, 8505 
235173 48a3eaa2-4ca1-4496-b196-aae27c701231, 8505 
196900 c412f405-9074-45b5-9e96-c7595f957c34, 3919 
398614 ea169536-3644-4101-8b7c-32276f03673f, 3919 
104270 0b146ee5-9c35-4000-bc34-b8d7dfd61952, 8505 
58668 6d58497f-3e64-49fe-9024-28166608f834, 8505 
96603 184c4525-abb4-452c-8d47-ccbbd87350a2, 8505 
54477 1a86fa43-a2e2-43fd-937b-bce2a0490d13, 3919 
43737 7c04f2f7-0d53-485c-9592-3810062263da, 3919 
204330 a4567c7f-f05f-491f-80b5-cb6b0271bcb0, 3919 
108131 87d642e4-d30c-4f3b-8d89-b225f1eb8e45, 3919 
298972 58667845-b09d-4d22-b0fe-c2afbf4b5b07, 8505 
49657 8d696f4a-6089-4842-9a5b-19d733922797, 3919 
328121 8a7969bd-3640-49cc-9008-4fafb64f8d5d, 3919 
248985 8869f9a5-2622-4831-9e49-c08aa9275da7, 8505 
168196 ee484aa5-9f82-4163-879e-4056f4d3e784, 3919 
203705 113b3c84-4532-4261-91c1-5ad8ba7911c2, 8505 
215575 b56ae7bf-ad35-47de-9f5c-61ec35d86ee9, 3919 
10417 be6a95b9-e8d2-4c3f-8489-71ed0b2b5184, 8505 
97293 9a5f32e1-92db-4ced-9553-0c1c2b043c78, 3919 
310054 3ed949ef-1ead-474f-8825-aa2384279c06, 8505 
153535 c4f15797-a118-4510-bcae-cc3672ef2e57, 8505 
243751 80809b9b-dd1a-41f3-b6f0-b44a56056e15, 3919 
357560 d5c189a8-c3a5-4f82-ba21-38a1b13ed8b1, 8505 
364187 47794033-4629-4e87-a75c-79800243e167, 3919 
326175 84db7698-0837-4088-b6a5-5eea9f7a61ec, 3919 
364138 53a1a5cc-7420-4657-b8d9-a83c828ac5d3, 8505 
282205 bca80f80-02a4-45f3-bc1c-bd2cf5720f44, 3919 
187954 70d0e170-484c-43de-9530-c32833d9e1e0, 3919 
148782 a570feea-7818-4a28-98e9-a63ee78c6664, 3919 
83188 2f3639b0-fa78-49be-8bcf-452da04cf687, 3919 
267744 f1a8038e-5f0c-4460-b80e-eab63ec2343d, 3919 
269850 1c91f1c7-dfb6-4690-9eca-b828e5e6149a, 8505 
14969 7c4cbe22-b184-480f-b699-76a621f35476, 3919 
329851 3f438320-03fd-4a5a-b742-9af45f433cc5, 3919 
187580 b022d8c8-8e8f-45d6-a766-c6892e0ffe52, 3919 
11212 6a60f0b8-b9db-4e1f-8841-c31896d9ee10, 8505 
97947 5caa4edc-191a-4783-93a6-9792956af6e9, 8505 
321519 b96f5dbd-595e-4e90-a215-7393d7ba7d4b, 8505 
122971 ed52944a-4314-4da0-9de0-ec859181bd69, 8505 
135556 593b3f4c-43c0-45ce-a77b-0acab367e6c5, 8505 
208952 8884feb7-116e-451e-94a4-2bcc5a1ce497, 3919 
24026 0900484d-790d-470f-90c4-607f3d8d948d, 3919 
161326 683c466a-ce46-400e-abe4-3d5380e8e6a9, 3919 
203523 c762260e-7239-4ff1-af7f-0756afe8bd81, 3919 
53970 8ee8fc81-f8e6-40ce-a883-90079dedf738, 8505 
344611 9e304607-edbf-4c78-83da-385a2509eaf9, 3919 
85862 8155dabf-0a55-4d74-8c61-93ebe6331fa2, 3919 
334664 dc4b8982-500f-4d5f-b3c8-e75d880e6538, 8505 
297633 15e62448-5148-42d6-9cfe-2a44f7d76d79, 3919 
297601 d5e325af-5b2f-49dc-9421-d8dabefb8cd1, 3919 
109123 970150a2-9bb9-4be4-9a70-93dd2294859e, 8505 
289355 144b7099-9145-49c1-981e-a844a8b3aaea, 8505 
73226 e86eb3f7-32ea-4a82-9e92-ca13a98cb028, 8505 
316735 e83c8dbf-7622-4eab-940a-2561979868cc, 8505 
166721 31e6e4ab-8889-40b8-ac96-8c58e8c58fab, 3919 
362970 25573a14-393b-4e44-906e-3277a13f7f30, 8505 
372394 131dd566-f646-4909-bbcd-8ec88848ea40, 3919 
151417 bc3f8f6e-386e-4d06-9d06-37e912048a7e, 3919 
45093 4c0412fe-e857-4ac4-af68-e31bf9dc3c89, 3919 
288169 b45b1fd3-f87d-415b-81b5-b6b862f7298d, 8505 
268819 27d7d1a8-d879-4930-84cb-cd2e909ea6b3, 8505 
37860 f3591335-d25c-4688-8efb-f6619e014711, 8505 
396709 904acd2b-7f52-46bd-a400-987e117f20f1, 3919 
63996 ee008f7b-ca34-41b3-b8e0-59e6c2b16937, 3919 
335085 dd019282-442f-43b0-ba98-fdbc888fc584, 3919 
380209 e614808c-bdb7-40b1-9551-e69893a7cf9d, 8505 
4055 0dd9db70-28f0-469f-bf76-b176a934646c, 3919 
344041 ef65d2fd-7a0c-448b-9867-ac5254c8ab54, 3919 
43013 080b4047-5ba9-448c-b417-38d7e5c4f709, 3919 
40712 653a4821-7bb1-48f7-9126-6010544522f2, 3919 
22652 f09d8e2c-47a2-493b-b579-1d411746f444, 8505 
212155 480d9c06-1bfa-413e-bd62-1ba2c34de0c7, 8505 
3113 ca1f52c5-d970-4e2a-90fc-6193c4d205de, 3919 
306205 c7f347c3-f2a9-487f-8b8a-f8f66459c90c, 3919 
95802 ad19f79d-3ec4-45f7-b767-0a878270e0aa, 3919 
268719 0634a040-bb10-4e06-8de1-309a5f6818d8, 3919 
401331 4ee25ef8-f043-4148-8b85-92ecde1eae9c, 3919 
20188 7607ab03-b848-41b8-8b1b-13d8f06abecd, 8505 
238474 13b1ccd5-650e-44be-a91a-1b9c8bcbd72d, 3919 
357269 461e8139-aec1-4370-9145-e67f6faabf0a, 3919 
182149 e6fbdf2d-ba41-4f4c-94ba-4c81760c1732, 3919 
173186 ac7e0dc3-1487-49f9-b374-72adc334336d, 3919 
82996 0e283256-87c1-4b2a-a195-caa2c1a0b275, 3919 
78414 9fe4c2d6-e172-4882-8ab5-248cb89790a0, 3919 
70289 2a3c33ae-4a55-42a9-917e-acbe934ff3e4, 8505 
153477 d8c01a6d-5e01-4da1-a171-ab44e5258ec0, 3919 
360484 8286e4b1-c9e9-48fc-83a5-bc8ed03c6635, 8505 
185365 308f1f1b-1704-45c0-9ee3-dec3b3b337cc, 3919 
281582 58d8e73c-aad9-479c-a88c-7792c7390483, 3919 
271977 eb1d23e7-7df6-4089-9ebd-5e3fdb58c632, 3919 
366326 405606b4-7a7e-4085-838b-80f61758c43b, 8505 
18721 d4e3f5de-251e-4c3c-a87c-592e991a9952, 3919 
294832 57c9c767-5066-4b36-8e1d-442d9d269c65, 3919 
218171 c2843b4e-c45b-4483-9747-6081e3009ed3, 3919 
308795 aeb8bb5d-5bc2-4f8c-a9b1-908c1bee80e2, 3919 
268651 07baac5b-34b0-4f8d-a45a-27634faa6d62, 3919 
333783 e713e244-6bc6-4694-a673-4f542221a89e, 8505 
385039 c2e2e773-a8d0-4fe7-8e41-fd9ad1cbfb1d, 3919 
341473 e5081a3e-69c4-4f61-b2bc-2c2f4ea13fcc, 3919 
234715 444654f2-2a15-4670-a780-233343db121f, 8505 
97505 e42eec29-68c9-4764-8d6b-bda6feefba60, 3919 
150839 72202bb1-f8e9-44a1-a069-163d3df08a9b, 8505 
274131 e53708c2-e6cb-480c-9363-57bb7196b4d0, 3919 
3812 31cccbfb-4460-4405-83c4-47d3378e6a99, 8505 
58318 3545201b-fcbd-4b51-8b42-c7584396eaa5, 8505 
182832 8c834ccf-6a56-4b7b-861f-4364cd01b173, 3919 
264876 0ef3d7a4-64a4-4603-8df9-83d0b9fc813f, 3919 
104468 943acc10-6cc5-43bf-b051-c27045683d5b, 8505 
375478 03fe0cb2-663a-45eb-aec6-93fea70dcee8, 3919 
367807 bbe977fd-5a27-4227-b184-094737ae4a2b, 8505 
305348 8c6e7a27-546c-4832-a6fa-1450d4219491, 8505 
317084 1fc9d7ea-4d6f-4d28-b496-5b7f7abbd35f, 3919 
61188 afcda1f1-c9db-4576-b9c2-1f1be6c43b35, 3919 
144549 fdbae8e0-99d4-497a-b911-08cc3797e3ab, 8505 
220696 9d504808-4228-42d0-b1e8-355b71d7850c, 3919 
189600 ccc10684-25a8-4267-bc56-ae0876b2cf0e, 8505 
8945 849cb918-d499-4c2c-8f86-2a1eee410360, 8505 
166714 947f63a0-e302-48f0-a3bf-acd1f84cccb9, 8505 
2070 0d59a487-8a52-41cc-adca-b14222938dad, 3919 
377472 257e03c3-2b81-4008-a537-73a9491a10f3, 3919 
292618 9e3b58ac-f30b-4429-8825-006197b05bee, 3919 
16098 b0401e04-d318-4d23-8c9c-7509857e4236, 3919 
239814 e7bb591b-ce68-4cda-bb77-986e03b48e2f, 8505 
93616 f514e767-a273-4e9b-850f-4d8bdcf29d13, 8505 
336424 0ddef737-3e88-41a5-a5a1-89c08dd463bd, 8505 
346806 3ae9f8cc-9b1e-4071-adc5-1d3baadab5cd, 8505 
190845 ff9e0751-955a-48ea-9606-1b7e7e7433e5, 3919 
164390 7bfe2923-d3e1-4671-980a-25b473fc5aa3, 3919 
121571 38d490e4-0564-4435-b28f-03bbc411b85e, 3919 
31266 028cb541-c9e7-43c4-82a0-592024581481, 3919 
61981 62722f2c-82f5-4a97-a6c5-79ce010583aa, 3919 
161903 2079df91-8881-4fdf-a396-228d0b6a81e2, 8505 
64713 d2297e81-5bc0-4b42-b565-6ef99cf33950, 8505 
169411 8da07f94-8666-46fe-bf67-84c009be3761, 8505 
129491 70f0f8bc-872e-4d8e-97fc-b52230182473, 3919 
114564 02d72e75-5647-4ccd-8760-4128c30a97f2, 3919 
76226 1ef1af63-b70d-48c5-b4ae-491157329ca6, 8505 
102084 0deaa9e8-8f81-47b8-8831-25cd2551de93, 3919 
346882 1cb11256-9b79-48f9-80bb-7550c6f05313, 3919 
189575 5cf90860-d143-45ea-8400-89e6842cfe89, 8505 
74419 45a1246e-2d13-4909-a26f-0b3043c92a0e, 3919 
232054 b9fbd73f-1c29-4e1c-9911-4a0a52bc1d41, 3919 
40219 3081b08a-772f-4f91-a9ae-80a098ce0617, 3919 
48199 62cb662a-a132-4799-8aae-6948a86ce8b5, 8505 
346887 b1b35e76-f172-4c8e-8cc0-d82b049f28f9, 3919 
34108 5ff223f1-a551-4a6a-b7ac-dcb64ed2cba2, 8505 
364661 ea77ed01-e8e6-4632-8434-636aa4d0d87b, 8505 
309953 59affbac-5478-4ade-b4a2-3213b1a922da, 3919 
313903 e2facef0-c3a3-41d4-9306-9c313d315a42, 3919 
219343 834e756f-f1fa-46e9-b3b1-392831ece0a0, 3919 
63043 1fa8606a-00f3-4b46-9c5c-b09cb884f386, 3919 
398279 5f9b5b65-f6ec-447a-bb24-f25efe78f895, 3919 
25421 108d9fb8-1f53-483c-8dc5-0e9370fe3920, 3919 
149498 269f0b48-447f-4307-8d97-619de91d039a, 8505 
292213 8f169e94-8dbf-41f0-98d8-4b4a5a2a054e, 3919 
180751 c1c22ecd-3ebf-4367-b102-1c49bb287f97, 3919 
130643 bedb66e8-9e90-4fa7-b15a-591c537e2109, 3919 
366008 b7035dd1-79ed-4505-8ab6-004ca54155ed, 3919 
30078 fbd66334-a94b-4d61-927c-a61303ae7c4f, 8505 
225871 6855b88f-1e2b-4d06-af41-67d07066f711, 3919 
66975 58ff2fff-ee99-4fa7-a876-c403fe8c30ff, 8505 
267118 3a06cca9-8242-4355-a60a-bd6d3b779a8f, 3919 
324002 7f8e2051-3617-466e-b13f-3ee1cb8c77a2, 3919 
208121 7f295ace-9ca0-4a99-96d4-0640bf641586, 3919 
110157 d3ad9f55-1d7d-418b-9e04-0b650685f473, 3919 
114999 a98bb7a2-f25b-451e-92b1-30c02dfe9d90, 3919 
391361 21dfd837-0106-4c7e-8f17-75ef12bbdfe8, 3919 
185843 edc5d283-0212-4054-b9ef-d151b6c85abe, 3919 
206926 b791ff2f-20e3-40a8-a0df-649ccec17c29, 3919 
48158 8fa2bbdd-3dac-490e-9c84-6d0078ac1446, 8505 
285384 58f14e19-fe1c-40cd-9652-232cdd05cdbf, 8505 
161996 51ae7dcd-0d84-4772-9c04-f57ce12dbac7, 3919 
135659 2ed66d87-a666-492d-8844-d74595ff50dc, 3919 
305321 6738c89a-be3e-47b8-b6c0-150da75cf7d5, 8505 
380807 937ad02e-07b1-444e-acd9-82a7fa3d4dcf, 8505 
309947 cba7fd9b-3352-4d48-a171-cc628c8b758d, 8505 
200239 d14705a5-6703-48a2-b518-85eb56955120, 3919 
143422 819fa350-b4c8-4a13-aae7-96ef979c95b1, 8505 
8848 b524f68b-08a6-4596-8e30-caa858244fa2, 8505 
161560 8a544705-1438-4334-a580-60d2c944caf5, 8505 
49726 dda18ccf-a1ea-4e16-a86e-91d1a818019b, 8505 
355567 e81f00d0-a4d8-468d-8064-af134838d432, 3919 
289741 4a8df00b-c54f-4c4c-923d-6c5501e11928, 3919 
337153 6339e173-86b8-4443-91f2-09c1a93c0f2f, 3919 
79192 2b071e45-c977-4564-b194-6fab995b8e21, 8505 
246107 d4fe8d1f-b6fd-4dd3-981e-3d64f591707e, 8505 
318820 dd1f3fe2-7b1e-4547-bd46-1fbdf649ef23, 3919 
70727 739450bd-db9f-417f-95c5-9ad2f4b5ee4a, 8505 
65817 c76e9f3e-547e-44ff-88b5-4cdea946c298, 3919 
244261 0f54524c-65f1-4f84-95dd-500aa9b98e37, 8505 
371716 2e33a338-f97e-43a7-8538-09dc1b006b26, 3919 
9833 efe640e0-adcd-424a-8177-a824e309f3d6, 8505 
289873 6e7eeefe-0de2-47fe-b6a8-cbb55a11043d, 8505 
189148 f2719e2a-4025-4dbc-a889-4f9790b4956d, 3919 
103863 8d9dd951-ef4b-4b13-9880-9332512417e6, 3919 
245994 8a3e5e88-6ab8-4b26-b40b-4641dcc0832c, 3919 
298067 6243ba12-d31c-44d0-80b6-7167e8b1d089, 3919 
217472 313fcf2f-555e-4029-837d-65db5ed33e46, 3919 
24058 3da04136-45f5-4636-877b-9334236e8e8e, 3919 
244757 91c1c807-3a2f-4510-a15c-e702260c6b43, 3919 
333515 dd8e7b88-dbfb-4e8a-ae3b-e1ed767a3ad0, 3919 
53202 050e08f5-c0dd-4065-8be7-f7a0dd64affc, 3919 
144663 2c1de7d7-376b-4643-9a9e-e477f8dcb646, 8505 
130233 3eae785c-b170-4ff5-99fc-910ce99a6934, 8505 
168312 694cb69d-8e07-4170-a02f-da50135b54e8, 8505 
58788 78ee969c-9b1f-4314-ad69-a9532ea9758c, 3919 
87298 be403c8d-6796-4ac4-9166-7855616488fb, 3919 
220820 342f03da-f364-409c-8772-d90888fb9c65, 3919 
256082 eb1a326b-54f9-49c4-b814-7e021f130050, 3919 
216664 1bc33531-9410-461c-b335-5c8192c8c6a0, 8505 
48757 45e0fe17-1777-4eed-b588-fa55485934c5, 8505 
265009 9dd9aafc-e979-4625-ade5-b43f6e7eb10d, 3919 
52912 5f0593f4-7227-4636-a9e1-f9e3e3edb2bc, 3919 
287757 d75f0660-75b7-42ae-b17c-c46a8846b400, 8505 
64615 2c0fd1b3-1ee7-47b6-87b6-042d00279fd7, 8505 
82595 1fab8de6-bb97-4bb3-a110-ac7632f4ba11, 3919 
166539 baf44f80-d7b7-4604-ab72-b178b67b8d08, 3919 
336324 e95d166f-82f5-459a-ad67-86e788499ee2, 3919 
353463 b6e0daeb-1ca4-46db-a6be-06b6587cc42d, 3919 
164609 c31064eb-3138-46d6-8255-187bc5bc5e69, 3919 
315559 1f180543-ebcb-4a95-a654-69563bcdbc03, 8505 
1453 f3918789-c937-4d91-bfd3-58f837051064, 3919 
34301 7fef9c45-1f1e-49c2-a6f7-1da3b3a59d29, 3919 
173235 5512c543-9fe2-4066-848e-f2ef02f3d1e5, 3919 
254979 d19f4d39-bc73-4476-8605-50d44b8fa6a1, 3919 
152635 5852f57a-5afa-4556-8d42-1c9796bb6a17, 8505 
242544 c7d7fae3-2533-4709-924c-b62086376802, 8505 
120023 79019312-bf0d-4d28-82bd-48f5e2a4d46c, 8505 
348921 b226b468-8e5d-4297-9b25-c3bf7c819e33, 8505 
158884 f813a017-1a31-402c-8e39-bb10259cecec, 8505 
306132 b5567f68-de50-4de2-941c-8a76bec37943, 3919 
232726 59f70148-985c-4667-8cd9-2b1c6a592a61, 3919 
63288 129fe476-fa97-40a8-8a67-fbcd7bf34f79, 3919 
116300 7d845655-a7b5-42a2-a466-4b7184c443ec, 8505 
312220 4cf7ddf7-4ce8-471a-865e-79d8f092c081, 8505 
7776 b1915e58-3b64-47fc-aecc-11d0b5130b88, 3919 
27065 f1432913-1e6f-4ab4-9085-b604e2bd4e23, 8505 
132861 6740fe12-ada2-421d-80eb-bf66938f7123, 3919 
377910 79f01e20-59bf-4a20-8b1b-23a18ac34ac3, 3919 
258031 fed5878f-8ebf-4d81-9e9b-6a6be263b10d, 3919 
282570 d0d2ed4a-114b-4dfb-8754-fc61dd334c12, 8505 
318239 c18755eb-60aa-4b83-af90-c10b23f99373, 3919 
201318 eb952010-6aab-4735-a8da-28b8741707a1, 8505 
137083 e1d26eba-0ad5-4409-b3e1-90c37eb57813, 8505 
364597 ca4469ec-a8b2-41db-8980-61e75b56d0e0, 3919 
253949 bc207bde-4724-4cc1-a1ac-7a1104054ea7, 3919 
270740 f2a454c8-33c6-4bc4-8e11-1e4aa150a2a6, 8505 
369076 eea0af6f-5d1e-4d9a-aa98-326513af65e4, 8505 
80609 d8fd9079-8bfc-45b9-af95-b83d36074169, 3919 
364495 426c6dbc-473a-42c9-966e-d07260133e6b, 8505 
326421 03ba80f2-0b4f-476f-b341-a6cda3f324bf, 8505 
128823 fce60e38-ec03-4dc3-857b-afd2f04fac0d, 3919 
109597 cd0e8c58-a18d-4bcb-a8ab-45197e04d2fc, 3919 
359535 2f2300f1-9e68-483f-bcba-693620c8f778, 8505 
24290 2e20f9cc-fe05-4106-8a05-7f685818d0ff, 8505 
300442 ca921714-4c32-497c-8795-fa3fe5cd67b7, 3919 
242672 3ef8ebf2-4bc6-476a-b77f-167a8614efe1, 3919 
106324 7db74241-a774-4761-b43c-3ec68e886155, 3919 
81108 4c8b23d3-51fb-44cf-a5dd-148ea8490070, 3919 
128616 8d4c5d9d-32e0-49d3-b302-defa36be3b4b, 3919 
173716 48e58163-074c-4ecd-a286-65f16a023bf4, 8505 
106243 f22fce1c-3033-4e21-88a4-393bd8d0959c, 3919 
251397 6498e7ea-d4d8-4f01-9d64-eb2370c08427, 3919 
312814 7ef8efe6-7eeb-44ed-a850-953295585fa8, 8505 
89212 a48a24ee-1c4a-4e13-92c9-915a1b20475e, 8505 
269520 d64cf99d-3904-4ce0-9806-3c6a1384fbfe, 3919 
377246 96bb3b7f-a877-473d-9111-a30ee1aef2cc, 8505 
171659 8f01f1f1-06b8-46c2-bf3f-34e487888b7e, 3919 
73433 403fd1c7-271a-4654-8002-0f3965a1ee6c, 8505 
104826 7c9f1344-c61a-4b8b-9356-f308f5160e19, 3919 
20846 ef38200a-622a-4732-9522-5a24676dfdb4, 8505 
324302 f2881ccb-65c4-4fd4-a70a-5c8fb7a0b63b, 8505 
276012 342951c5-1ec6-4df3-b495-d6afffe6eeba, 8505 
109486 ead1d898-c651-4c29-aeb2-199b7a78d6ca, 8505 
287306 2bb3dfec-90dc-4512-aa42-20d22a883308, 3919 
96520 45131b5c-3ffb-4825-a7c2-3d69a934ef11, 3919 
310561 18834871-33d3-431f-a53d-50bb825eb87f, 3919 
381022 56d825e9-dc90-4ec1-947d-1c71bae37f50, 8505 
5116 88f4b729-8b2f-4012-8e22-4a82b81090a3, 3919 
147948 df8b4142-d57d-4cdf-ba61-20056a388d15, 3919 
173308 4dff1236-ce0b-4518-bdfd-a2b448793661, 8505 
91358 8f3ad8e1-6cc2-423d-97b8-d5b6e277628f, 3919 
142858 f374737a-22fc-4e07-84a0-ff6ab4932810, 8505 
177885 1d60fd9e-6d1c-44ad-a33c-7517a78b16ca, 8505 
272563 853cf4e0-bd41-4ab5-97c8-a3fb831fb26f, 3919 
317929 d1cb9d9b-1fd3-414f-a9db-271206cfe5b4, 8505 
400514 182ad5e5-d83f-49fb-9421-68831995a773, 8505 
326943 d6d651d1-358f-40ee-902f-a04a5270ec2e, 8505 
136762 28858559-0067-4c4a-bab3-3eb823eba05f, 8505 
250860 3452c58c-02c8-4a7b-9b95-1e97ce3fc0d2, 8505 
302743 599409cf-5182-4acb-bb73-4969624f98a0, 8505 
195549 42b245c7-79d3-47cf-bf6c-7e71dbc717c9, 8505 
248601 a9b661fe-f7e8-41de-9bc3-351af39a16d6, 3919 
81594 f815b528-a585-49b4-9c81-3b08411b0c27, 8505 
227364 9871d7c1-157f-4bfc-87b6-013017930930, 3919 
37282 2b8b3d5c-5a64-41a2-ad57-9610cf65bf21, 3919 
15988 e3cc817a-0073-4605-bb63-033d8332cc5d, 3919 
347248 8b192cd9-09e8-4794-961f-da5079f2675c, 3919 
222719 d5a0ff77-dc96-4340-b900-a0063dd9dc37, 3919 
259211 81e904e4-7856-46dc-87f0-bc9b30645022, 3919 
71852 4717772c-8fbc-463a-bfc6-7221ecc3ae6e, 3919 
319238 d84352b0-f9f2-457d-a099-ed204915f7d8, 3919 
58057 031a727f-41c6-4129-9a85-d72e755ddb8b, 8505 
368902 1a29c0fe-24e6-448d-9ea6-33c036a30cf6, 8505 
39470 9812012d-944b-462e-bef8-7720019da55c, 3919 
173590 41373e55-f2a8-4e9c-bfc8-4fcd42b39dae, 3919 
237161 a7dc63d0-77bb-46d4-92b1-e04d8bebfcc0, 3919 
336444 c07a06b5-2d66-4986-88e4-e0e7f7f9ad44, 8505 
290658 131d263c-a4eb-4357-b69d-582a08ed6860, 3919 
199649 38ca677d-c383-4372-bbd3-f41fb051d6c0, 8505 
292998 4096b5a9-df2b-4980-934f-42ab735b3fbf, 3919 
168040 1c63b8ca-0bc1-4c78-bd60-a1ff7033ed9d, 8505 
84293 abffc514-12a1-4617-b566-efa86d81a3ab, 3919 
136231 d6baf876-2af5-44f5-916c-dc2490a390b6, 3919 
326940 6c61cd38-feac-4faf-99c6-c69e950f7984, 3919 
385404 13a6793e-409a-4f58-8aec-f38c42d0c1ad, 3919 
21880 14718358-19bd-4b33-a3c5-7956e7c692e3, 3919 
173485 c002a98d-5d73-4b89-9112-d0ce2216f4ad, 3919 
368415 0650fe20-d66b-4b19-acba-bd3851311e62, 3919 
48884 35e67314-4524-453b-9e07-8b9928c5ec7e, 8505 
216455 ad06c638-a58b-421d-a5ce-a041e515425d, 3919 
353716 e8f204d6-7985-438a-bd44-e18d7236108a, 3919 
11770 4749bbe8-6fef-4cf6-b3ee-b6d9fe84c0fe, 3919 
263171 62d49733-baab-4a42-8589-62cb71dcae58, 3919 
169750 08e2699f-2bf0-4482-8dfc-8ac3e20c67de, 3919 
357072 fff555b5-b940-421d-b590-854c95238739, 8505 
135734 5d7ef6bb-9969-4029-ae52-86c6b94c53db, 8505 
100639 822b933c-27ce-4f2e-a5aa-b4e50bc826f4, 3919 
187988 6d6e3554-75aa-45db-af39-960649b5017f, 8505 
347370 4047b74c-3bef-42f8-ba42-75a6c9205a46, 8505 
113038 af8743f1-d7a8-4f0d-b5bd-36e41e1e2bde, 8505 
75079 57b94ec8-1a25-4c5b-881f-f67b689ce71c, 3919 
328600 c4608dce-f8ea-4204-80dd-a8f59183c3c8, 3919 
44949 3004a442-a819-4eb3-8b30-9892ce1d8e32, 8505 
388077 a82f64c7-823c-44da-953f-5efeda6c910f, 3919 
372385 7142b170-edf9-41bf-b0f5-9f03210358a5, 3919 
221043 f7f7ef3b-1f9e-40a0-b691-dee39783a949, 8505 
133978 9ec9e145-b9a9-4888-9868-fe0363a79ffb, 8505 
120185 2f088b06-6613-421c-8702-d609b00d5ee0, 3919 
108647 ee15deb0-a8a0-4db1-b216-e8d07cda5679, 8505 
164339 a78f7efc-41ea-4af8-9699-14064cbfb42f, 3919 
166407 e2be5686-ac06-4c03-b644-dc338bc48633, 8505 
2785 e3ccdbaa-87ae-4fce-a465-a3f81127eed2, 8505 
358963 b321a921-c0b3-4c85-aa66-5c5bb3831b48, 3919 
121415 6dca7dd1-45c9-4290-af79-a0b47817c35f, 8505 
272068 767d9e13-b064-4623-9087-3dd5a3c33b33, 3919 
73359 d52d5799-6b65-4494-9930-19f0251f5b37, 3919 
204341 553f42df-2881-4810-8351-967010168a8e, 3919 
213723 c6b1ef30-a316-4506-810b-25fcbeebf6a5, 3919 
125364 5d10b6ec-9ec1-4861-8eb3-1719a0462f00, 8505 
100137 9e96c776-834f-4822-8f62-85943a3bd763, 3919 
335270 67fdec84-776e-4c6c-a433-d2f3b3b79bbf, 3919 
69104 cd501a92-b209-4ab5-a38f-a2ab98abbaec, 3919 
34334 13eac23b-3456-4330-95c3-9e68e4320297, 8505 
186596 0db3c57b-8361-4985-b511-19020a929081, 3919 
163231 a0b53f69-a653-4702-bd38-f1388c0f3132, 3919 
25487 732adbbe-57dc-405b-8fc1-839ae0875f78, 3919 
208993 71395423-1f72-4985-adfc-e62d4ead94dc, 3919 
126805 fdf3a2c7-74ab-4ee8-9b62-784687e78931, 3919 
244671 32feb4e2-b9a9-433b-9392-cfd938007280, 3919 
38828 a4c44d08-cd33-46bb-a841-781fb9eefd9a, 8505 
172052 e1222b59-320e-4f28-8986-8fa8cffa3715, 3919 
261579 b42abae6-232e-4f7f-9b86-111aee995286, 8505 
19118 2d0fd77e-fd74-4d22-8a24-0e4c4fe0faa6, 8505 
129387 c5fbab89-6629-4781-9bcc-d8aad15b7fac, 8505 
164253 19afa0c3-6039-41a7-8ab3-785326d483d1, 8505 
352747 0f1dc2a5-1a57-406f-843d-4dae7d3727bc, 3919 
332658 af90b9ee-63cb-413e-85c6-a71044f26988, 3919 
226697 6cd4c9ea-3575-40be-8c6a-266d1992001c, 8505 
272396 989c3485-561c-4745-93fc-0074c8ab9894, 3919 
340629 4ab65ca6-36b7-4329-911c-3e399cf28ec5, 3919 
252571 551403d0-e317-4d73-8fc6-bcaf6c21939a, 3919 
120959 c2a8cf08-0efd-4866-960f-9a9ffb0704ba, 3919 
120674 53442578-739a-4d7a-a3f2-7338d30a2915, 3919 
257093 38960d7d-1cbd-4ab1-8b2d-a09ef4702274, 3919 
4101 77146fa9-56ec-4e76-91e5-60ef5b2e95a5, 3919 
197617 549e3283-1e6b-4437-a51e-61e11a483c45, 8505 
239242 b83fee16-0153-4269-a391-4ee99edf03b2, 3919 
226338 5ba6255b-3405-4934-83ca-837b6ccb5a1f, 8505 
76820 c6f7ffe5-5aee-4b9f-aebd-79736211795a, 8505 
350992 8ccba90c-dfa6-411c-9f74-03297f7ccfb5, 8505 
149982 4a598be2-6ae8-46cd-a818-a89e98fa4a61, 8505 
204675 5e374111-97e2-47e0-88a8-92a561737519, 8505 
164834 ea1145f4-c136-4cd7-8d3c-003263bb4fb3, 8505 
183716 69087be8-c88e-4bc2-ae31-0a01935c8a47, 8505 
143623 18ce4073-fa90-42cb-b385-3cabefb94f0d, 3919 
337718 dfd297cd-4464-4669-a94c-0f135dca7a5d, 3919 
22875 32ad0d82-3fd7-49b8-bb85-8fb5a2ecf2f9, 3919 
52447 ff9bb028-951b-4a08-954f-9d458ab1782f, 3919 
278815 dfb38da4-0459-4250-bf2c-ee199ae679c2, 3919 
74743 e555bae2-84c0-479c-8738-a0a83872aac8, 3919 
47500 50e25d37-fa14-46ae-ba7c-f24a85abff0b, 3919 
194025 5b71096e-18cc-4824-b0ed-5ce0ac1e1124, 3919 
343332 c65a7c75-9eaa-4b24-a3cd-9c430e5f316e, 3919 
342555 36a8d2ba-c7fa-476f-80a7-004471c16f9e, 8505 
111042 28d0d7ce-f51b-4e6d-beff-a3b1c6deab3d, 3919 
146520 0686875a-b0e9-4c63-9909-b9e37e04d4fb, 8505 
247111 0e9242fd-0ba7-4c9a-8eed-f8d0a975975a, 3919 
305823 5b675f84-cc10-45fb-a491-67562370895a, 3919 
321321 bd04b2d8-955e-41cf-9031-19abd54f2423, 3919 
334021 8e927740-11bc-4dd9-9b14-c4b2567e9ea2, 3919 
311581 28622985-53f9-487a-8ff2-07af8454703e, 8505 
50907 f2d87b42-82fc-4588-8d74-845f6347afcf, 3919 
147125 a2df5632-ea3c-4bfb-a8a1-c3c6735c8ba6, 8505 
289910 614c9a3c-cd3f-4a7d-bf0d-18a121d52777, 8505 
49459 5f6692ed-5758-4c36-85c1-0d1a0943c4db, 3919 
358980 767062a9-8962-4dbb-a3c1-6d213150533b, 3919 
37761 84865e9a-e927-4230-83b4-6fc6a7eebaab, 3919 
183901 f721e6fe-c249-4416-9eb0-f044789b3d2b, 3919 
212955 5f62db69-d3fd-40c6-9319-e5417463abbf, 8505 
121185 5a23eaeb-60e9-4d3c-bc99-3b797f0ffba1, 3919 
26244 218c240a-5acc-4c55-91b3-e6b32022c8ec, 8505 
253447 d50c0e30-9d10-4139-aa8e-5ea3e7226d80, 3919 
189911 a8de68c2-25bf-465d-b72b-7c018e25dbd6, 3919 
221074 4f542ae7-c535-4e18-9a7f-9ef4d8d5edb3, 3919 
259952 53dcfde1-5dd2-4c92-a2c4-e2eefff25899, 3919 
8139 6080bd34-7011-42c1-92c4-fb21829f31ef, 3919 
3298 b68e8483-1af0-4a38-8b0f-d8e247d9f1f2, 8505 
313128 5e69e176-e762-4e3c-927a-aacb72ef4976, 3919 
377157 920fcbac-656d-45bc-86da-6f820fb25af3, 3919 
130249 25a9a821-b2d5-40a4-9aaa-9bb765d496ab, 3919 
170893 34781728-58d5-4722-bcac-aef44b630f12, 8505 
197194 f20ddc00-6b7d-4ad9-9a08-d355471e608c, 3919 
371348 558675aa-df26-4442-8b3d-f0b5f81db0c6, 3919 
205421 6cc933e3-ee82-403c-8f65-e81e2b461d81, 3919 
174204 93f813bb-5795-450a-8c40-3297ad1ebfc4, 3919 
363472 7c6a46ac-1755-4a03-b82a-1716e71e942c, 3919 
339113 de0791ac-feb2-44ae-9bc3-472ff7bf8a42, 3919 
87758 b6c6d08f-6964-456f-90b9-f23ba04d2a82, 3919 
11000 1cfd914d-1fe6-4624-8d31-9a528222c78e, 8505 
365587 efc9db70-e553-40bc-9576-f49a9a5c3cae, 3919 
153448 a1dbcda5-edfe-45ca-96a8-36716bc4fe3c, 3919 
2990 75b0b9e1-b82f-4d18-b42c-7661087dc5b2, 3919 
177365 00d44fc3-86ee-49c1-8168-1dafe6e02f62, 8505 
316391 862fe566-5534-466d-ba39-6c2bd5f25f01, 8505 
89888 3d59c2ed-c0d2-4fe7-81b6-76b8b7055b57, 3919 
207444 d0ec43c5-ba96-4452-8ff0-4bb53f07bca8, 3919 
396705 a90e3f1f-33ed-4235-a10b-0289c8368902, 8505 
255873 fad3000f-f205-4227-ac8d-a53a695e0fc2, 3919 
85296 b759a547-2789-4dc4-a428-d40d127e54c0, 3919 
16816 05a4f88d-8a22-4fdc-b9c6-5bd2458b4a3b, 3919 
233295 bec7a0fb-ae92-4c88-9764-7fcd303420a6, 3919 
252297 29576d80-1c57-456b-94c0-645d4ead820a, 3919 
229873 1a136438-2908-44c4-904e-c4bffaf0bc3c, 3919 
239005 5d461eb4-80a5-4a09-bf56-59554902e9ae, 8505 
298378 455c2692-c46f-4434-b9bf-562aec5375a4, 3919 
400129 de68ee4e-7478-4ab9-b790-a9464e0fcef9, 8505 
160924 ade79218-6d6e-415f-b76e-cb78566d9e1e, 3919 
199494 1db25e50-a4bb-4814-8a14-3110347002d9, 3919 
46358 f5b0ca85-22c3-438e-aaf9-2d0e6611225f, 3919 
20735 dab46cae-f02f-4989-8f1a-e6b304947c48, 3919 
50854 98f89fe8-262a-4e08-8473-f407d1411fde, 3919 
131643 78825ce8-43f8-4142-a64a-d160a5da55ff, 8505 
331714 8967eac8-5732-4d29-b244-71ca5f25125b, 8505 
288498 ee5e0b25-8897-4af3-8e9d-0bb9a5158edf, 3919 
352360 2c0f96d8-fee4-4edc-be13-ff3cf2bff087, 3919 
233347 48a3ca1c-3f6c-43d2-b423-c567504b9b3f, 3919 
12694 e55d9b5f-60b5-445b-a80d-6499930afb1e, 3919 
130277 9dd1f85b-0344-4842-9ad7-822062ebab0f, 3919 
350839 faf18681-8caf-4312-87e2-c10e100be9fb, 3919 
322503 27517dd8-dea7-4e4a-aae9-26273cc14c01, 3919 
238136 3941f387-033d-4eca-808c-5871fb895878, 8505 
82096 51e46a5e-6fe2-4508-a435-5d92644a1c16, 3919 
324229 c531a36a-7b05-4525-9667-a80732f6f749, 8505 
404128 dcee1bce-d829-4240-829a-85e2d42919ab, 3919 
216626 6e7e9874-87ef-4f33-bbaf-a6459eda99f6, 3919 
340145 6ec686c6-83c6-4079-accb-44d366bce596, 8505 
128438 5b2dd2d0-fc6a-4f77-9cd3-96249c6a1238, 3919 
56931 61ac6b7d-071e-4b90-9365-797b9471d5bc, 3919 
366599 fee33654-2b8d-4fae-adc0-50e50b5a24a6, 3919 
91211 32b10278-7155-4ec5-ab5e-02c7d2800d0f, 8505 
20111 624bb93a-18b0-488f-8b72-883bb31f4a01, 3919 
202259 27521b34-a978-425a-b8bb-226308a19edf, 8505 
312325 24d1b01a-4823-42c2-813f-14ba4169fd33, 3919 
82755 8107fe3a-5b0b-4828-8ca7-3bb69859fe37, 3919 
102201 2fb4c42f-dae1-454e-af01-9f77b987c9b5, 3919 
401351 90e8cb98-313c-4ac1-8627-ac5f4cf11e75, 8505 
79889 78e5bdc8-b4fc-471c-ba6f-e697fbcd4346, 3919 
181340 3cb31e9f-a376-4bf0-b84a-f101cf20ff26, 3919 
138633 2e914d04-e25a-4180-8612-a18a1ba943b5, 8505 
253713 cdf06e17-74c3-4d33-9330-a4d5e6757e55, 3919 
286965 ff3126a1-a097-4481-8ac7-871bd3a6220d, 8505 
277807 92912a9e-ac82-4a9a-b29f-2ba37b4f5b1c, 3919 
370726 a7dc641b-e6b6-4773-b3ac-3bf3434dc70a, 3919 
215570 974b50ba-6342-4e45-a288-a3fba8cd074c, 3919 
25408 41674cd4-826e-4c7b-9332-84b49a1e6d01, 8505 
175412 35113f24-cec3-4994-9734-fe8a9d59caaa, 8505 
31428 7feb509f-ae04-4be9-b123-90451fc956d5, 8505 
319774 bbb937dd-868b-42ad-a0d3-b000c19ba49f, 3919 
331217 02bd2695-475e-47c8-9dff-6ff23baafe4f, 3919 
127210 3eb59213-b95f-48bb-b2de-922cc2d4d445, 3919 
108045 f7600ff7-2ff8-4ca0-8823-2fc2026f5816, 8505 
149613 40dccbfe-ede3-4fd1-a2af-6f6e3cf21a6a, 8505 
355475 87d12717-0dbd-4614-a93d-01e3564923ed, 8505 
970 db8927b8-318c-49c7-8495-dc23c9e3505d, 3919 
289029 c7e406df-0778-48ef-b4ab-b221c697dadc, 3919 
102640 4c5530aa-1ccc-43f6-b0b0-12029e133566, 3919 
124624 5e6703f3-2594-42e3-9d9a-3971be44bcf9, 3919 
240538 5184617c-7872-4ce8-883f-ef097915e194, 3919 
346579 a6bc70df-5128-4a4b-8579-36f984eeed09, 3919 
23785 9dbdf725-cc64-4473-bbb4-7dfbdd61443b, 3919 
116420 a8afa87c-3804-4459-8768-62ed952c92bb, 8505 
151633 5797ba1b-844f-4982-9658-74eb437fc5cd, 8505 
140234 554f5314-a9a5-494f-9a9a-04a6549daada, 8505 
109559 0ba1abd8-0812-4e21-bdf2-db31be648927, 8505 
292597 9e8b154d-81f8-422e-b36a-6e681c514a89, 8505 
378596 46fc4f73-ac31-47c2-912a-8115e8efd593, 3919 
242909 efa766ea-1e4b-4182-8528-24888a938a99, 3919 
226101 241c264b-b129-4b10-90ad-4db8b584f0ba, 3919 
141339 c011f4cb-0857-4c73-b5e8-122dfd0f5a5b, 3919 
394632 768de3bb-270d-403a-8fe3-813ec2614727, 3919 
22115 dd60c8a5-5ba1-4ec2-8b59-1997e43122c8, 3919 
92493 6d1b4764-0b6b-49c5-8ae1-49eacca7c6e5, 3919 
49566 1dfeb652-c899-4758-ad50-e01d3d2fa086, 8505 
252559 db53d0c8-7b7b-46df-955c-651f08cb1488, 3919 
234435 97650ccc-dc0e-48bd-a101-0925070b27cf, 3919 
369816 6a2526a6-cc8f-45f1-9e38-b8ac32755e56, 3919 
387459 3594f69e-a8e3-4ca3-b59b-75e1a9fb8b1c, 3919 
79147 74a17202-d182-4f6f-8911-400400b135f4, 3919 
377132 d19b90db-d12d-4f03-82ba-c0481a54e880, 3919 
16271 34e629ec-1b2b-43f0-89d2-925271f3180d, 3919 
348218 98d93f7e-4901-4c4b-8803-da3a57aebfc0, 3919 
212181 42e94369-ac17-476d-8d63-cc1f1d422cb5, 3919 
257645 11b43c92-3015-42a6-96eb-feb66a389e25, 3919 
102798 0ab82ca3-b775-4a86-b910-4f558237be85, 8505 
306179 55e29fe5-239d-46e1-aa27-97b82be34eb5, 3919 
400125 448765b5-c481-48b2-939e-d2a65dfc443f, 8505 
159448 9eba27ed-9ec8-437a-bd3d-d52218e43831, 3919 
149847 a077a045-e423-4c15-bccc-dc19e6bbb078, 3919 
361863 072ce64c-1389-4571-8c20-8c5237988e9a, 3919 
4116 e2af0311-256c-436b-b6df-ed7163c76cec, 8505 
126243 b9daaab6-60f2-4cf7-83c2-9d20c87a71d8, 3919 
194303 0dee7138-2d14-4f2f-b28d-49e08f538a44, 3919 
341596 8a62f744-c432-44a4-852e-761b24d610fa, 3919 
342110 23550a7c-a7e6-4c33-a8b2-416d65f7a50d, 8505 
372560 ae71f5d4-2b64-41a6-9645-c8d402c95a8c, 3919 
242578 85f6f851-be4a-42f7-a515-041cd4f4001c, 3919 
59223 ce110fd2-3272-4355-b65c-4bb1e4a1de6e, 8505 
145307 5492b7b5-9146-4125-8197-557b98b6d6f5, 3919 
334596 eb4f7590-8d07-447e-9bb0-9a5dbbb845f7, 8505 
125995 4724cbb5-abac-4103-88d5-3956cf2b4130, 3919 
21211 9b95e5c7-f38e-4d8e-a8a3-5bd05c8fc32c, 3919 
273135 0d2f11b7-06f4-4c53-aba9-4177e7fcf30a, 8505 
314101 c122edc4-074d-431b-b94e-b1cea699fb89, 3919 
66264 3c4421c3-fb99-4149-89a3-eb57524f56d8, 3919 
2379 7e040538-3a64-4888-a9b9-3a6d12e9cb87, 8505 
318342 ca7088ba-27df-4cef-9159-d9e28c9d0b41, 3919 
382158 54d4d6ff-a2a0-4444-a0e7-64ccc2c2eed5, 8505 
189391 7c306209-3db7-448f-b356-cfe415dc2f91, 3919 
215845 e29d239c-9e5f-4fd0-ae28-c671707e93ed, 8505 
263303 c3b58ea7-038c-464b-b464-febcdc5c559f, 3919 
176718 6567e113-885b-4600-a184-6d8111e14762, 3919 
98804 f8f2a5db-afcb-4dba-a12c-27d475ac35fd, 3919 
274447 4913395e-5f97-4e0d-bb7e-d69f40bc7984, 8505 
86658 c361e2d4-ca24-4724-bd1b-a9486e381621, 8505 
109019 4974fc8e-054d-4bee-98e5-3004228f8b72, 8505 
303057 4e6ff5f7-2428-441a-ab28-d224c29e3930, 3919 
236357 2d96c852-9608-48d8-8115-0e9d48f4253a, 3919 
21595 d3c63ca6-b15f-4df2-8e1a-73f694f4f154, 3919 
68983 c60804d9-533f-4801-b9d6-576af702c85e, 8505 
339069 b31265f1-4201-47ba-8060-dbe3b24a7fca, 3919 
140531 41e0f5ab-8f0b-47aa-8a02-59855933ea1e, 8505 
292466 d5ae434f-c745-4d9f-96f9-fac6d46e20d7, 3919 
297580 073cf56a-1c2f-4489-8f8f-1159686f1e7f, 8505 
267194 9e987c06-e798-4648-ba1c-06c77db112a5, 3919 
325991 0213663f-6917-4a42-8f15-925438d95129, 8505 
128002 dcc458f6-ab02-4c1f-b879-000fad24d9f1, 8505 
2956 66b3c23e-7cc0-4d09-a0b7-0ac32d80c75e, 3919 
262958 2cf8c896-23de-4c25-bdae-346005610740, 8505 
299188 70740c82-307f-4461-aded-22a16106e149, 3919 
222681 000227c8-8787-4449-bb84-dd29fb783d91, 8505 
219128 2293d731-ac6a-470e-bf8b-baf7f99ae126, 3919 
383807 1e7d17d8-5a4a-4cb4-93b9-a64fc7fd4627, 3919 
69440 497b72d7-d354-4809-bfe6-e85dcfd985e2, 8505 
36104 744d2510-cd3d-4a89-bd93-0bd6d2029a1e, 8505 
37618 bdc2949f-33b5-4c8e-8363-94b120925478, 8505 
315773 f16a6553-0eff-4273-8749-bb589aaf1257, 8505 
240427 25d06a29-e716-4328-8c3a-a73b06924027, 3919 
289168 a84b21d4-36e8-425f-92d7-6fc141347cf7, 3919 
393796 2bdcbb31-9123-4d06-a08c-b58224b9527c, 8505 
217683 09e16f51-939c-45d2-bcb0-89846bbfeb77, 8505 
47179 45e999b5-2ebb-433f-8bd9-2565568ad20b, 3919 
129394 bd372f7e-46c2-4d10-9ef6-e9acbbcc8394, 8505 
240691 81ec6093-8908-41c1-a9a6-8eb7de756011, 3919 
159447 c39fbda9-d7fe-4d3a-bef0-7d9703e91939, 3919 
392752 4ae9b192-b9c0-4943-8993-32da26f0981e, 8505 
353153 fdb1403c-ffac-4286-8a65-abceef80f036, 3919 
255410 0ba9cd5f-5c2b-4af3-8919-19e74d7d3e2f, 8505 
176731 9143066f-2a2d-42df-91fb-c469c595de9c, 8505 
213969 86907219-d097-4786-abeb-ceeb72715ce4, 3919 
205611 a23907a3-460a-4b65-acff-7e6b4d242219, 3919 
94323 0ff5ccf2-9bdc-42a5-8e90-85c8adbe1838, 3919 
47139 5d840226-cd73-4fe6-8633-f90151d3e5d6, 3919 
283401 01f3fc4a-2a99-4746-b224-2bb1929b6aca, 3919 
341238 8a1fd79e-c426-45b7-ac14-ee217aafe9fb, 3919 
311808 56db035b-4974-4fe9-be29-ef937bdc596e, 8505 
311909 a9e7ad60-4ee0-4d08-a29a-7bbd2176863d, 3919 
391381 78d4c3e5-bd34-4210-b8ac-aa3181fe1bab, 3919 
49404 98e949a4-d30a-4846-8bb2-61b897899ce6, 8505 
301808 b052261e-38c8-4eb5-af18-8c7b2770be57, 8505 
358426 c57a4a44-2981-433b-8eb4-0deb9613e471, 3919 
48824 73ed096f-10a8-4d0e-927e-c64666e404a9, 8505 
123678 37434058-fe90-40fd-9d87-aaf0198e2e24, 3919 
324988 e6ad8bcb-55a7-4856-aee5-d17f7f9d180d, 3919 
315892 2883cafe-d6ca-4fff-9094-b1c754c0c3b8, 8505 
28483 551f353b-838d-4ce0-8f89-cc5ef1ad1237, 3919 
256982 8462cc4d-c9f4-4bd6-bacf-083c7cee009e, 3919 
92955 519d3b35-16b8-4d21-b341-623cdae30c49, 3919 
153907 71b8a8b7-89c6-4b0d-9aca-93ec60e4fa6d, 3919 
62895 7342e047-d28e-4474-9eef-3ee0ae2a1906, 3919 
253940 a7aca3cb-1a0e-44ec-aa4f-7c4addade976, 3919 
243890 254ce948-9e50-44ec-b2b8-0f0d8519921e, 3919 
161820 52339afa-02a4-4154-a4f2-7e06f9d15256, 3919 
348622 c49db940-1757-4305-8700-9b973261cb2b, 3919 
119681 9b515b67-3d4b-41c1-b006-8fe635c1fa15, 3919 
252222 3ac083cf-b0d3-424a-b858-740a470a8df8, 3919 
286819 20ad2ab2-326b-43ca-b27a-02fe4a51012d, 3919 
127780 234c427d-a612-4d40-bc8a-c94ec3d75dd1, 8505 
67943 e0bf768b-e1e8-4981-a795-0507facfb08f, 3919 
400058 9d63d9af-e268-421f-a843-fd786765c9d4, 3919 
17042 3355fd55-dcae-4bca-85fe-f34f489537c4, 3919 
224387 200a9e21-5c47-4f97-b4a0-eebdc04a688a, 3919 
210223 190d1d39-07a0-47c4-a6fe-c4883aa79f8a, 8505 
272084 d9ab7dad-03f7-40e6-8a66-9ff55c6e36dd, 3919 
33552 5cb8858c-d142-4532-a61a-38d16f4a5571, 3919 
262295 497c8058-531d-4f38-a021-2d116fcbb3ba, 3919 
242276 1d803652-0f44-408b-a5ca-9aa87fcb7a45, 8505 
268474 f7566c84-0c73-4dcb-a7de-86b9193df898, 8505 
90593 2f79325e-7a83-48be-b3c7-f2972e82d5ec, 3919 
276275 fb2d54af-1e3a-48ab-be2c-ddb3a0eb255d, 8505 
286321 533db103-07bc-4009-98b0-e66f9abfd34d, 3919 
78808 7623ec4e-5450-4f16-a5a7-9eda43652857, 8505 
275740 861bdd8e-1ac8-48c0-b8a7-12a7aec8c594, 3919 
43347 80f253f9-66a0-41f5-b10d-9dad94770ceb, 8505 
334867 fff4b053-e2a8-413d-9091-3dc9e51ab6a0, 8505 
211358 af9f3a08-adc2-4369-b46d-19c3c0781c77, 3919 
40348 579e5b00-8504-4554-95a9-77383c606ced, 8505 
398077 50db5faf-80df-466c-a59e-79e1fe869b97, 8505 
264561 72e93d44-9e3e-44fc-ad96-6f47cb44bc97, 3919 
313173 df428a34-7417-455d-86ae-6a0f38f62e69, 8505 
27662 fb7c1835-9d01-4ddf-b1ba-94c71c1d66bb, 3919 
133919 9360b400-a873-487a-90fd-daab1b320f26, 8505 
188247 9ce44194-4de2-4478-b6ad-7b51305f142b, 3919 
216898 3ab10910-b191-4147-a9fb-22f7818e841b, 3919 
1307 b8605385-69a0-485f-9ab4-86ff49b312ae, 8505 
367421 8e987914-775d-40ad-ad9e-c78be58d4bd6, 3919 
121653 923bf55f-1488-4d91-bb8e-a1c47982fc5b, 8505 
200601 dc5e305a-32d1-4313-ae51-d6c42e75d465, 3919 
39663 5bcebe3f-b6de-4934-9de1-5fc8d8b564bc, 3919 
342999 32cc576f-2181-4d05-baa2-f770c0389aa8, 8505 
178994 f30ae3cb-bc53-4628-86b0-f08ec4efcbbb, 3919 
265066 f126a088-fa47-4a2b-90f3-59d78d0e1b5b, 3919 
265946 61b007af-a402-40ac-9906-506a149d30a0, 3919 
371922 04b98246-0b93-4dbd-b1a4-52de0b668bfa, 8505 
224154 9932414a-cd14-42fd-87ae-5990f9ad7a1c, 3919 
172208 0bd74c29-7e4a-41be-9e59-289bc6dc9ab1, 8505 
87548 f2211808-2575-4d9a-97ab-bfbacf7a6eb9, 8505 
6436 1c7a3f4b-c32e-474c-a09a-ff46eabf8f59, 3919 
243616 9a52855a-4b51-4930-8937-3aa0c4a58b57, 3919 
91381 850411e7-05d6-492a-b295-77f367b6cda6, 3919 
384807 a0f3f387-2918-43f2-b010-137c9a331bb2, 3919 
111419 7f9e7f3f-eca1-412a-ba70-9ce3263469b2, 8505 
183880 1d962115-9b05-4342-8cdb-9d592f74b98d, 8505 
268579 b17659f5-6ce2-49f6-b6a4-16146592bd3b, 8505 
199332 b3dd723d-0014-435a-bceb-9c16a8cfd8e1, 3919 
217131 de1c9161-3d32-40d9-9e5f-fe1a690f6de2, 3919 
2510 61aad647-a5c7-4e97-9e14-8635e1913a17, 3919 
362997 7f8d30a2-9a1d-4876-854b-21c8280acf01, 3919 
99084 e96f2242-005c-4b84-881f-749a9480c232, 3919 
267511 f4e353db-c344-4a72-ba0a-a1f3fbe346c0, 3919 
218856 aaa6dd81-ed1c-4a18-abaa-7ddf79bccf7e, 8505 
244512 0a267644-bdd6-48d1-84a2-34866a8e4670, 3919 
174840 9d4f0736-a2bd-4102-bd77-82081c5a94d9, 3919 
215819 574752db-2c47-4262-b401-787fed98f9d4, 3919 
51471 7f7704fa-e804-4f96-ac47-fba78c5c03aa, 8505 
153162 36fa143c-4222-4e33-8d36-4e45dacc8fe3, 3919 
15531 4a1cfc53-e966-415e-a618-079414f16fd3, 8505 
202575 efe85620-f90c-4781-8147-9f59aa6b5631, 8505 
50404 64f9ed80-be31-4fcb-b4f3-2864951746b2, 8505 
374338 20d7ae9b-8ed7-47c5-b932-8a717023b0a4, 8505 
211945 94dd73b6-3eab-41c1-9dea-dbb55fdde8fa, 3919 
324703 d37eed1a-e304-48e5-af22-207c0a267ec9, 8505 
76288 320f1bca-05f4-4949-ac40-106ea1452050, 3919 
117454 3d71cd15-f646-45ab-9487-e5cf97a7cd78, 3919 
328713 b6620185-59fa-4ca6-87a1-0098cfd68827, 3919 
80828 a15c5ef5-2f9a-4023-a1de-cf8d8b9fabab, 8505 
369474 47b92c1f-48f4-402b-aea6-96d72a442cee, 8505 
216971 b190d7ed-005a-4af9-8eab-02a992e9f988, 3919 
345624 02e601e6-0619-4a36-a21d-64c9b42a2a8a, 3919 
96522 cf7a990b-e32e-4797-9a8d-7f78ca585747, 3919 
230822 dee8d968-5f00-4006-8e35-b409fb0c433d, 3919 
167087 d19cb4df-2104-440c-a6fc-9376ada04c78, 8505 
248819 477a46c2-7c3c-424f-93fd-0ee3796a5137, 3919 
85049 bcc3acce-ac68-4062-a040-1ecf98087311, 3919 
280418 796536a6-438f-486e-946e-820e7b87e920, 3919 
225175 155f4d24-5d73-4c08-a943-86e8885044a7, 8505 
195042 07dfc6ae-b73b-44b8-af62-54c343d48eb0, 3919 
351841 04623ef9-7794-447a-ba2e-3a787196b253, 3919 
139819 b60cc3d9-0897-4208-b080-e24c74d218b6, 8505 
58698 13a1547a-a426-4cf7-bea7-60c5518d674a, 3919 
88909 3595a922-df68-4455-926c-f7d43fb19d6d, 3919 
15675 3d4c9119-a5f0-4d0b-a9eb-08bc0c935846, 3919 
144483 ecdd1c01-c6bd-427e-8162-6a19992cf260, 3919 
346830 1d993d99-e80c-4719-87ce-f8831da96771, 3919 
3475 938beb86-b64b-4698-a7fa-2401b06af6c6, 3919 
346645 5f50e281-8bf6-4078-971f-a5c161a32642, 3919 
248380 c2c13c4c-1c5b-4401-948a-1fe20bc9269a, 8505 
130569 803e3154-c532-46a9-a4a3-3016810b7bbe, 3919 
365723 6ec49486-0c4b-4306-97f7-55e0a010ef69, 3919 
295623 37c380e2-a2d8-45c2-a835-1467626afee7, 8505 
311074 f9fbb1e9-8fc2-4bca-ba66-f4dc7eda8ba5, 3919 
6432 b30c2cad-1b43-46e3-8340-1a5c1bbc84f7, 3919 
38669 66e2d843-8686-4125-8586-8f227067a5ee, 3919 
354727 26afe3ed-d624-4623-96c8-bf4ef6d6cbb2, 3919 
162864 0c84f9b5-478b-409c-827b-1615cb3be888, 3919 
349231 65fff866-de87-45f5-af36-54a3c66f256f, 8505 
351025 df82868f-3684-49b8-83bb-4a9eebeeb006, 3919 
151557 9cec4588-7bb2-4d49-b298-fe5773be339a, 3919 
204685 aa687920-f864-4b46-9729-c8479d5935e9, 3919 
368171 0bf6e1a8-6ef9-46e0-a489-55d6a301dbfc, 3919 
10188 b62e0435-d0c5-48c7-8771-6c865f50be0c, 3919 
360815 ae0c4bd3-b2ec-4846-8e76-8e8f1109f2f6, 8505 
366406 bd9b0889-02cb-4a99-ad67-c5cc74794cc1, 3919 
298576 691ce952-8a71-473f-a3dc-f5b718743ef6, 8505 
397840 6cfbe912-3e4a-471f-a7ff-1f10c45875de, 3919 
4673 3be25164-c561-4bcd-9639-cd14e9bffe10, 8505 
68139 72136ba2-4957-48a0-98d2-b8b11e2af784, 8505 
225001 bea69c5a-a055-4751-8f6e-0565dc0fb530, 3919 
660 c9c1c6c1-6ce5-4c0a-97a4-b1872dba0136, 8505 
102437 342ae757-6136-4892-a650-745603442522, 8505 
218168 2708dcb2-7fe2-4739-97b0-1c2bfa0eaa5a, 3919 
166974 f8078801-51a9-469d-a7ac-3d1afbfcdc82, 3919 
193986 00400525-1c84-4cd9-841e-f716ff7c00d1, 8505 
65452 867c5900-6637-4a9d-bb86-0b2d68ea5bd2, 3919 
186895 99e69904-a068-482e-a62e-33dbb3d37dbe, 8505 
301261 615b4c26-783b-4031-96dc-8ead46dae89f, 3919 
74193 4963aa2b-bfd5-4e18-8056-da3e6d725078, 3919 
210916 d2eaad66-4617-4800-b3ef-1bb8c9f92834, 3919 
296508 1839c86f-6109-44fa-9818-4757d7c5ab3a, 3919 
350501 6328b328-93dc-40f0-a408-fbed3a967361, 8505 
109839 70d45617-06d2-440d-9a22-c8215d8f4663, 3919 
134128 d3e3cb4d-2d4a-4e77-8f63-03ae7b354bee, 3919 
359167 391cc54b-95e1-49c5-aaf7-b91d06d405f4, 3919 
4141 1fb38067-0099-437a-84b7-7a8bf99427f3, 3919 
266305 6c364018-9072-4f17-a241-544a21bdfbd9, 3919 
34564 aaf0b32b-f47f-4de8-ace9-294aa4032dc0, 3919 
173017 1dac9edc-47fc-4fb3-9578-d9b460c8a69f, 3919 
9595 76b405a9-def6-4327-ab21-c389ceaacbe4, 3919 
353167 97a1e2dd-5e65-4e92-8711-4c3990d7bcb5, 8505 
216510 bf54c1d6-dcaf-4a89-bb8a-48caa33766ab, 3919 
330000 1f407cdf-dc9f-4189-bdd4-bb364f48e6ba, 8505 
843 f424257c-36c9-47e4-86e8-161de2289cd4, 3919 
386517 998d6db7-0c93-4e51-86a6-ee20f776cf3f, 3919 
139649 eb1eb140-fd01-489b-8e56-924a15767199, 3919 
26104 c9de21b9-f30e-46a1-8ecc-d648e44deb84, 3919 
73489 d0d0af3e-2c29-40b5-ade9-72432fdcae5b, 3919 
192881 30f6ea12-4d0f-47d9-890d-afa8b5f1387f, 8505 
162051 c160969a-eb6a-4564-a4ad-cd88163aef01, 3919 
309347 fbc7e639-a89d-47b4-9256-0961a4a9bebe, 3919 
304802 649a472b-e72b-427b-ba0f-2673c6658c8d, 3919 
24674 e2160af2-3547-42ef-9c0a-1c1b4bf5f9fe, 8505 
327978 5786d44f-3bcf-4929-a24b-7a5a60e6703b, 3919 
320978 844f3582-bb42-4406-97eb-1c914474d9cf, 3919 
96647 cd049e5b-da00-44b1-b92c-3c11dc9a81c2, 8505 
111267 ee0d8a92-3c2f-4bab-b857-9e2282b84aa8, 3919 
4605 884f72cc-0365-49ba-8bb3-3c9e15c26795, 3919 
243287 56c9b3a3-a496-4eba-90a0-8be7000949d2, 3919 
185353 7922da73-8188-4d7d-97b6-33d0e090eab2, 3919 
158316 3cf4c395-c473-443c-a2e8-6ddeb550b830, 3919 
250405 28d10ccb-06ac-476e-a095-c82f1d7cccfc, 3919 
184174 12f53790-8f22-4c9d-828d-f1010bb1dd21, 3919 
21043 a3ac5962-9dbf-4bc3-818b-ee94a92002b6, 8505 
188741 5cdfd51c-42b1-478e-86d2-e26dcfe36d61, 8505 
292545 4971347e-c617-4818-ab4b-a9268de31adf, 3919 
373698 375b1c01-e33d-4e33-868a-7ef179ad34c0, 8505 
260427 76dd6ec8-13c1-4164-9256-e8e0bfcbd633, 3919 
286023 03c2b07b-781b-4aae-a079-74ac133595c6, 3919 
154883 09debcf4-77c5-4ad8-9fdb-94c08a1c2837, 3919 
54484 6af98192-74f2-41cd-84cc-1dfbf8dc8940, 8505 
379237 cb757a17-03c3-4381-b972-070b7721f29f, 8505 
256191 037dc723-0aec-42df-b1cf-00089fc979e0, 3919 
161093 6f119e5b-aed8-4b4e-bbd7-08c438f1c438, 3919 
361499 f4e86d4f-9b04-4a2a-a8d6-d41e79a9cfba, 3919 
271730 196a30c0-efc6-4fd6-93cf-87744a7a3687, 3919 
197062 ff5ddc7a-38dd-4df7-af43-42ce412859fe, 8505 
199580 129b0a46-e458-46b9-b3c7-c5181be2b936, 8505 
384301 cc32e276-a114-4c39-80f2-b33732296e02, 3919 
166030 d8afc1e4-fe32-41d3-ae22-ab916bf836a6, 3919 
156160 841f9948-89b8-4c6a-ac1e-8417cfe519f2, 8505 
262207 ec1a1d75-2276-4c05-8987-d119aae5bbf5, 3919 
295428 3d1cf2f1-913f-4617-94b2-155582637aac, 8505 
42508 22463e7d-1eaf-4e7a-8427-4ddb002bf23b, 3919 
171038 17432362-1b7f-488d-b7bd-d6723dcea8e4, 8505 
240699 cf063ae2-b9a8-4a0f-aa66-6eb043be89e1, 8505 
207262 0d7a4ede-e4cc-41ea-be19-7766a3e8244d, 8505 
137362 dd03b7e6-3c28-4e64-8701-a85762a2959c, 8505 
298944 8eed2542-7ec3-4065-9128-b49b932038e7, 8505 
47242 21de9930-963f-4fe8-bd30-4584c8635351, 3919 
63998 57169a25-f775-430f-a3c5-c83a71e2a538, 3919 
396803 e005d729-a371-4b03-8bdf-738ece6417bc, 3919 
394334 0c165877-6d25-4fe4-b777-ba49773a77bf, 3919 
375245 bb4630c5-38fd-4e83-a901-c6fd3c761618, 3919 
343799 47ffe2c5-5082-49f0-b6b8-3ba2c930a7a4, 3919 
120909 9f9d8439-92e0-4778-910a-e5586f112c90, 3919 
115242 2659e65d-18d8-40d3-9019-533d32409e90, 3919 
153857 640a6017-d408-4d30-a4a1-2a228f9a84c4, 8505 
226115 e67c8410-8dd5-4924-a56d-a3169004a846, 8505 
287958 3a94dddb-f132-4221-be50-6e608c03e814, 3919 
361338 ef2c053e-b9f3-4d2e-a090-b59bed2d69b3, 8505 
80910 1401110f-62ba-4d0f-b594-5a465c1c57c7, 3919 
241276 91ef3f4c-5946-434b-87a8-df8401d3ee3b, 8505 
381329 f2e64837-6ef1-47dd-84d8-8da7d2a200d2, 8505 
164344 54a6798d-53f2-4f2f-b3f9-d27a836efb49, 3919 
263059 9ce9e893-238b-4526-aec7-96337ece545a, 8505 
269551 10893e59-9da0-4347-808f-0f2e8e54e8cc, 3919 
87314 9a9b4eea-cf8f-46e7-8498-578057b331e0, 8505 
358873 0ce971aa-6d9a-410b-8ced-e009cfd26f27, 3919 
162721 d4d627ed-1170-42bc-b635-32909e0c6d9a, 8505 
208657 3709867c-01f7-433e-812d-6ad226837ac9, 3919 
160729 ec03a207-cc31-4ae0-a2fd-680d0abea769, 8505 
188573 b646274d-9172-4639-9e76-dd571e7d27f4, 3919 
115512 8f98fa23-2a62-47fe-a86f-348b1b9128ea, 8505 
6781 4f1b3465-4ee8-48a4-9150-5ac829ee7455, 3919 
330762 749d7e1f-a2b9-421f-820d-b2cd429a3e1b, 3919 
205907 77294010-a22c-4178-bca6-acf1a4dc9ede, 3919 
246739 96676a04-e01c-4581-8da1-e6eb4bda7e1b, 3919 
261882 cb72511a-aaae-4f19-981b-3b591e80d5ae, 3919 
328482 be1a855e-8a6c-4894-a960-119eabc4f8e1, 3919 
364336 2f666531-6af4-4bab-a66a-ba13b2b18746, 3919 
254918 93409f13-260e-4925-ac20-4e0a0add5257, 8505 
222134 49b6c36b-5536-42b6-a9a5-824e6fda7189, 3919 
104193 c74c8dc1-9e28-4f41-b8bf-c10aa26caae8, 3919 
277769 b2db0aae-24d4-4d64-850b-b1c4991ab060, 3919 
398175 5ed863c0-d14d-4dba-ae67-398dd2d2bdd7, 8505 
224225 c8efed41-b42f-4e9b-8425-0dde8bc716e4, 3919 
18389 d5dde7ba-7436-41b0-899e-af4d9cae646c, 3919 
324385 8f5636b6-15f2-469a-9c87-8238a5e0e9c2, 3919 
96899 2f5cc433-5583-461c-8709-d820adccd712, 3919 
166489 3f814f5d-d169-4ecb-bf82-892d81056f6f, 3919 
59778 3887c435-08a1-4989-85fe-9837d9168ec0, 3919 
257107 e0994f30-66f3-4544-8a2b-babd1ec219f0, 3919 
117964 b22a65dc-9dcd-4ced-893b-7b067a4ada5c, 8505 
308973 2e0b5b59-88e6-4122-b0e1-3cef5477996f, 8505 
209899 6ebab49a-6b0e-4395-a526-d71f647001b1, 3919 
297046 8c86baf3-a69a-436e-9bc2-782b241e3548, 8505 
335220 0b7efef6-ed65-4d24-b1cf-ba1ee600a0f4, 3919 
273098 359289ad-9408-41df-b259-d1bdcf478b73, 8505 
107421 a973fe5b-266a-4aed-b2a1-ffc38c4f0389, 3919 
114813 c16b8887-7391-46cf-bedc-9924aaccff5d, 3919 
294606 928fa439-dd2d-4448-bcad-c662d0f59e9b, 8505 
105236 c9022080-8917-44b5-a8bd-8e3d2206d952, 3919 
287407 ffcb5616-e10e-4bd9-bb1c-bc27514e0cb7, 3919 
303418 0a15c0a4-99f0-4a4a-8875-9258b80fc12f, 8505 
313578 53b193ae-0037-4be9-a8e4-07be872d746a, 8505 
72234 b104ee6a-7724-46dd-8469-61ef33d867fc, 3919 
241499 87b9a22e-6c9b-45ce-b77f-91b0059c1048, 3919 
89144 ae496dec-57fb-4fb1-9202-fc9e77bd89bf, 3919 
120696 b85cf725-f6b8-482f-882e-15b592e41b39, 3919 
146835 77ce0a88-ff2b-4a45-aea4-8c5a007c9eae, 3919 
127625 0a0658eb-da99-4549-9d52-fdab0d9ea1ab, 3919 
30581 7d9500ac-c800-48d6-9db7-a043edb59dd6, 3919 
328084 9adf404b-decb-491b-87df-5116d713e542, 3919 
60535 c23c87f1-51e5-496a-8614-4ae08eb19e49, 3919 
126741 75820afd-e967-491f-82a0-01c5551a4c7e, 3919 
103515 58bc6b10-2a86-4c05-8f8c-75e44eae5035, 8505 
47050 e98d5bb0-9f08-41b4-8827-60f87d2536dc, 3919 
150416 47576976-fd96-4b94-a873-e0e0bf4b116e, 3919 
64611 1b4dac92-1cbe-4f46-a721-8e1355fec4f5, 8505 
396983 27d6a635-109f-49e4-a1d5-80d98c11c375, 3919 
40161 3af33b97-be89-4660-af44-cf83143365a3, 8505 
102744 f3b6e285-4641-4a01-b588-1387c3a44932, 3919 
191718 e675481a-f6aa-444c-bf8b-823a6d9f900f, 8505 
348746 8695170d-0bd6-4662-a078-573a5e40c7c2, 3919 
23501 df585ec5-5ab0-48d9-903e-240423529151, 3919 
11830 75225be3-de9b-4e18-a4b5-7cbc24705bd5, 8505 
47985 8675d693-0108-4451-bb74-78c0f5c01dee, 3919 
225497 f31da534-85f1-4e24-b118-5ca9ab0bea73, 8505 
318602 b391b0ef-8a29-4e8b-bd80-30a5641c6b38, 3919 
126763 e04e4993-0834-4a1d-8c22-3a04ac4565c4, 3919 
288937 47c51a96-1ec8-48c5-b55d-31a218fd0e5d, 8505 
116948 c0d26062-1b38-48ba-b0fe-35325ad5f2f4, 8505 
306320 168a2e4d-2cc9-4160-8ad3-e9a412e591eb, 8505 
384579 fb6777af-bdeb-4988-b7d1-54cf812930db, 3919 
100355 c763aa32-2359-404f-a2c6-f8a0bc0b3380, 3919 
28914 be4fcd52-7efa-48cf-9c1d-3b71257b8313, 8505 
314307 99eb8654-c053-4d84-b173-45a9d73bb222, 8505 
215238 6110691e-5703-428b-a092-021ccebc64c6, 3919 
5436 d416ee9b-a791-4aa2-8702-1ec5a40bdd39, 8505 
362067 d956dd2b-75d7-4bb4-a3f6-7fa3073a1a26, 8505 
270613 3f6828ed-1bbf-4c05-820c-1cbfa7139ff5, 3919 
91091 12a19f07-fc72-4826-aff7-5a523a830530, 8505 
142904 847d0c7a-953d-4555-bbf9-1f789809fac4, 3919 
222844 7c2a5541-8136-4fb4-bac4-ea6cea58a84c, 8505 
124853 8fcd674e-079e-4913-8e1e-8e722747bbf9, 8505 
25094 e86fc1f9-14f0-45c7-a5bf-59b9a5c731e3, 8505 
197769 4fe4ecd3-b7ff-402c-8f0a-ee3aa3f9716b, 3919 
276854 a59a9188-6eb2-4a3d-8729-67e5d22a2783, 3919 
175708 c9668d54-cd9f-4d1e-9972-a5983d88591c, 3919 
136207 5f6c4fd9-1def-4e8e-951a-61b461f5083e, 8505 
177412 2490bbdd-d8aa-49b0-b402-739987060bb8, 8505 
223322 f1fe59dd-f5ff-4a5f-818e-ac7891f6cdf4, 3919 
206366 1b0a8d26-d219-4692-8941-6f5244256786, 8505 
382339 c7ee5869-f770-4c98-baef-9feda7a816f9, 8505 
376425 1ef77a8c-f93d-4f79-b282-7f1c94edbf48, 3919 
169479 5c72456d-3975-41b5-9837-de8526523357, 8505 
194609 997fab8c-3743-4d7d-be38-56aa52678d76, 8505 
243376 62c8257e-3fc6-4e00-9d98-1052fae6e756, 3919 
126152 517ca233-ffc5-4493-b90b-c0d5b0eefaab, 8505 
35422 c8ce2ea9-5a7a-4968-a636-753bf89d7d94, 3919 
123037 fd040800-e0d6-48ff-9eda-bbbf41ac9638, 8505 
117944 19ccb56d-6d36-4c30-a17a-9f69797dd184, 8505 
319587 931e14a7-26f3-4b67-aee1-8eb29c8bd759, 8505 
353926 d651ea15-c75f-43bd-b8f9-df6064b4d54f, 3919 
395024 cdb56b38-79eb-483d-a8d8-fb53a8fa5d17, 3919 
159033 fcc566e1-54bd-4664-96e6-89fd6dade7c5, 3919 
44087 6d551e80-3986-46d8-802c-a945c21e9c45, 3919 
337962 8e46b685-a9ab-4c29-9eb2-a477170290ec, 3919 
68059 eb29e5c6-a9f6-425d-ba96-7cee77d7879e, 8505 
140913 8d20a2f3-36f0-44cd-a429-4846c00f554b, 3919 
178580 61f1b0f2-be89-4927-928a-55658918f15f, 8505 
30407 2d511cde-77e2-4990-aa30-15176b0adba4, 3919 
294221 30c4cb9a-9786-4bca-b756-cbf93cdb7738, 3919 
214715 c5a342d8-492a-4406-b7c2-f3dfb72dd166, 8505 
159541 70c32186-331f-40e7-aa42-4f5f1a1fb0bb, 3919 
167949 004079a2-0c62-48b2-b0e3-ff08415eb185, 3919 
92584 24c24202-a2f0-477f-9f1a-268d2e3512aa, 8505 
316278 d948258f-14d1-430a-b682-9b00b382403e, 3919 
36476 17013c14-a276-44dd-a43b-dc149a25c696, 8505 
152251 746f9918-1195-48b0-a575-dad3bb15e23b, 3919 
100226 3cdafc95-a45c-46df-896d-e6036f6cefcf, 3919 
329839 8998c46d-6021-4da7-a690-74b3f7333ccf, 3919 
85695 d02bf6c2-6cff-4795-82bc-5b0c462ea502, 3919 
204705 99f01fa1-d8e6-44c4-9883-1faf9bb2448b, 8505 
205472 619e3e78-b210-4206-af17-552ab46bb314, 3919 
251356 75030e59-3c51-4d91-9d66-68c29d99ed45, 3919 
361898 43c796de-f86f-4780-84a4-507cde38778b, 8505 
211926 9fbebf52-1f7a-4a8d-ad9c-7567dfce9ce7, 3919 
344996 52d05eda-c334-4e25-b697-a5ae91292958, 8505 
334924 7d236a36-4863-4828-b227-30ac5fe7bed8, 3919 
129173 f444458b-0242-492c-8097-77534633e4da, 8505 
37204 622d7540-9b7e-45db-b325-fdb6d4fa638a, 8505 
194594 c1de25f7-22dd-44d8-b5f6-1e1fe82f604e, 8505 
165331 3d27ef16-fc6a-4836-b43c-6eca46ddd9f9, 8505 
167464 340757dc-4254-4611-acfa-066e746cd025, 3919 
4625 775591c6-58df-4bb9-ba57-b03f8ea7dfd1, 8505 
92577 f53c91b2-5730-4b8f-947f-9b9af6eaf356, 3919 
79747 dbc1802b-78f3-4ea7-8918-fac0cd6e53a5, 8505 
300041 cd05b454-23fd-4973-a0e3-0bc22d1987a6, 3919 
382913 7c6dc0b0-644f-4c7c-b864-3b7cbf18d149, 3919 
104120 377663b9-9611-4db3-af1e-b93f32cf07d7, 3919 
279616 e2392c6e-0339-40f1-895a-8372c3c32a15, 3919 
199358 4319a504-55ce-4c20-9c01-c67f42b6d7c3, 8505 
12948 bb13c391-b266-4133-a097-3ebf20199332, 8505 
226222 2763cc38-9c23-460f-950b-1b5082b5276b, 3919 
331951 3e392185-f2ff-454e-b57c-03fa2c641a11, 8505 
356047 1d269458-6f60-4bba-b123-1684414063b2, 8505 
81286 f1039de3-2880-4f7d-8455-2401d8a96323, 3919 
324006 8202b9a5-8c1a-4232-94e7-0d27b76205ac, 3919 
88370 c2be1532-7828-42e1-b0aa-f1f32b411d2d, 3919 
315147 cc6ca320-5a33-4ebc-a56e-28361876e703, 3919 
292759 f4231b18-b0b1-4641-ab00-f6cf936f04e3, 8505 
185360 ea90b236-4d20-4eda-934a-167bd0076c78, 3919 
185813 cae0f246-a9a4-4ed8-8b0c-4eb252bcaf47, 3919 
14202 5794b494-0e72-4184-83f8-bc1ec081261b, 8505 
54530 b8d01828-3113-4459-af0a-2bc5dbc14ad4, 3919 
332479 f9c609df-96f9-4c0d-9bdd-161104e898eb, 3919 
262921 782e540c-79c7-4f2c-814b-e05a7fdfaee6, 3919 
247992 f1063184-1888-4ab4-8cc9-9426a35a9f41, 8505 
353459 b9045a84-c21f-4a47-a5da-8a16358739db, 3919 
330735 276ee4a3-46b8-4800-a85b-26bc8fca91ce, 3919 
135809 9ff6b7c8-770c-40ab-9548-17ef80ed8a66, 3919 
101892 9ceadd46-5304-4bfb-8eba-98806d8b0894, 3919 
345599 b08be6cf-bac0-4bd6-9f2c-312a9118fc58, 3919 
54922 84e1ebea-c484-4515-9c57-a6c677d05c58, 8505 
18647 6d95ea42-af87-4768-8237-f545afa9fe1b, 8505 
185540 54670ff0-17c2-4225-b54f-c5865fe459b1, 3919 
178048 cbb5d676-6322-495e-b6aa-b268919cf072, 3919 
315635 7d470d45-8da5-42a8-9754-1c92da32d4a9, 3919 
296764 f5334de3-dc36-4ce1-92f2-d817a3806833, 3919 
253736 6bdffb44-eb1b-4628-909e-15374255e3f7, 3919 
194724 2fae1581-a9b2-468e-813c-c569ded3877f, 3919 
86924 faf3408a-3aee-4a37-97ad-47cab31e6847, 3919 
31609 df3dc168-b55c-4e21-800c-99731e642afd, 8505 
331692 3d97db0d-1674-43d3-898a-8f03513ec748, 3919 
9271 260f30e1-f2f8-4995-8518-8cc9e39f5614, 3919 
184514 c75c7291-04c4-4af1-b053-487a333c38ad, 3919 
334436 ac5a49de-4f7b-417d-950d-5322334f92b6, 3919 
222718 fff3c3de-7789-4eda-8b9a-d95035f25d7b, 3919 
361725 1b7c9ed7-7623-4184-8ced-dfe207836450, 3919 
127368 6284b077-5bb9-44d5-a271-d5ea3bf2fdb5, 3919 
244110 b87c9c3d-ee34-419e-8c88-78b90d94496e, 3919 
93463 1a23d80b-3b01-40df-86cc-4988e741f366, 3919 
188296 18819f6e-f6b5-4a98-8433-d792083c0656, 3919 
394129 782269ca-303b-41d7-9b6c-6ec71f0f7347, 3919 
140394 beae49d5-7a2c-4394-94f5-46fa3fdc3013, 3919 
252119 1f8c5288-e971-4ef2-81c1-44e980084ec4, 8505 
61493 4da4d118-d380-4c6b-94b0-7cc89f45807e, 8505 
261437 43fe1f7a-6fcb-4325-a166-159aae7d6d4b, 3919 
40273 09e56a65-a610-474d-8170-68b08929374b, 3919 
144079 63199082-9f42-4491-833b-ca21265614f5, 3919 
37318 5ce48c4f-62df-4fb6-81eb-8727bf9c80d5, 8505 
6526 aa7f6fe9-ecf6-4980-965e-70d8839d9a95, 8505 
355998 5154e050-2503-4587-81bf-f9e7f1c871d2, 3919 
229652 a7d42a27-f289-45c7-ac0f-314b3988a129, 3919 
315492 e3a0a8d1-82af-4364-b7c4-13cf6579fdbe, 3919 
351194 168cf15b-1025-43c3-84f7-bf7c1bbf2366, 8505 
80913 e6525aa9-2e83-4791-a267-1691067fb98e, 8505 
52586 6a7cf523-79ab-4317-aeff-4c2bba79800c, 3919 
264319 abf18fc9-df7e-466d-a8d3-e82f75ac8c9a, 8505 
273703 0da43bd7-f497-4c17-b522-77b5b50bc4d1, 3919 
54971 eefbecfa-954f-4db7-8eec-e5e39ceeb5b1, 3919 
81412 040ee7d1-7866-4eba-b89a-b012c3de1deb, 8505 
208514 9f277888-5be9-49aa-9f24-6cb11d7f4f06, 8505 
247552 a3e56e4c-808d-4ea5-a8b7-2a838ea8d4e0, 3919 
314428 419a2123-ef72-4817-a880-055c5142d402, 3919 
95095 6a6c1112-5a61-4085-90a7-88392c097d5d, 3919 
113176 d3b71d35-44f2-4578-96b4-af1aec60a881, 8505 
256965 4eb81b04-2476-46d8-970f-884db69647b4, 3919 
298404 315f7791-82eb-4d9b-8e48-6550de2dbe3d, 3919 
390351 def6ee7c-4056-4821-930a-1573097f304e, 3919 
233989 91ec7438-d5e1-4b4b-bddf-cfe06b2df4bd, 3919 
400547 3271585e-4da0-4529-9758-711820a54203, 3919 
97383 8f96e26a-ff48-4916-a774-04b265462b1f, 3919 
132383 c2980dd2-c01e-431c-8bfd-33fd05b58aa5, 3919 
271635 d83de626-6e21-4297-a04f-e3e92a64271a, 8505 
324891 41cc7c89-6756-4e52-aa2e-f13e61277cb0, 8505 
92528 95ea9be6-2b93-48f7-87b4-f45e0ce70d94, 3919 
254021 4ea74881-2ebd-443f-9c8c-795f551d5837, 8505 
14301 dca6cd01-82ad-4683-9e4d-64bd9923ef0e, 3919 
397601 ae51fc6f-190b-43cb-a341-975ad2e648f4, 3919 
19620 240c25ff-f652-4ccb-832b-83ffde83c941, 3919 
259818 51b956ae-21bf-4a49-9f30-5090a680fab8, 3919 
90063 88c1dd88-110a-4cba-b597-4aa560c5d622, 3919 
244567 1f95d05e-f515-4de0-a418-18fe49a9f422, 8505 
184108 3207cbbe-7ddc-4f77-aeee-ce314b31dc45, 3919 
161348 b527960d-aeb7-4d52-9e48-9291ad1baff7, 3919 
231928 846b5d20-4326-415e-8c0e-fef5d238448d, 8505 
281888 d7f4a558-9b7d-4890-bbbf-5f10ab7d0690, 8505 
140124 b3dd70de-0418-47b8-9240-3c5183a3b663, 3919 
41151 46e2cde0-2d90-4622-a67c-efd2c649eb8f, 3919 
204923 751d2a95-8bb9-4443-8ff6-979c5069b0fd, 3919 
169455 09b3907d-cc63-4557-b151-602b4a5f9ed2, 3919 
210263 d78f3abc-fdfb-4ef0-aeea-ac2e0c1a0855, 8505 
248586 72e8c62f-f4b7-4128-87b2-fdfa8427dd4b, 8505 
43977 480a738c-fbc0-422c-ba03-3323e1fdb7ce, 3919 
353012 8bd91402-5a01-4c66-98c5-b5e5e3043fe0, 8505 
51310 c210e731-42be-433e-9cdf-e812991b355d, 3919 
144164 f88037e4-248d-4cf4-98d7-0ec2db6acdd7, 3919 
376859 b4925a2a-6079-4462-bacd-d1e0ec960bdc, 3919 
286198 75d55cac-721f-4568-b863-5a2ba3656e09, 3919 
43812 e91f1a3d-4641-472b-913f-a1903a7c197e, 8505 
68938 262c04d6-e9ea-40f7-87e3-b0705f57503d, 3919 
165265 7fda85f3-884d-447b-bcec-b076b1db8c25, 3919 
241949 4b306a35-5df5-44d8-98a7-378d645b7ee2, 3919 
156962 ef9ab0da-90af-4bc2-a0ea-3c697b61f9f4, 3919 
187303 b2f596e8-a1d2-426e-8459-adaedbd90461, 8505 
384785 87f211fb-64db-47ff-98cd-0eb9c6ac65e5, 3919 
151504 0f811274-99a4-47b6-997a-d49774000399, 3919 
282106 513498b2-7f9a-4b47-8ed2-959a3b5914e8, 8505 
356223 a838182c-6ba9-4f32-9367-a9f591560482, 8505 
231382 a215b14c-73ac-48cc-a6d0-d3009d1b4312, 3919 
87007 ef8258ef-d1f7-4913-8160-482ead581503, 3919 
40742 533f9c9e-b064-44b9-aa0a-5edd826e109c, 3919 
43801 8ce43fef-3171-4133-a4c3-6e8641848e1a, 3919 
221552 17d9910e-0008-4a84-8b12-a2529640a739, 3919 
219871 27459127-25ea-4269-9d22-d88ddc3fd277, 8505 
306586 472d1c54-cfd6-4cad-b856-acf2affefb62, 3919 
97305 39303776-68a9-4b3f-88b0-89932f70a817, 3919 
91051 5bfc9826-f637-4846-b7cd-2126048316cb, 3919 
213592 35527622-ac11-41a2-807b-66076de6dfa4, 8505 
136019 fddcb733-e448-4eb5-8a0d-d90db8eb55a6, 8505 
357936 716701f9-87f9-4de9-8202-deb07d3c37dd, 3919 
11870 f8c5d4f3-fe4a-44b3-930a-f18949bd8889, 3919 
159787 ba644be7-dcc8-4a62-a3d3-60a4a6ac689a, 8505 
330705 479214bd-3972-4a48-997f-adb62d8dbeec, 8505 
330535 3e9905af-33da-435a-9fc0-61cc67fe27f2, 8505 
134982 cb8c533e-7b30-436a-b568-b1f0eaa9bdb2, 8505 
386390 769ccdcd-9ee8-41c8-bab3-2e9034146259, 3919 
18671 44115826-e9fd-434a-8f36-223c03a90ae4, 8505 
223431 c65d6d03-b6ae-44fc-901a-e283f015a97b, 8505 
14794 d88e50c4-6c6a-4854-85cd-8f05267b7467, 3919 
77549 f47a9e2e-4dc5-40af-a50b-eae316802376, 3919 
81893 f1b52597-69ff-49cc-ac7a-022cbba68b08, 8505 
78770 418cba0a-c6fa-4582-89e0-0de5dffc364d, 3919 
261894 ebc743af-fa04-4ef1-99f8-864a29fc9433, 3919 
171846 578de206-fc35-4f58-8bf0-aee308406768, 3919 
305408 b41489cd-ebf9-498b-9bb8-6cd2cbe461a1, 8505 
318373 9f523ebd-2e2b-44ac-a313-90a2bb7a08fb, 3919 
56583 f0413dee-dd15-4ed7-af43-a01c0891f9c0, 8505 
345034 b9e84cea-8e73-4189-89f4-6d59e982896b, 8505 
166101 189aae8d-ef43-4761-84f4-3c3f41c4eace, 8505 
179180 c30a2ee0-c47e-4315-aa9c-7280eac27407, 8505 
141184 705d0567-cb18-4283-8a5c-7460da9c0228, 8505 
377341 7beb7ff7-7690-4427-b7da-752ebdd5ecac, 8505 
247362 28f59f0d-17bd-4e42-bcfe-e77685d1a672, 8505 
96792 da072d5c-12ca-4d42-91c9-2bc06464e713, 8505 
23364 a45faeeb-ebbb-446c-baab-d48aef1f90ce, 3919 
309220 9a0b9c6b-b284-48d2-bee6-4dcd60bb318d, 3919 
32266 0f9c9709-d2b9-4bc0-b842-6423ab62bae4, 3919 
268264 3533bb41-cb2a-40ac-a683-623fb4930eea, 8505 
194861 0b34d534-1633-467b-ab80-e267763e72f3, 8505 
69062 cf773604-6117-4f93-8942-87e774b21c21, 3919 
26547 f8f864bf-75ea-4aca-9897-5b9e5094b712, 3919 
148989 3ae5c408-9176-4e0a-8965-42a79f133fc7, 3919 
143884 55dd36d6-bbfa-49a9-98e4-4b8f46903a03, 8505 
389407 d4f07e88-7f9d-4b12-b20a-08376c61518d, 8505 
391728 6c7e3c0f-b988-473f-90d0-2d1718166b5f, 3919 
368888 893812ae-54f8-4805-a606-d734d4077d0f, 8505 
165976 157e6976-38bd-46af-a832-593fdf1c6b55, 8505 
17729 7b38f296-71a8-4bae-94bf-50b60a94dcb5, 3919 
348418 6e88517f-b212-4ff1-913f-23734211974d, 3919 
250930 10f07479-d17e-4f53-8e51-ff36fd0e335a, 3919 
165784 3bc87da2-2f78-49df-81b8-9f800a10be02, 3919 
240602 13c42e13-1a21-4c00-87a8-02b31fa3f4c9, 3919 
351551 f1fad578-1302-4129-a5bc-ca24c53ddb0d, 8505 
403757 386c6334-9749-4c08-b839-d2d37e617b08, 8505 
40127 0744dd8d-fe6c-4816-ae6d-bac68750a1b6, 8505 
1784 f190196a-4dc6-4e5c-8fd5-aabf73998c7c, 3919 
400716 287c262c-2a70-4ff1-9516-60fb442e74aa, 3919 
291525 8bed8177-d0a9-4148-997b-b28a75077088, 3919 
269959 6a792f85-8cd9-4dd1-a940-f6fdc45b3fc1, 3919 
373623 caf3cb91-c103-4453-8324-9b3b9ef91f6c, 3919 
259144 b38cb020-8121-49ce-b145-f81b799078ec, 8505 
274472 790ac629-fbcc-4675-bbdb-82d7fc8748d3, 3919 
274738 e570d727-1223-4a40-a12c-e9e31c033057, 3919 
17156 3956dade-a18f-4e3d-8b07-ae1bec69deea, 3919 
30350 61762a8e-296e-4259-9e3e-3746388fa181, 8505 
218910 f8d3a628-d2c5-43a7-9894-97232a400d1f, 3919 
109042 b3c62ec7-104f-45fb-a016-ff4d8ee7430a, 3919 
1827 7b6b158e-b82a-4757-8567-4c044b30cf92, 3919 
3513 ff8fa7d7-2c87-43ac-ab8e-81da7520fcf5, 3919 
322840 442815ae-0ebd-4a0d-93b5-202b47fcba8b, 3919 
192995 e69ec04c-61e1-46bd-a069-62c3ca8bdb82, 3919 
308416 90d16c61-69aa-402a-a4f0-e95248f06a8d, 3919 
401555 419c997b-cdbc-4759-a654-8a4a4f276519, 3919 
289890 63e986cc-8bd1-4dc0-bd07-5adfdb808972, 8505 
123967 ed2d2b18-9077-4ed7-a79f-e03b980b7ab7, 3919 
83115 17bbe90e-4acd-46ab-8280-78eead986490, 3919 
155991 a58a2b95-45a9-485c-9166-dd966067e499, 8505 
326841 a7ce8669-96f2-48d1-818f-2a1409a18c17, 3919 
202819 25db9d83-4012-407a-9697-b70ddff10c0f, 3919 
16454 da540ada-9d92-4d75-a161-529cade8bfde, 3919 
336775 48d155e3-3dda-488b-a5a7-283b078014ca, 3919 
132938 bfd910ba-5244-4fd0-a08e-3dd6f9fb9f5f, 3919 
372568 eb976cdb-e3c1-45d9-a7d5-62db5dd0dc86, 3919 
241550 713c9065-d33e-4baa-9ea4-b0464002aec7, 3919 
380264 f50a5c54-c6fb-4adb-898a-b0d3e135dd41, 3919 
97808 885553cc-254d-4d36-aa54-d51d68cc8ad6, 3919 
141639 132563c8-0558-411e-9da9-a0529b682a92, 8505 
259290 ccff5332-4e75-46cc-84d1-392e6e18936c, 3919 
106308 37707659-5952-4740-84dc-89b85cda4636, 8505 
224626 870b2b15-7305-4f11-b8ac-4666b9c3b292, 3919 
52704 03f64edd-d461-495f-a75b-510b169b6465, 3919 
387723 5faf694b-da70-45a5-ad7e-0ba024e14852, 3919 
183225 31b28b73-357d-4872-8bdb-0b2ac0b1c031, 3919 
74688 5493cd65-1519-49a7-bcc2-4eb68e059795, 8505 
984 0ebf4a38-2296-44af-9496-4e8d71948acb, 3919 
125564 2091b313-052e-4f92-8cd6-1708bd8394e2, 3919 
189328 7b05cd19-b10c-40c7-be2c-59eeeefedb57, 3919 
150857 dfc82597-a757-4d97-9a14-1c09eafbf261, 3919 
286462 961335d3-f22a-4a2d-83c1-8ac7a428c7f5, 3919 
48912 e44a7bac-ba53-4f64-a7dd-1f593228b040, 8505 
92286 b9e670f3-ef89-42e0-8d5a-71d194c8ee1d, 8505 
369164 999327bf-f4f6-4f49-af5b-e9e15eaf75d8, 3919 
279412 304f2e62-55d2-475e-8c1a-d7c6521d9f3b, 3919 
388774 f7d580ef-8640-49f5-a9ae-46ebef81ee2f, 3919 
314007 3b533e5a-ea0b-444b-ae6f-bac9decf52ca, 3919 
342598 5c2f7d4b-17fa-42a4-bc3f-57b5c7d9469d, 3919 
110492 70a31282-7264-4e1e-9098-a7d1702da2bf, 3919 
336197 b2ba8931-f7f0-4622-9247-1b054ee8469b, 8505 
278827 064d21a6-02eb-46b8-9c02-9d9d2d84a315, 8505 
137968 9ba9fda8-851d-4f0c-baa3-e3a35f2e7c19, 8505 
102489 0eef67e5-d8f9-45f3-8f4b-ede9024bcc1b, 3919 
189076 a2ec907e-58f7-4841-9bd9-4c6454f11d5d, 3919 
31124 6dfcb68c-a270-4dc8-91f0-96998691a00d, 3919 
106461 6ad54c56-fd9d-4af8-bc9a-5e961f4337ef, 8505 
105101 b075d4c4-fdd7-40de-9b36-fd04ac5db806, 3919 
359776 f8656758-7155-4144-8da5-ca29dfec8e36, 3919 
238262 3ba9b448-5a51-4230-915e-1427b72d27a5, 3919 
41566 64bb9984-439c-435e-985f-dc2eb508cc26, 3919 
272319 4b5c0313-9a15-4578-b37d-756452aaca15, 8505 
244998 67680e78-f605-47b3-b06a-1a150cb1a413, 3919 
324171 b04a17ce-b169-428c-9111-2ba869bb0e1c, 8505 
160951 98570fdc-c22d-4226-96a7-1b7aa67b9bc4, 8505 
13378 b8ad506a-b5a7-4bfd-b1e8-4827b14fee44, 3919 
190527 64fcc700-75a9-4aba-944f-a13a5323bd91, 8505 
241631 facdf73b-9605-4baa-a4c7-608cf0ae6d64, 3919 
364160 4957702f-661c-4535-9834-f59cb20bbb6f, 3919 
127888 490435f9-f98f-46af-b07b-c60a391b137b, 8505 
292354 cfa2cb98-7bf0-4ab2-a564-205c09b695a6, 3919 
30886 c1d07ae4-fe0c-4034-8348-e0084e24279b, 3919 
5910 31b590ca-a8af-41bb-b112-66e9ff362b94, 3919 
337963 37da341b-1c5f-419b-8882-a33c97e16f66, 3919 
288682 1308e4d1-f47c-4dd2-90f3-a0517de15fc6, 3919 
88107 7f54c275-f961-433a-bf14-d739293b20b9, 8505 
330703 521830b6-f629-4cb8-bd84-ccebfa6789a6, 3919 
182136 b7211e6a-28c3-4622-a3dd-bc58ea742267, 3919 
120264 62d373e4-fa63-4fa1-9c3c-959ff6dda099, 3919 
128850 83fc30e8-935e-4217-b6e1-73e331c40379, 3919 
289816 b723e994-bcee-4b09-8fd4-8558a1e127e7, 3919 
32502 74adb129-e540-43e9-b516-8434090db467, 8505 
290346 acdd44e5-7684-4fc9-9655-b033cbf2c090, 8505 
281023 4aa96150-62d1-4dc3-acbb-fd6801d3ead0, 3919 
78427 d01fd54a-842a-4b83-9ee1-1810e5572001, 3919 
116730 ab97c7e9-6280-4455-930c-b6ba3fc2bac9, 3919 
179815 f4562703-e524-4951-97a3-d5b9cedda686, 3919 
143129 ff4b6724-069e-4034-ac06-c384147a84a9, 3919 
202249 1283febd-a905-477a-8cc9-46ef04487c1a, 3919 
207867 08872311-1d11-4674-88c5-2ef289b46f9e, 3919 
138631 1aa3af18-d706-45d3-a442-a8e035fc8e92, 3919 
180037 e291cd03-3df8-46d0-820f-e5e8aafac765, 3919 
105051 c79c2d0a-45e3-4ccf-b620-3ef8c290abff, 3919 
49243 d1109ca7-9844-4bea-916e-59a1aa8e9a2f, 3919 
94275 8711c2d1-72c3-43cd-9bf6-e5ae712a018e, 8505 
294011 2cde8680-b6dd-4b52-b24e-e6d46ecb5a6c, 3919 
271681 3d6cabda-c45b-4bf8-b1ba-594bb7baa60e, 8505 
391349 ba42a04f-9669-431f-bfb3-0f4a9a1766fe, 3919 
289273 de593867-4c00-4aba-a7d5-f393c3a5a0c1, 8505 
395670 669a1612-fa45-4fec-b33e-306c5f9d865b, 3919 
74650 03421868-de5f-4b39-82e2-4467194d023f, 3919 
308107 a0511a4b-dcd9-4e94-97be-9d38fa5ab095, 3919 
87364 7f5f15d3-34e6-4a0f-9827-b986ea05d544, 8505 
23047 37d3ba65-c08b-4a0f-bb6f-397d68059188, 3919 
386639 5319a046-ff43-4f4f-bdf4-6aa6ad7eacfd, 8505 
365086 3a6d246c-6a02-4420-a41e-db6784fc91ce, 3919 
113417 c616ca68-f100-42c6-bb0c-47bedda74ffe, 3919 
16242 2548b835-515c-4ca9-8855-c8c030b5a946, 3919 
380527 48c4c0d9-6d46-466f-bf6e-4d47eeeb7784, 3919 
92405 6d957c67-6a17-4cd7-bcc5-073d18c99ecb, 8505 
197521 48426e31-4754-40f7-8d11-1289ac558b60, 8505 
224992 f42ab80d-259f-41c2-aaff-a86d8056631a, 8505 
56690 46587386-608a-4e85-89b6-ecf845ac6f7b, 3919 
300190 ec4a6929-9cc8-4b69-9c58-6cc74de70800, 3919 
211994 e1abec09-da1c-4347-86d5-468c2e9fd19a, 3919 
187704 7727dc7a-294b-4cc7-bdba-8fb94876e941, 8505 
243451 159005a1-9bb7-415d-9655-100cb23e8215, 3919 
326515 c90ada9e-6cc2-4d9f-a150-ad337d32d96c, 3919 
368291 b1c6bd51-b4c9-4c1d-8edc-42f3b615eaed, 3919 
70544 65d0498d-3196-4bcf-8578-da28c25671b5, 8505 
226124 48742a97-5a85-405a-bcd1-48011bfbe0ea, 3919 
383466 59e22c63-60e0-49e7-b054-73bbb5b25650, 3919 
356445 c5c13599-da67-43b7-b9b0-d7a099dadcfa, 3919 
45906 a66ef0a4-f54e-4699-a15d-5d18eed5d7da, 3919 
88869 9ad80e17-54c9-4d3a-87b7-53b3afd00b66, 3919 
376974 28e0f4b3-20fa-4811-aa2c-15f3a5baf42a, 3919 
132089 54492545-281f-42d2-8ea2-949cf1c1ce70, 8505 
246300 027a7c01-d69e-4fd5-9b11-280bbe7c2ead, 3919 
200892 1edebc12-74bf-46f6-a26c-21a45d97a677, 3919 
201389 e9af6eb1-8aca-4e80-9fda-53f52c1a4980, 3919 
64377 bd176b94-c455-4180-9866-a314d6fecc54, 3919 
27821 cd3aeaea-51b3-45bb-a0e6-6eda05bcbe8c, 3919 
68759 be3668fa-fc98-477d-9fd3-f1f2bbd9e2e6, 8505 
207752 cac40245-e8c7-49e3-b707-9bc0bbc92a92, 3919 
282496 1d4004e1-567f-47f2-a0ef-f85ce36e7b17, 3919 
137691 27e52693-23b0-4640-9a14-e72995ca2e10, 3919 
217459 d7911165-6ab2-4ebb-b56d-b8e2938eba76, 3919 
295192 e9f0533c-f255-4f8c-a41b-8dbc37f5450a, 3919 
381080 28f81128-aef2-4011-a05a-4f2fc4622217, 8505 
231585 560168ac-738c-434b-ba3b-e601204c5764, 3919 
147436 b1511a41-65f6-4e17-a168-93a0a41c7d02, 3919 
211281 6d636f7e-278c-4f9e-a074-1bb2812e808b, 3919 
71345 b13f1d78-54b2-495b-a9df-5cad710f7637, 8505 
292470 ffba8ba0-e9d8-454f-a882-ebee8e0e6c38, 8505 
246381 84abfc95-13f8-4e6c-b2be-2a6f3fe2b9fb, 8505 
200727 1d8b86af-771c-4881-8489-e6e53ffeb617, 8505 
299104 3541a749-49d1-4dd1-ba91-465a6999f2e2, 3919 
100312 4d7820f9-0d6d-44f6-aaee-8466afa5e8f9, 8505 
332489 d083b81d-2205-4825-a730-a50515303235, 3919 
277002 2722e7bb-30fd-44e1-a9b0-995d3d5757d3, 3919 
351907 3b4a5040-167d-43f2-a6f0-1832d118073a, 3919 
358506 28a41a24-081f-458d-a090-53f5094e0094, 8505 
307048 dc29df09-2388-451e-8f06-669cdbe2a444, 3919 
131813 e4dd3cb6-63bc-401f-8774-1187b7f411b6, 3919 
182396 634f0c9d-68bb-4795-aa32-82f60c5bd3b6, 8505 
89673 784f4945-1d4a-4469-afb5-46af51dc4b23, 3919 
29768 8bba7c96-788f-44da-baa3-05969abee302, 3919 
187043 00957683-f8b7-44a9-b823-3b239f4a193c, 3919 
283110 b89b738a-2b00-444b-b54d-349b841ee19c, 3919 
270842 05dfb0b3-3a88-4911-8f21-49b40e704b1b, 8505 
223597 44e2bf84-43a1-49bc-82da-01cb37fefb79, 8505 
212831 8dbad9f7-e727-40c4-9532-4b9dc95ddc74, 8505 
289667 177a8cc9-507f-4226-995d-49351f644938, 3919 
213216 a630708b-3639-42ce-89ea-01345e6d94eb, 8505 
148598 31f1d56b-75ce-47a4-8fb5-6f482a24353c, 8505 
92910 6c750d6c-171f-4686-b190-2225cf31b643, 8505 
155087 c49e9e80-85f3-4422-b656-fd2fc92a62c2, 3919 
261130 d9556cdc-888a-4f77-beaa-6c406b664b29, 3919 
91832 f9932f67-af44-44a9-88b8-60bc06d37b86, 3919 
325783 8f785de2-ac4c-471b-ac0d-497d50c014de, 8505 
212300 153460e2-4654-496e-a64d-d246e9e0e4f8, 3919 
275482 1e11626b-ed55-402d-aa3a-b2ae05adab5e, 3919 
1775 d7d65be8-c16f-4e7d-b7da-4c90776614bd, 3919 
341836 ca5ac782-89eb-4d99-94b7-062d1b0a84e5, 3919 
358616 f7844911-d858-40bc-848d-c98d4d0b59c5, 3919 
7060 5a881fd8-93ec-40f7-9342-aec505ce85c4, 3919 
244308 4aceaca1-f698-44a3-a4c0-a0f0d01c0202, 3919 
53537 172177a7-4efb-4646-b358-2944cd6bae2a, 8505 
37062 ce0eaed9-df10-4fe5-aa8b-55c3d0052713, 3919 
227671 a2de8530-29dc-45f5-beb1-cf6320ef2186, 3919 
277276 cd61b4ee-f812-4b45-86e8-45a6f713150f, 8505 
167591 e1f9343c-2bbc-4481-b054-aa68d45d075c, 3919 
147478 020a3b31-31b5-4428-91f0-f969f6a4a7d9, 3919 
168875 b09399f2-979b-4b27-9012-f0882fb4773a, 3919 
289594 fe203173-296e-40b2-a88b-257dfe7eba39, 3919 
331835 a3baba19-dd86-4401-82e1-7c36097245c1, 3919 
34242 2dbb5d4f-7c1d-485e-8454-baa7b092239f, 8505 
219067 caea8230-ceb2-417d-a0b1-4d9f41f028c8, 3919 
340724 222b9e2b-6f3f-45f4-9742-cd139c0b1b00, 8505 
317206 b172edff-a76c-4d4d-b1ef-47143dbd83e3, 3919 
95850 ef89d57a-bd24-4cd7-815e-47c6efe2039c, 3919 
156788 0f54b7fd-84b4-434a-91e5-99819e8d929b, 3919 
148895 b81af4b3-0698-4018-a1c1-ff3f92d60363, 8505 
220407 4b6baf64-f489-4300-9ae1-977ec43895fa, 3919 
306090 16c6804f-d615-4204-8deb-b51888890d93, 8505 
165636 19390f8e-9822-4538-9205-3457c3888abe, 3919 
49735 f243d20d-4936-42fa-b708-5dc430f5ecb4, 3919 
395961 1085df6e-8d50-4c87-ab87-0f63a63a3bbd, 3919 
363087 3f117faa-711d-481c-bdbf-cac255256c01, 3919 
166795 3f2b21a7-a5e8-4038-bdd6-f4ad904a791f, 3919 
369882 c68afd31-4e11-45ad-ab38-6a3e1869b76a, 3919 
270873 83fc86aa-c4bd-4126-89d5-348a6ab67579, 3919 
106108 7159e942-0c63-4824-a963-fd950b0e64cc, 8505 
247295 078f078a-4f35-4ce6-a911-6f809aceaf0d, 3919 
157987 1ab180c9-eaa1-487c-bbeb-7d72c4177c32, 3919 
332839 bb5d78e5-17a8-4f57-8794-02d52d2f94b0, 8505 
315964 57c364c9-4195-4b49-a122-feb548096bc9, 8505 
403276 4df3a295-4ef7-491f-895f-2118f9e685ce, 3919 
403896 3f1c8789-fc60-4a20-b09f-36e1c98cebf7, 8505 
308551 78149328-1be0-46a1-8101-c760b26f7731, 3919 
318508 6b857dd7-3d95-43cb-8723-854069452df6, 8505 
373346 cc263d94-f59a-461a-9010-29de47346344, 3919 
126114 aac23a18-03f6-4f12-8842-608fa5f1e33b, 3919 
368813 d3bcdee4-1786-4c8e-9e19-887e85cd6b97, 8505 
27011 5b84c8f8-2de0-4bfd-a759-80d61af221a8, 3919 
87652 2ac59c9d-bb3a-48b6-9203-1267a6debb2b, 8505 
141697 c2c1cd07-2f6c-41be-a9ab-e89ffb6e7dd6, 3919 
231747 7782e5e6-a947-459d-80de-f83dcdf7492c, 3919 
37085 60c4a2f4-3732-4f70-9661-112f80793a44, 8505 
38690 b455ee97-5beb-4c8d-bfe8-6fd4f155c3be, 3919 
179740 314ad426-84c8-4d0b-979c-579179d487b6, 8505 
129216 60a41c68-7d84-4f13-99e4-7361525ed3d0, 3919 
63517 93b97a98-ee3c-4583-8a2f-271be95c239b, 8505 
47581 668a1244-4bde-45c7-aada-ec861343583b, 3919 
23840 13ddd3c9-6df7-43d3-a2ab-521bb65f92d1, 3919 
386346 716edd15-96e0-44fe-9456-635d13e38ce3, 3919 
3335 e34bffd6-f615-4533-93c0-c23d48ab096d, 3919 
30901 2d2e9c8a-a4d0-4d85-8617-f9820f45673f, 3919 
336427 dd9cea71-13bd-478a-b642-8d3672c9dfe9, 8505 
233270 74d1ad19-694b-4cc9-b0b2-c29fdab46a9f, 3919 
74861 be9c333d-446e-43c6-ac1e-318a5e0206fa, 3919 
316156 a462522d-ba1f-41ff-b396-e3a3b457f822, 3919 
112312 6f5afb3c-ceac-4c25-87d6-eb5b56e2ded9, 8505 
114734 cf1287b3-5d86-413f-b962-4dab56cf40ea, 8505 
108154 74b68e5f-e2ec-4abf-9cd2-1aeb2104420e, 3919 
382480 8e8f69e1-ccc7-422f-807d-990f46ebb6ce, 8505 
101833 d259e53e-770b-4f2a-a8ee-a9dfec291d57, 8505 
402381 9e91e594-3634-4c30-baaa-f95e16f9665b, 3919 
299159 1115cec1-c24f-431f-8009-419574efc13e, 3919 
182549 f0defc66-3110-4bd7-8808-a59ce1e16cbe, 8505 
140696 4e2dbcbd-a560-4552-9103-7dd379253d16, 8505 
120984 22f75579-3334-40ac-b6fe-698805e1cb4e, 3919 
112895 badafa51-33fe-4e32-ab47-ed022871274e, 8505 
58556 e48b944d-aa58-48dc-8ab4-35abac776846, 8505 
281938 3f0a2479-d87e-48b2-b453-fa49c36a4ded, 3919 
47163 e11fa1de-46d7-49d7-ae31-686ef062645b, 3919 
320588 1ec832c8-0556-41ca-853d-3fa8bb97e5c3, 8505 
298022 c926bc97-1b85-4314-8aeb-da4688b74dcc, 3919 
384158 b9711497-fa3c-4f6a-a48b-36341777604a, 3919 
345064 9ae50464-51bb-4632-800a-d70169d9c7ea, 3919 
394143 5e609791-06c0-4e64-9489-0b11f087f973, 3919 
339172 25ee2141-8f70-48fd-860f-2b2a875c9585, 3919 
322107 7ff88013-b70d-49fd-956f-4c9f5e6beb96, 3919 
360944 08c08bd9-4f72-424b-b4a7-4436499096a3, 8505 
390972 8ccb7935-ad96-4d6a-afe1-3fe8df5f8d60, 3919 
261540 778e9c66-3910-4790-b43b-8fe6b8676616, 3919 
131769 fc68aa21-d86c-4e9e-8902-e393d6990b78, 3919 
306664 9f2b7566-2df7-452e-b538-b62ef2d16a86, 3919 
399796 73b5fc66-fd06-4f15-aa7c-943a52f80cd8, 8505 
210254 d2884994-935f-4c22-a301-50f122760fbb, 3919 
247595 4539fd44-ecd3-43fe-b275-0fbd7960d66f, 3919 
313796 6d866a49-0f3c-450e-a3c0-752999122e62, 3919 
127753 2468a04e-64c7-460a-a196-c165c78aa9e4, 3919 
106039 523f5fa6-ae4e-4d8e-8b77-043a2ebe0aa8, 3919 
1965 b3eebed2-fe2c-4ca5-8d54-844489905296, 3919 
141841 32bf018f-c471-4b6d-8fae-de75c76df52a, 3919 
79871 af885bc5-b868-4b96-9f25-492a9fd4126a, 3919 
212376 06ad7f7f-fdd4-412b-8bc3-4f2e1b31e9ac, 8505 
168574 2c469131-abdd-4d16-ab09-293933a35c55, 3919 
148568 c4ffd612-5c9a-4f5a-802e-56c23be14485, 8505 
6961 98bb685a-a6c3-4549-9830-1e343372fe30, 8505 
152806 138834ca-a134-4590-8580-6c6edbd4a13d, 3919 
167214 c119c3e2-ed9d-4f77-acdb-5ea3d0690302, 3919 
197826 70580c7d-c6e6-453c-88e8-635279b56474, 3919 
174473 f88990be-9d8f-4eac-a8fe-c2eaef653589, 8505 
12840 23608d97-82fd-410d-b0ed-d5c7110e99b2, 3919 
392156 1cfe7df6-ac2d-4cfd-9da6-88ef030902ff, 8505 
307080 fcaad112-61c4-44cb-8dfd-4bebc24e3c22, 8505 
305000 e5fa8294-575a-47da-af98-f59bf0158144, 3919 
27904 2e2d0d6d-d084-494c-98b9-023478edb0fe, 8505 
141965 650bdc32-3765-4fca-a06e-3861021957b6, 8505 
319793 ac86587f-fcb5-48dd-84f3-2dbf9925d5fe, 8505 
151363 8402ed6a-9388-44fc-a97d-3aa63e8100c4, 8505 
316247 68fc8820-e3eb-4cfe-928e-3602991e16fe, 3919 
352424 0a8a413a-7654-4d66-8649-94efe0a63e8c, 3919 
180110 50a1d8bd-4592-4163-b5c6-fa03449e5065, 3919 
32392 47dc3b94-ef6a-4058-a1d8-41679208c550, 8505 
311919 788aed42-03ec-42d8-afcb-787a66ea0418, 3919 
305185 b18ff020-c1bc-4a55-8e54-c23287b0dc7d, 3919 
1815 55764477-3641-49e7-9700-f7b45832e8ee, 8505 
164566 c82bc83e-496a-4b41-9d5f-628f0061be58, 3919 
268019 d3e1c8e3-5708-4caf-8ef6-519fb6c75161, 3919 
134263 1c99030a-ba63-4368-b60f-009ce934c2a8, 3919 
16789 0dcec91d-2acd-4d3e-ba27-32cf9be21777, 8505 
352826 50f39225-83b9-4f2e-9a5f-812bb926e227, 3919 
14926 b610eaee-0479-4bfd-8904-63a53f5365e6, 3919 
1202 037057f0-ea91-4241-991c-5c5aa1cd5e3e, 3919 
53459 05a5be32-6d6f-4475-8aa0-4a4fac44fef9, 3919 
369422 6e10eb25-50f1-4350-b4c2-172fd261c9f8, 3919 
188171 92026e10-d518-4e23-9530-a75ec98bbc5f, 3919 
36911 aab3a57c-1aee-4403-9f10-bccafc87f297, 3919 
243856 d81bc2fe-63d4-40d8-8b80-dd40df52525d, 3919 
383571 b028a4cd-5c07-4c94-901e-558cce0d4cbc, 3919 
17150 70e3daf7-7654-414f-bd11-96e21759566c, 3919 
348750 a709cd80-5be5-447e-8a4c-21ad622fb1da, 3919 
83047 43906006-2de3-4f2d-862e-4731e6bd7e41, 3919 
70870 8b826307-0ce3-40b3-8a58-5bdebcff1df6, 3919 
55676 3353dd30-99f9-4f11-96c1-90485b92924c, 3919 
259102 e280d27a-304b-4815-9fa6-dbdcdc2038e3, 3919 
77514 e7e0cb00-1593-4a14-bac2-f55e008c616e, 8505 
95259 75d8f578-84b7-45e6-b5d8-ccef43b47f6f, 8505 
383935 22af1522-4e39-4ce9-a9f4-78335326c441, 8505 
252416 5caf2e0f-7d42-45af-81dc-076af8a1e82e, 8505 
298058 2e9bbd59-6196-4a33-94b0-1e8e0c43ca8c, 3919 
225825 61dbb05f-6337-44ee-a0d9-f2ec221e9278, 3919 
169872 1dc0a07b-855d-438e-bbbd-6a554f86c04e, 3919 
365553 254ca12d-2cf7-4662-a57c-15ca0b3f136d, 3919 
324212 9bf5b84d-48ff-4664-afff-89d599c41da4, 8505 
49287 682f30e5-1479-48b0-8c52-2f72a8f648cc, 3919 
342012 bb261d9f-5a98-4b12-b53f-20710b4818c5, 3919 
390194 15b57446-2cdd-4ead-8b41-7cefe0ace087, 3919 
25128 0ffca950-6b80-4c10-a797-2efe908ab251, 8505 
312305 3cbc085b-7a64-4f7e-b6db-fc1d42366443, 3919 
247851 f648d1c3-d7ae-4108-9c40-8592c36f0501, 8505 
131930 e9325dcc-58ca-4d5f-b520-769a32e0b631, 3919 
126628 b496a886-e1b7-4dbd-a8e2-7e9cb311bb51, 3919 
399606 ad27c04b-4c8a-45f1-9932-1024e00c63c4, 3919 
301453 00dda5ae-dcda-40fa-b362-174edff30d31, 3919 
16074 1c4b5e7b-37d4-4e7d-9a1a-5b6d580a57b4, 8505 
334157 1f8dc66b-bffd-4eba-9933-648d701b6295, 8505 
332294 d6ac6ba9-692c-452f-9906-e17aaf2cffa6, 3919 
293792 05b81fe2-06ab-4c98-b1da-10f783bf7878, 3919 
210277 5ebca425-189e-4a84-917b-15e36e1f38db, 3919 
219060 86bb765a-78d3-4fd9-8e58-95c8c41d91bd, 3919 
178707 c8e343f2-0053-41e4-8e71-f31ff01f9515, 3919 
385719 4d3c257a-b98a-46ff-82ba-73c03e948294, 3919 
118910 362b9d7a-ece7-440f-9bde-51d89848894c, 3919 
138892 22d72801-ad85-4f05-8661-85350fd62dfe, 8505 
322730 cf04b5a9-6575-45b8-b26d-9228e815fe57, 3919 
309094 327470b7-b18d-4b5f-a287-14ffc5f0b2a7, 8505 
313642 f6b5b0a6-0328-49d9-ab36-d0d00d709c51, 8505 
390168 68ba06bc-b25c-403a-82fe-10b7555cef9a, 3919 
374650 c9980582-b4a9-4f0c-b45e-91ea2056e928, 3919 
40768 7b082d05-8426-4628-a7b5-3a556929b4e9, 3919 
150749 8c870f0e-a4d5-43b0-a059-bcbf293da227, 3919 
27672 241a7ff2-8bdb-4c98-b2e4-36327be8b2a4, 3919 
331355 2ef44fe7-98bf-4adf-bedf-c381aacfff03, 3919 
371036 0c213d43-f0a2-4fa6-ade0-a9fbda2fa0bc, 3919 
353586 e5139c79-3726-4ae8-9af0-0962987b6ce4, 8505 
153965 fb05dd07-7026-4a9b-b1b6-95de757804a5, 8505 
257230 9e942439-e4af-4b99-bfc5-d58ad6d8f2e8, 8505 
96092 1229602b-1688-41df-aef8-12ab2d47de59, 3919 
258668 3bfd4ad1-16ac-463c-a42b-ceb789c236ae, 8505 
157378 a8e9c193-64e5-4706-80b9-88d295dabe3c, 8505 
315183 7a0926f3-e466-47a4-812a-7f7031ddcfe8, 3919 
178491 69439158-fc53-4b22-86ed-7e84f7b2f311, 8505 
223086 a30c6736-c1a2-4ceb-a4a4-6bd3a56e8882, 3919 
309478 f6f29295-187a-4da9-bc0f-b530cb230bb7, 3919 
304975 80502620-6a7f-4629-aeb1-def54bb862a7, 3919 
9568 0575d486-e718-482d-8bfa-415ed703a02f, 8505 
371026 3275990a-1828-4480-8769-d120ba46bf9f, 3919 
52340 bc201efb-4622-49ad-886d-8b35e89a3431, 3919 
313523 bd24f9dd-e497-459a-a30f-d9dea0bb464f, 3919 
12873 7e00b364-1bd3-4044-b1d0-1e5c65be50e9, 3919 
84272 c484a019-8c10-460a-a825-84ecb4e9e742, 8505 
354614 2104c41e-2ba9-493d-b038-4859aaf855a7, 8505 
52563 3bb930d4-1de6-4204-84ff-9bfdad1903eb, 3919 
251620 b9cc2144-e630-431a-8f69-b5f15e27fb36, 3919 
399109 4dfb9707-0614-47fa-bb4e-59a32dd8cce5, 8505 
132544 f5b511d2-5326-457c-8aa5-003d5db4f89b, 8505 
250619 c9665f57-19f8-4327-831c-630aa0166771, 8505 
183923 a1fc9cd0-8d05-4290-aa4e-80b30fded93f, 3919 
375912 27b5e49e-023f-4ff9-b7ea-8f7db24c0495, 3919 
164778 4685f20a-b79e-4d69-a190-b77b430c293e, 3919 
279967 3d8a9d14-9249-4ff6-932e-47e12cb56094, 8505 
100470 43f6da5c-f5b7-4469-93af-7c1e1baa53ca, 8505 
152319 8f964f1d-8e0c-4d72-9862-ff8a0d6480ff, 8505 
361273 526fcf64-2d30-440f-bcf5-be6bcf717a23, 8505 
318033 1137aaba-ef08-4ad7-b369-80f910876b99, 3919 
55606 85d36e85-2f49-4aaa-b178-faa713e97ea5, 8505 
336902 b64370d2-dd99-41fa-beb0-0a45c14d3a62, 3919 
51880 0bbd7c7c-dcef-4514-b8b6-4f92b0908274, 3919 
203332 f8cfeda9-df17-4538-b7ce-bd18faf6711a, 8505 
303877 273a358c-b99c-4cc1-b1ae-241b337a579c, 3919 
368542 74d643fc-61f8-4936-8775-f9162a2a912c, 8505 
37120 ecb56bdf-fe7e-42e1-90db-addcc0bbb334, 3919 
382255 970e7eef-6377-4a3d-a1a1-73944d3e4c6d, 3919 
352749 cd035a65-2e50-4236-853d-ee5900708a01, 8505 
319892 1d2dd43c-ad2f-4b0b-ba73-56647a16d0b0, 8505 
150921 3b207806-cd85-466f-84ce-aa6a2bdc9a2d, 8505 
77217 ba297585-818c-44f0-97d1-fea2e7b0d57a, 3919 
323802 c914ff03-6668-42db-adc9-df1732d5b374, 8505 
323924 dd46cae4-cb04-4c72-a3b7-2a5aa3932f6e, 3919 
193995 65a506f4-e07c-48fc-88b7-20b11dff0e6f, 3919 
883 00256952-8def-491c-ab39-09f041336bdc, 3919 
144245 61f18f84-bf6e-4357-9dc0-4ed5793c560a, 8505 
218146 bf7e106c-ddd9-4741-850c-40520ace5b32, 3919 
87807 98d5a410-a605-43db-90b2-1a0c809a3635, 3919 
38453 a089cb0c-3076-4de4-8be9-4f339da8e64e, 8505 
13423 cb2b8333-9d05-45c6-a21c-902fc4fda1ae, 3919 
129059 43df46cb-a36f-4faa-b84a-d8b06c75ea3a, 3919 
182906 5daa715e-38d7-4893-aafe-aa97b59e8c9a, 8505 
192861 e3189847-f660-496b-9819-60507e9e145f, 8505 
344636 decc2a25-0d0f-476e-bad7-85459a4b94f8, 3919 
141453 7cf9c00b-eb91-421c-8623-0e99390e66aa, 8505 
65074 eb62e336-2470-4851-a843-4ded47ee4a98, 8505 
34385 b10c17f8-4772-47e1-8546-83f328859313, 8505 
101583 0a3ef75d-16a9-4a95-ad4f-76cd1ad18cec, 3919 
373926 ea04623a-c328-4d30-ac77-97efcde5cff4, 3919 
145991 84d829eb-3da9-4766-8863-1ad3141c0b89, 3919 
35638 ac6c3047-3919-4ee3-91b9-04e82ea29b24, 8505 
362569 756ec2fe-8ccd-45e3-b74d-e488a61ab7cd, 3919 
195582 a8862c47-2b6c-4352-a7d7-33602199f920, 3919 
228402 e0dcbbe6-2256-4f5f-8fb0-e76702281d15, 8505 
79709 592a5db2-2493-4f1b-801b-bce11ae25de3, 8505 
394348 6cfe40b7-32d0-4d22-9741-944e781ff403, 3919 
189903 0826a07e-c3fc-4179-ba5d-f26c5852ebfe, 8505 
26980 7ba62cad-744e-4712-bbe5-ade02de4bce5, 8505 
303507 055a9ab9-0d30-4573-a287-ec2d8be4764c, 8505 
70622 c51a6ead-3988-4aca-b0d7-535b4d75e7d6, 8505 
339745 f5716ecf-f775-477d-961b-cc1ee6bf3c90, 3919 
78701 f126eabc-684a-46f7-97c2-73d990ce3425, 3919 
320435 e6c398c9-6830-475c-9299-2411c18d1da4, 8505 
212446 734b8aaa-ae0e-4ce6-ad2c-0dd8e69b25c7, 3919 
117794 043552cb-45ec-4aca-9c6f-d9ac79a90d3f, 3919 
311736 fe2d9e23-cb30-44ef-b47e-256c25ca402c, 3919 
145206 2c47474f-8993-49e9-80f0-6c5e50d60cac, 8505 
106068 bac69225-754f-4768-9e68-b26daf3c7e80, 3919 
49068 86c24423-8ca7-45cf-93f1-da4425912e9e, 8505 
326745 5e8699ec-183f-40a4-93c9-0ac0470e15c2, 8505 
366049 055413ae-cf07-46e1-b770-1c28cf8083a6, 3919 
215135 ad61b236-d963-4e71-ae9a-fbb26edb3370, 3919 
129542 e3cf8651-7c3c-47a2-bafb-138566e025b7, 3919 
55831 5c9a778b-0745-429c-a511-0d6ec1a68e49, 3919 
209174 822c647d-1f3d-426a-aeee-835a750f8870, 8505 
98480 fc499c0a-9447-4227-a80e-e4fd718f390d, 8505 
118976 09ce439c-1da2-4f1a-876d-393c78569961, 3919 
108877 7e272b3e-d595-45fb-9bfd-a3959f0efdf9, 3919 
146844 2c3df3c5-1d48-47f9-adaa-c990482e355d, 3919 
52350 f58cf965-65ca-4299-b0cd-064c9c9c36fb, 8505 
124992 05405e35-3f0e-4f5e-9ac5-88efd42dc335, 3919 
50001 5681c491-e1c2-492f-84c8-8cc6da84eb32, 8505 
296056 2ee503a8-dd00-4c13-994e-4edc351c511d, 8505 
238931 0140d6c6-bddf-4b59-bd6e-aef4c379d284, 8505 
100713 d9c9bc06-9781-43a8-bbf8-a185da48082e, 3919 
127397 fbc9eee1-e82a-4ae7-b4ba-5dfe9b18c7fc, 3919 
151571 08c55738-b521-4108-9d8f-08c9d349cf38, 8505 
23010 22986ec3-3b29-4f07-81b6-44a6cf32248c, 3919 
175387 de69a788-b6d0-41dc-8f76-68deab60fdf2, 8505 
231494 acb0ee11-82b8-4f6b-9ae6-34557d63749a, 3919 
105932 3709b88c-b6a1-4f86-95ad-058b212039e7, 8505 
121044 310751a0-6ea2-4013-b024-bc907877a0d2, 3919 
114917 6664caa0-ed59-4000-b0ef-9fcccc20cacd, 8505 
124329 04927aa8-bb83-4263-a10c-51108719c062, 8505 
353937 967baae4-0fe1-46c1-aee8-ff91ac65d465, 8505 
208428 f26b99ef-1b45-4086-84b3-a4ce031e293a, 3919 
73998 eb15109f-b2d8-4417-9dcd-778a26c99c0c, 3919 
22861 a22919b2-0c22-4c5c-9f6d-f85202c001fd, 8505 
91921 78d6a2a8-4f2d-4877-bcfb-4ef13334845b, 3919 
297987 724617ac-b35a-4bd1-94e3-da703cce816e, 3919 
57804 0f4fc4c9-abd9-43fb-ae7a-aefbc2389484, 3919 
179750 c13ca6b3-a4c2-4756-8406-dc874e727d51, 3919 
168375 06e34292-d221-4524-83bf-21747807eb7e, 8505 
312158 60ed1c10-f8cc-4364-a65a-a1b084c74629, 8505 
119013 e49f5c16-90f8-4228-885f-d0e21828c7be, 8505 
333725 f30a88e4-579d-41d7-a1c4-19bfab50a718, 8505 
354922 583f2224-c57d-4135-8eac-14f3bb5787af, 3919 
366370 8dbec692-a244-466e-907b-85d2704a7077, 3919 
390648 87f10c8c-081a-46e4-b740-1f984e975506, 3919 
28878 f80a9429-b572-44f5-9cb7-abe4a6773d09, 8505 
16729 7afb82d3-5e55-4d8f-ad09-46c272ade9b3, 3919 
321174 68ab959f-51e0-4e92-ade7-3dc291069a50, 8505 
174858 586b9c1c-970c-4948-8aae-5ae82cb4a87b, 3919 
367867 61331da2-2df5-4cca-8ee8-c0cd69ed37f7, 3919 
360087 6cedb9d3-9628-4d97-b37f-c86ad2be7f6d, 8505 
63097 e40aa103-abc4-4f7a-83f7-7d80d87add18, 3919 
234143 483723d3-3224-471d-88f0-7efc775f223f, 8505 
195115 9896af71-1ccf-45f7-a0e8-3507c1afeb09, 3919 
165796 4bebbdc6-ff1e-455f-92d4-408bbf5ae1c1, 3919 
183336 379c3d95-cb44-4732-9edd-6e24f67d44ba, 8505 
270702 4e9241af-9416-4ccc-adb8-02cb4c89eb5e, 3919 
25486 a8f80b7a-8f94-4479-9c14-c4934ce7ae52, 3919 
275850 c291fdf8-1380-4861-a390-e3303231e74d, 3919 
83677 9c45bf5a-d215-4f1d-879a-e87ed33cdb17, 3919 
301810 d99e7bf0-5683-4a4c-9004-2cbf01eb6c35, 8505 
104091 4bf99cce-2981-452b-b935-907c1b2f7ae4, 8505 
272916 4b4774c3-420f-4bf1-aa92-823ee42a97d2, 3919 
308307 579fbb4d-29c6-4467-a6cc-3eb172a53fe6, 3919 
159781 e07dee28-cf8f-4e18-a6ce-2dc071123fde, 3919 
240147 21ec6582-554f-4c77-af7e-90e3570fa4c4, 3919 
388130 cb465868-d4b8-4422-85cc-0fdcd331a9c7, 8505 
94932 3ffe8ebd-7f5c-4ba1-9e8f-455f00d75ade, 8505 
360768 fe721b77-431e-4d45-b3db-34f3ee644678, 3919 
1272 6f5d158b-35fc-452e-8d8d-e76be9027849, 8505 
300673 934737e3-c23f-4551-98a3-9b3077266228, 3919 
25144 64a9dfc7-650a-4f71-8679-e2514e19fff1, 3919 
339361 403384ab-a015-4c35-81b6-025661ba7446, 3919 
253882 7cc5c1ba-531e-443a-8972-2670b65edf00, 8505 
236683 db24ace0-5d7f-4a16-bdd6-a1079dba10d4, 8505 
114016 71c0510d-368e-4df7-8a23-f558bf130fb0, 3919 
67930 c71d1e56-73e8-41e5-a8bf-d64531e6807d, 8505 
221801 022acae7-759c-453b-ace7-12a2e0b8b037, 3919 
83195 7bcbf7ea-9fc4-419a-bfe8-f80dd5aab7cf, 3919 
218687 6a775277-95d5-404f-bbc2-5735b6c62631, 8505 
231728 e1200743-c4b5-4411-bcef-599fa57e1f5a, 3919 
287717 8a16269e-0913-4f39-87f4-1095e810dde8, 8505 
28580 066881d7-90bc-49bc-8797-fe6d3b91b382, 3919 
26823 fa1afb48-d75b-432f-8eb3-fb153ff0f5a5, 3919 
278905 b7514a05-398f-4f3d-8133-9c802a03d29b, 3919 
46605 f6b87151-072d-487e-b580-940a1413507a, 3919 
225319 c1184bd8-5ed4-4c6f-9f49-c28ffcccc299, 3919 
55429 c7665d75-100c-4ebb-8f60-38ea89251171, 8505 
155560 7346bd30-08b4-44bf-8ab7-f8e61a8425b5, 3919 
310065 1f59eed1-81da-4a01-9b3a-10590b987c0f, 3919 
372763 0b401aa0-eb69-4e65-9fba-060d3e5a7f94, 3919 
17228 5d483372-19ba-4cb5-aed8-4b722a1e24e2, 3919 
5695 aee3a4c3-e115-4d70-b466-8dc73fd12b9d, 8505 
284814 3cfd0533-4521-4221-b177-d23fab507d0f, 3919 
103361 24019dd5-fca8-4ec8-85fa-f518418fdc36, 3919 
393729 7483d656-45d7-4b92-aee6-55ad72f85cd2, 3919 
223604 0ec6627d-1c61-4c47-b831-f291dd70802d, 8505 
82368 74e81c66-57c7-42c7-92ec-c9c541ff4deb, 8505 
386952 add349ec-9128-4d30-b8a9-eebdaf57f1fb, 3919 
126924 a71d9c9f-cd60-4b6c-aa55-14a49b791d16, 3919 
237372 d8fd4dc2-e066-4b10-ac7c-6bf874d41b2d, 3919 
42536 e320e564-b36d-4a70-8b24-3b2e66243b83, 8505 
136118 2afe480a-27f9-44ca-8ac3-8483cbad1990, 8505 
306426 5064a297-15bd-4220-916a-60969bd4c40f, 3919 
39142 0f11bbfc-74d9-4bf9-a7e4-6c5a0e10db6d, 3919 
57245 a31512a8-c361-4637-b8a7-b27f1c16cf2e, 3919 
42830 e669646b-1e82-46b8-90f4-4474963f06f4, 8505 
243127 ccf645a7-08b7-4372-880c-b8977671dab2, 3919 
365505 6613bb25-f107-4b16-827f-69bcbbd0358a, 3919 
321322 b7ad951c-520b-4653-bf6e-463d27b97519, 3919 
348323 42c8727d-9fa9-4391-a640-6e2d52e98d63, 3919 
302894 77452244-3e00-4a07-bf7e-ca0c74986b0f, 3919 
186415 2b77950e-6443-49fa-adfd-ed27e4d34c67, 3919 
161738 febee73d-f0cf-49b2-b835-074a8f41c479, 3919 
353492 c3c798ea-b41a-4340-bfcc-dd973014b1c0, 3919 
344419 1b31d24f-2a3a-41e9-bfdb-dcda1130476e, 8505 
329575 fb9d71b1-ef61-4d26-94c0-c8e881900ef0, 3919 
374351 d89a8d2d-cedd-479d-adbf-e3a1d4ca03fd, 3919 
236148 64cc0b27-feb7-42e2-9a5b-cfcaf0ef8f8b, 3919 
204223 55a9710a-7ff2-40d7-ac6a-9e215e7d7e44, 3919 
181023 8c882925-59ce-428e-abab-dab964abd9cb, 3919 
154245 fe97d2b0-309d-4797-8763-901f155d13cb, 3919 
79458 0e1e0f7a-e781-4b80-87d9-dd1061eb12e4, 3919 
66926 a4bce152-fc23-4abe-be4a-b20dae230b6e, 8505 
152569 ee9f220f-b995-4b0f-8dc5-49e3eb975ae2, 8505 
145113 32675ca1-2b62-4d03-89ab-8dd6e32030ae, 8505 
203275 5c427931-6470-4863-a1aa-749c5bd93ccf, 8505 
45580 f253e412-dadf-4209-9096-15411e26ae08, 3919 
278286 c779a651-8213-4943-9ca4-fce9f96b1409, 3919 
275819 d013a8ba-bf9d-4739-99d4-ff39a644c3ea, 3919 
62104 ad960752-bfc1-4bd3-b672-bf04566ee546, 3919 
253132 bdf51b76-4b94-4ab0-8508-c5b64082fb8e, 8505 
342472 c89215d6-2e30-4c74-9eb1-8d0b660a0f99, 3919 
14714 93473fad-36a1-40d8-a4eb-299a1ce673d7, 3919 
297844 f00f822d-ef64-469f-b49c-686cfa968f15, 3919 
17417 fa48b3ca-3bb8-4b5a-9be0-e29ba41a6324, 8505 
72458 c32dcb8e-9030-4c7e-abe7-d07db72da9cf, 8505 
20929 a31f44ab-5d80-4fa8-9125-6aa2e4587e73, 8505 
67054 ed0f6cda-e0b8-4294-a6a7-fdda80ac7c96, 3919 
200541 d1580107-fd98-4b96-a3d3-289708ded1b6, 3919 
82284 896fb8ab-57f4-477b-acc9-4b377398a094, 3919 
307056 175a193d-8506-44a7-9773-93c6065dbee2, 3919 
18763 2f197eb6-18ed-4a26-99be-9f86d75a814a, 3919 
350690 6074ac47-0ad5-46bc-9432-de5aa174e3bf, 3919 
98869 13566a05-79f2-4770-bd86-8452f997ff36, 3919 
401214 4a3978ab-81c7-4a98-9a5c-4b92770e4ac1, 8505 
369347 d195e573-e4f9-4549-8f5e-dd14af4e77d7, 3919 
91839 928c4c4c-be9d-44e5-918e-50b64e77167b, 8505 
181221 167297ab-14f0-45bf-af01-bc64cfccbd80, 3919 
339178 438fef76-5259-45d5-bbd5-4b46eb240f09, 3919 
225747 bfad5a3a-aed3-4f85-b7cd-05a6b660cb35, 3919 
32724 99b70b4d-7758-4bd2-92d4-7f6d0236407c, 3919 
99930 f7172603-7591-42dd-a07d-87ab7a1ca869, 3919 
323341 257dc82c-c74b-4b57-b065-4e40a8ede367, 8505 
123781 e6ce7437-3e7c-478a-975a-d79233be283d, 8505 
142955 87fd6686-ec5a-415f-8969-a1405e883172, 8505 
358071 f1fa81d0-b959-44c4-87fc-a226f9c95cfd, 3919 
179491 fa8c2cf2-a863-4224-b891-4ef33ec1bfe3, 3919 
267351 b39e7490-5c49-4676-ade9-e489e87c358b, 8505 
333639 637f9f1a-6893-4d54-b67d-5d0ce27f1832, 3919 
93291 19d3c866-7b86-4898-b09c-6ee47d1bdaa2, 3919 
223746 0f476f80-1d01-4460-9bea-b4f88b4695c7, 8505 
348821 526759de-4b80-4a15-b2bb-7d9850deea5b, 3919 
173437 ba2d3810-2ebc-42c5-a360-5978ef61ff67, 3919 
118329 e3a6bb5d-e7de-4eee-80fe-a209e1d8aea0, 3919 
240460 72ce8373-6fc4-40cc-bddd-97b77a799806, 3919 
66495 4df6dbad-d42c-4b8a-8052-d8f0b8cbe9a2, 3919 
293396 17a54dc4-2098-4403-8a02-06c4ba4fad90, 8505 
100011 d6391a8c-5261-4b27-ad6c-02172dfa97d7, 3919 
76348 ae2c25e9-175b-4118-8f2e-ae02b715650f, 3919 
343529 4e085f35-4f6f-4f91-86fd-16c7a210541c, 3919 
390526 8306cc93-e500-42ee-99b1-b473ddd26c7f, 8505 
400672 f54ab6fd-fd18-42c5-8fbc-c90f5f419a2b, 3919 
195846 8f1e8852-d2cc-4c1d-a620-23b376b2354b, 3919 
282459 4d1c399d-5812-491e-8b76-b4437bbe13ad, 8505 
351600 c5ea910f-6fef-4880-9730-6b27c47509fb, 3919 
235659 9986276b-bd0e-48c2-a1b9-03a7488d3f18, 3919 
395840 788beaea-16db-483d-b0aa-a7d457f77a81, 8505 
73576 3785e3b3-affd-4936-bc44-df506b41a0b3, 3919 
6125 72f28198-c131-41c8-8e7a-5fb71ae6003e, 8505 
317900 0dc166a6-b1fb-4ae2-9571-2b4e41a8c0eb, 3919 
192712 e3c53c72-1558-4511-a4b1-bf3374f0659c, 8505 
238106 9e9bd4a0-8bc8-47fe-b9f0-fc2c5d6e2b23, 3919 
311205 58d4c8f2-f621-4181-92d0-5b8cf91e6d1b, 3919 
333412 400161ab-7b50-4e35-98cb-f1afa36556a5, 8505 
317637 4321baf4-d9e8-4292-a168-5219d7df3521, 3919 
134170 beefed79-97d4-4e09-befa-13055f953651, 3919 
360669 15ddbbc7-56fa-4318-ba3a-1ed272d13d96, 3919 
36817 92b107f0-6a00-452c-830c-baac4bcdcaa8, 8505 
360518 a7253d20-8af4-4df6-a5c7-7fb8da472ac5, 8505 
305771 84529778-8748-4213-b45a-3497fd4cd5bd, 8505 
243713 8fdf2d46-5a8a-4e31-9cc2-d3f05df9124c, 8505 
361549 85df0570-ce73-441e-bd74-63e8dfdf8bdc, 3919 
369478 3ac3d5ed-e587-4e12-b291-4f7e10be4b5b, 3919 
220940 309bb8d1-149e-44a9-a79b-a6802a99de0a, 8505 
23209 202e548a-74d8-466f-ab9a-7e3e4c7b84f4, 3919 
190165 238b5848-2755-4252-9e28-b627d7ac6cc9, 8505 
133509 c0c7df79-a45a-4f26-966e-92ca8d544e55, 3919 
157661 6146d992-6b4c-4213-a72f-655d097003fa, 3919 
299317 d2c5765c-866e-4ef5-99c2-758bbebfd39f, 3919 
231393 86a7163d-10a1-46c1-a44f-c31453bdf7d8, 8505 
388474 3d88db67-53be-4685-8244-61723cf6b487, 8505 
192798 a9b4be04-0994-48b8-b3a1-85538ab57d9a, 8505 
170737 f5a1b9f8-b07d-4e19-993c-23a7157e0c57, 8505 
317997 ff16d4f0-141c-404c-8daa-0d0d15265706, 3919 
402023 c2044b5c-181f-4c42-8889-45592beca1db, 3919 
283441 3c02eb83-e27c-4708-a2ef-9f4396c44d3a, 3919 
49537 b5ea0b0e-02ea-476a-a3cb-82a60d084254, 8505 
339063 126a0847-13b0-48a1-aae7-218cef1d8cc6, 3919 
116153 1297dae6-b2a7-418e-a4e0-c05af7a53d10, 8505 
202081 0c92f22b-1b3b-4ff6-8182-d8a51f3cc2bb, 3919 
236611 026e91b9-47de-41de-9e90-76c8abe167ff, 3919 
400573 a4f7a62e-6d3f-4f3c-a046-30af2c2f93c9, 3919 
170383 a5e30bb4-cbc1-4ded-8f9e-f41d0ccae1cd, 8505 
374443 1d192b77-b7c6-4ac2-97d5-5de480b7d9fd, 3919 
314905 1ba8d270-9ee3-4c02-87d4-319eac8aa6c2, 8505 
374539 3ab33664-7e85-4ddc-901a-d7d43f4a7b1c, 3919 
257659 06c83e71-8271-4e69-be5a-41fd10b4655b, 3919 
359798 673feb44-7d13-42de-8e61-dc862ce257fa, 3919 
195981 b20288f5-0249-4605-929f-9f2b314617c0, 3919 
284937 01645470-eaa3-4f39-b7b1-60604626a4e5, 8505 
224160 227f8c14-66ab-4466-a0e0-6e30c5797c48, 8505 
120085 3a83c5ab-418f-40b3-95ef-3172ee03dd53, 3919 
177364 6dc62aac-1f77-476c-9991-dda1c98120a6, 3919 
10294 7182f1fd-44fc-4fc1-8893-8f9046458279, 3919 
165329 2f386b84-22cb-4242-b4ae-0bd39dbbb6c6, 8505 
63223 8b3514c7-4a6d-4deb-8e16-0e30ad3c36fe, 3919 
43440 3cd83d93-5c89-48f6-b6ba-b744841b8259, 3919 
130488 008c5c3e-e12d-4cd2-92c1-ec753ab16831, 8505 
160749 8430201e-6e7a-4c67-a6f9-aeb724073092, 3919 
133306 dfd3d12c-637c-452e-b6cb-8a6ca863b954, 3919 
133209 4682376b-5f9c-4ccd-9107-c4a10073ce22, 3919 
16448 1d7f5f3a-4e12-476e-9d9c-a0b62c765c32, 3919 
184766 f6187230-5253-47d1-9812-877ef1eddd3f, 3919 
17160 91face83-9579-46a7-9200-d717a7af86d5, 3919 
216937 1611c047-7465-44d1-ae4b-9747ca97838d, 8505 
130603 41fd96ec-5147-4ff5-a8ce-59622f688717, 3919 
23732 673ed5fe-1a96-449c-a097-4ef0025961bb, 3919 
307194 567e8a05-ec71-456d-98ad-c789bf4f7a51, 3919 
383067 c31cc284-1e78-4ae0-a53b-f8f7fdef1129, 8505 
145356 930981af-0eff-4dee-b062-8748d3ba0c69, 8505 
394197 1e3e85ef-5a3c-4aca-9549-cbfe959c8570, 3919 
385883 0713eaa8-aa61-472d-9e7c-414a03bc9bdb, 3919 
365453 de8ecca5-406e-4550-bdd1-0b90cdc5f670, 3919 
398730 3d47c806-1860-4918-9b35-a7908d80ffc6, 3919 
369584 a49f1a17-13c2-4b35-aa85-6c8b318de335, 3919 
153914 7347ccbc-009d-467c-90ab-bc716ce7d674, 8505 
290820 d9742f1d-d3ec-4010-96eb-09e4d8f5fb82, 3919 
100292 7a089f15-3198-4426-a7be-e489c2171a30, 3919 
251852 94c8cfe6-5263-4569-ba09-7a4ec58d1fc8, 3919 
23405 fd301eb4-a9a7-4af2-ac3b-79d0bbf43829, 8505 
269958 10a4aaa7-0eb1-4e09-a3f5-4e42ab70dc09, 3919 
166283 594d9d21-8e8d-4327-9d49-5de4249ff30e, 3919 
352202 acb9f93c-6c05-46ba-96dc-d3024ef0f068, 8505 
142681 74969031-cb2f-4b2b-b12d-9a57204d4520, 8505 
255847 4b751286-cb99-4bc2-906a-d4b3801df68e, 3919 
272398 bf354567-f3f9-442f-b350-bc64a47cde88, 8505 
49719 4d586eb1-2831-482a-8466-40dd1c360ec2, 3919 
373364 f26b5876-7ad3-4dae-98d2-a0e7adfbcdc4, 8505 
212107 85935052-65e1-41ab-b4a8-933624455e0d, 3919 
41035 f3fb5ffa-6772-4cb3-a378-20214d20e121, 8505 
351884 18a8039d-954b-43ea-956a-08e1baafe0c2, 8505 
225765 cf4f3a87-38a3-4b5e-a96e-9764fcb9dc21, 3919 
27405 a3b8d7b8-240a-4576-8e9c-c86e3806f38d, 3919 
383629 bc827fbc-56ef-4a14-9dbc-fdf4adea93b4, 3919 
160529 b0385d18-9c26-4a7e-9a22-d825af45bcd5, 3919 
301570 396059ea-e1df-438d-8731-e65acac8ff27, 8505 
302763 26ac0f84-88cc-4a3e-9ed9-1fe7e414e899, 8505 
374040 c8c2c68d-bf39-43eb-8384-c64232d947c4, 3919 
361450 3a5e84b8-2ccb-4b06-bb49-7790416ee0eb, 3919 
59821 315145e5-147b-4998-9cf5-0511fbeaabee, 3919 
298183 ee17b287-f911-4544-83be-0fb9f51b969a, 3919 
18738 3f0c1b91-653f-4abd-bc27-e0d98003bbb4, 3919 
239115 4f00d967-7f37-40b4-9977-ba9fd8015c69, 3919 
165077 6a5a0b3d-aec9-4668-8843-9d25f0db2d35, 8505 
84588 265b80e1-71b1-470d-81ee-bd2c285458f9, 8505 
3968 8cc73e70-0e78-4403-baf0-cd1bffe010ff, 8505 
240326 7f91854e-b3c1-4f9d-9e86-30ae86db305f, 3919 
32591 2a2a0956-00d0-45ce-b143-41168ec0eb67, 3919 
166485 ce784fa6-2131-4b3d-979c-4d94819f5cbf, 3919 
390870 277a72f8-3671-4b73-b827-f0479eb25f93, 3919 
206045 5743db35-b2ae-4e00-8467-e15ee9b949ad, 3919 
131678 01cfc83d-89bf-40ed-ae1b-08d5eac2d06e, 3919 
116050 5b4346ac-a148-4d0c-b237-0ef0e96fc1fb, 8505 
387511 d6cffd48-eb24-43c7-86db-e1bd295b49ff, 3919 
244663 7aa1dae6-98d6-41da-8336-c28bc7052d15, 8505 
375016 49dfdce4-acdf-4ec0-8778-fa75e7827c39, 8505 
179805 0cae218e-6512-48e6-822a-fa7bf503a637, 8505 
264418 ec6432d3-8e11-4661-86de-4692a5f52a9b, 3919 
171971 cf445a92-198d-4532-983a-9a6a7d2c3bcb, 3919 
176627 05bc4cb1-d4a5-4c69-bb47-453bae9e68b9, 3919 
256322 8bed8cd7-4469-4b3d-801d-e07caf0e916c, 8505 
332591 d2ed43b9-95a8-44da-bcde-203d73c95db8, 3919 
79200 1459cad4-13d1-4703-81ba-c2708fcb551f, 3919 
103645 b8ab5a63-8d24-448f-b7fd-7e77a96f2d77, 3919 
357736 6cd0599d-ef2d-424c-8f05-a4349ed3feea, 8505 
264590 a4fac95a-a8e1-4bec-9934-b2da8e8b57d9, 8505 
314045 d55cd979-88ac-4090-a869-19e9606e5c69, 8505 
76897 eedeba92-486b-4302-ab38-ee03e3a20344, 3919 
369428 96298643-5fb5-4219-894a-0a2a90e90564, 8505 
401083 8ba99977-7321-445e-bded-946de4497bc6, 8505 
149442 67055509-bafa-45df-8d86-187deda97cbb, 3919 
187272 b4f53f28-c672-49c9-8643-3f48b766e812, 3919 
195819 0b45c6d2-eba5-4570-9d01-3a3bb5ceef38, 8505 
44634 be355c0a-0236-4af1-ad54-b16673e252f3, 3919 
303180 dba0151a-8bb8-4286-986a-4e08070e9573, 3919 
154925 bca52376-52ba-4451-a73f-738429f03223, 3919 
278889 00e49363-1944-46b2-824e-a5c307e40abf, 3919 
325476 d9b7b7dd-9bd2-486b-a48d-ada474cc0889, 3919 
315298 1b791789-e29c-4cf1-add1-13048b972ed1, 8505 
217304 2b1641c8-79c3-478e-81b4-f27f486b0682, 3919 
104382 2dd51104-d5f3-41f5-883f-172deddc0fd8, 3919 
40069 2f93376e-aafb-486e-a3ee-585c9c50f622, 3919 
352230 a2697027-dadb-43da-b497-5a7192752d23, 3919 
16915 9141618b-e1cc-4af6-b847-3f5d0847caf6, 3919 
66479 d8bf6751-c859-4e09-960f-b364bf4c9b15, 3919 
292912 5833e662-f010-4c87-99f7-ebd17e1a35db, 3919 
14724 cadb91fc-c431-427b-91f7-9319ea57a6f6, 3919 
248997 51cf1afc-28c0-4656-96f5-df2bbc5d20c2, 8505 
315928 743e56a5-a529-4191-ba94-bfaff5ec032b, 8505 
10117 5265b74f-454b-482d-aea6-7f36dcc4a0f8, 8505 
229884 53f46df9-bd6f-4a03-a8fa-2632c499d888, 3919 
114826 9bd4691e-2c44-4156-afb7-a838ec3fe713, 8505 
217997 6fb766d0-64b1-4277-b732-c94f5084ebab, 3919 
143336 90ca4ea6-0efa-42cf-8993-f1bf266c90be, 3919 
161164 d1409cb1-edf9-49de-8da8-54f6d90a57cc, 3919 
222675 ec197b6c-b4f3-4ed9-8e29-c02a3cec08ca, 3919 
62294 aede8333-060c-42e6-9888-246e94f21937, 8505 
301329 0f805108-aca7-4ed2-8746-8c34ad027ed3, 3919 
187848 c08469a4-e2d7-4997-97b9-a6d6e5e0331c, 3919 
74849 17bb4779-65b0-4d46-b4e4-8d5ef3c161cd, 3919 
261900 0476f481-301e-4ef3-bbc7-dc2896e03753, 3919 
214340 d1280bdd-6dad-4703-80c4-d41a748a77a8, 3919 
373442 65fcc500-ab21-45a2-8f74-8b77f41a5c87, 3919 
354121 988f6c76-5036-4c17-a65b-1e66de833a36, 3919 
140161 c8eab247-b482-4184-a739-a45fd47610a0, 3919 
256587 7cc11792-92aa-4955-8835-9651ef841446, 8505 
158193 5cd80938-e575-4cd6-8338-9985679816d5, 8505 
236264 7cb322b4-8083-47fa-9546-4070d50bd367, 3919 
63476 d753f591-92d3-41f6-9790-5d21a898a445, 8505 
235712 f343212d-42d2-4cbb-817d-a182fe553969, 3919 
167179 ee8d6924-5d7c-4ff6-98b9-54e55de94569, 8505 
262539 df85c176-64ff-4123-b2df-39d5d7c50e3c, 3919 
162902 ebde9608-0181-42c7-8323-4085c4ef1574, 3919 
150559 12e9d80e-8bc5-4793-89c8-6be97daf646e, 3919 
177221 f2a9d070-b036-4c17-bda6-58a8c0e94130, 3919 
381198 7327b91c-9c5c-472a-9e8a-c03f5414b193, 3919 
315808 085d3da8-373a-46a8-982a-3900e1b6a9c7, 3919 
1550 e8c2b0c9-8def-4a20-b930-ed1cc8a52629, 3919 
311401 3ab0fbb3-75b0-4171-a4fe-1d7c7ee4a90a, 3919 
213477 1dc5e31d-f664-4021-a05f-ab6d0db45541, 3919 
140397 7d814ad0-9932-4fdf-8d0e-7ee92789b7b3, 3919 
276514 9cdfab00-d0aa-4e96-8ed2-b4c5849bec68, 3919 
258518 d81e7635-f98e-47e4-a606-534f4bbc4b16, 8505 
99155 43f3bd24-46c5-418f-8f69-d90d0b009ef8, 3919 
304565 a2b1c351-f083-4b08-a29e-57814d0eae76, 8505 
224095 f034873d-566e-438d-9d26-d0fb6ae67264, 8505 
154934 001b183d-c362-4c07-90f0-5bfe0725153a, 3919 
217300 9c6c2662-0bd4-45e8-9de0-ae6dfabcd2a5, 8505 
401580 d408e236-0878-4ba0-a004-4742a07d7d3e, 3919 
238510 ab3ebe0c-0f57-4b47-b1f8-48aea8bad735, 8505 
78169 5bb386bc-d81b-4dcd-b236-b6a97a1c7b47, 3919 
383701 d1e13409-5e86-4722-a7bf-d1700144ef43, 3919 
349755 9e850a18-14f0-42be-83b2-86e453769cc4, 3919 
356917 0672c708-ec33-4338-8c40-1e4a4da5791e, 3919 
332097 ca3e6dc3-dbf3-4159-bf7b-fe228dc76d0b, 8505 
96195 26f5e628-39af-46bc-9698-a236814f0f5d, 3919 
235380 b18e5ea5-769a-4d1a-9acc-cc4d656a5e90, 3919 
42561 728424a6-fb0f-47fd-8cf0-899a36b082b1, 8505 
158810 fd81d7a9-4d45-407f-bfbe-737316eeef05, 3919 
293271 bca7eaaf-9fd4-40f5-919b-3ed16f864db1, 8505 
191839 da18c5bc-8d82-4c9c-a729-2f28ebbe4384, 3919 
190820 aa7e2493-5073-42ec-87c7-9b57f4a7a045, 3919 
236597 4cb78639-84fa-47ff-9c6c-c21c61697a25, 3919 
164187 f033debc-4be7-4b49-bd25-6cabac4ba7d3, 3919 
296805 737a192a-07bd-49d3-935e-72bd2bf96a1c, 3919 
230429 c2dce7d3-e136-4828-8661-357e43083f47, 8505 
5859 fb9d305e-f578-4263-ac95-44573da4066d, 8505 
126600 41354c90-a741-45b2-981f-a44d7e6bd8cb, 3919 
195190 6073be66-5a41-4f0c-890b-b54fb89fc9a9, 3919 
90048 e2033fd6-3858-4079-9787-d7e3934548b2, 3919 
186233 45aee69b-ee53-49c4-a1d0-3e475d98e865, 8505 
297246 bf1e3843-6cda-490e-aae1-1647baa5bf67, 8505 
326756 f1e8e4f2-57d7-4271-938f-7f2c72e991a7, 3919 
112206 5087de89-26ef-4c44-bb9d-4f1b09b6b094, 8505 
125896 991630d9-6f2b-47a0-bf01-afd0cbbb3299, 3919 
7350 570b62c9-8bda-40a1-a06c-b1dfc01cdc08, 8505 
25619 42b8edff-b9c3-4961-9c01-ff07d06c38b5, 8505 
228745 b26c53a3-f93e-4359-b88f-de4303986dea, 8505 
261745 a583d17b-821a-45e0-8ee7-58657203d234, 8505 
118649 8abc028a-ed1c-46fc-af19-bd5b0d0b09e5, 3919 
3545 4e05519f-d13b-40dd-b80e-51ccd15e1b92, 8505 
273683 37d76ea4-4068-4ee4-8e18-c94588ecf93e, 3919 
108994 78001063-d588-4ca9-b636-2cdc8e27856f, 3919 
52538 08f8b911-a656-448a-84d9-408a363f6677, 3919 
57305 ceb6243f-a39d-4d58-8dc3-a52d9bacbc4c, 8505 
11522 eff0e89e-ab64-4502-bbc8-fc9d8f3153c4, 3919 
107465 f6925034-e991-4460-ae6c-1adf39d413d9, 3919 
19049 1289e8f1-8e82-4f23-8c2b-e03c87d8bd23, 3919 
250101 662da14b-9b45-47b3-aa30-ba8c9e35b24d, 3919 
366851 ea761cb7-d114-4cd3-a666-676b48da4d3c, 8505 
381398 dbb27f02-d0f9-469c-8759-3cd23227366f, 3919 
211730 909b685c-894b-4374-8d78-b7cd0cccd61b, 3919 
328788 4f221751-cbc5-4b95-bf4d-fd4e45e0c827, 3919 
301100 1cb87f86-6e49-421f-87ad-99dd62eeadb1, 3919 
179230 2a5210f9-2584-4b18-ae2a-fc526e60c072, 3919 
303014 394b7594-35a0-4f3b-9060-9d22e912dff5, 3919 
202530 f95dd6ca-78c2-4dbf-8dd5-f3f79816e1cb, 3919 
135453 10899383-a497-4804-9172-fdab589b955b, 8505 
245469 c5fb51f5-2e64-420e-b040-2859e6960ecf, 8505 
14347 854bb895-b07a-4da5-91a9-26f5e1a3e3fe, 3919 
173938 ff49a800-36bc-42f0-80e2-881da895bb95, 3919 
166631 83ed0f32-232c-4bf0-a8c4-0c9d87d7f4d3, 3919 
58051 fd72969e-3ae1-40f1-bb9f-922a686a91cf, 3919 
65399 35adfe3e-cb12-4d8b-a4d4-17b966c1513f, 3919 
341779 8e284f73-17d7-4771-8f5c-f11aa4a98c85, 8505 
330273 f1093319-adca-4242-a755-d4e0f27527c4, 8505 
399792 64ba1850-0aaf-459d-89d6-35be41d5458c, 8505 
105207 1933960e-e3b5-4bd6-8989-9d9266f2209d, 8505 
138647 5094a277-8100-4f2b-8ce4-f39524c96ae6, 3919 
73393 a693a7b0-6792-459f-966e-9e2db9bfb4f8, 3919 
387010 c4d3a818-9d26-4edf-8fb8-2e4b14e4787c, 3919 
200722 97727a9a-eaf9-4e5d-83d8-84ac675e3a66, 8505 
369491 12093f5e-a46a-4c15-b7fa-2553c24ea815, 3919 
168939 ebd01950-81b6-498d-a979-33f4037a7052, 8505 
16718 3a0cddf7-ff65-41a7-a0f5-b9ff01cbd1bb, 8505 
128147 ca628184-692f-4f15-8d70-e981178c42a9, 3919 
261374 3e5647d6-7252-476d-9ee7-0455dfbda04c, 3919 
283418 92dcb947-8eb7-4d43-bb81-4715c023aa22, 3919 
215058 fbf14706-2577-4b23-a253-534e484a8932, 8505 
301559 053f57dc-52f9-47cc-a0b3-b9bdac4ad2e9, 3919 
280707 8f002d96-a286-4afb-b612-5ea1fc374684, 3919 
179766 0b944fc0-1415-4158-8ca9-66cbc660cd36, 8505 
41945 259b1351-1df7-408f-8ec5-0cd200e3ba75, 3919 
306418 cd2dd61e-936f-402b-bcc7-cdb3171112e4, 3919 
108743 9f75928d-d7be-432e-9591-b077dcdd7400, 8505 
100307 41ffd210-7279-4e32-af42-15eb972d7aef, 3919 
333826 474a50a9-e0d7-4ae8-aed5-7acfdd323fdf, 3919 
236826 f8373e5d-fdf1-42f7-af6a-875a839ffabe, 3919 
23326 48ce460b-ac06-4291-bcb3-b78aa2409f04, 3919 
194044 970e6985-e639-4779-817c-5ad7f3f911e1, 3919 
328876 d170a963-99bd-4ad9-a2b7-e17f81be4948, 3919 
96273 b2e06f8b-8a35-47fa-8121-b5e0cb051d2a, 3919 
102559 8cb7e7c3-d7fe-4116-b01d-620beb068eb4, 8505 
336759 84c6c616-a759-44d9-b6dd-5019c6c9b004, 8505 
201308 bd2b6a0d-b021-42b4-8fb0-8e8a6900e39a, 8505 
332995 b04b3835-0810-4ed0-a7ad-edea6f58d90d, 3919 
337266 a4ca8023-576a-4b75-9cdb-3fed9025ef20, 8505 
257352 6332b1a4-347f-4158-b4b6-bf3542da6448, 8505 
56527 55e8d80e-e53f-424b-be07-ecf8e2998f76, 3919 
118776 966ef899-a458-4acd-9573-567d38a9006a, 3919 
305287 af4cc607-1ce7-4441-87e3-81209b965729, 3919 
395307 9f3c1e2b-ca7f-495e-8a40-894dc3379aa0, 3919 
63290 3ac05c89-ae08-483c-a6da-7983e40e11eb, 3919 
47389 844ac5ba-0046-4ef5-8830-f6563616248e, 3919 
74014 9568ff61-8829-4fdf-a22f-1c93f5f7c4ff, 3919 
393186 e0181469-9255-4934-a092-af2d203365fa, 3919 
193694 012cb2db-fbed-4982-8665-b25800175b18, 3919 
397811 f214e1e0-dd32-4a7b-90f6-d4810b3154e7, 8505 
7595 249d4f0f-10e6-4e89-abb7-9757538adda0, 3919 
25641 d97f784f-692c-417a-b2a1-d608c819a6fa, 3919 
6331 5f142e86-4c97-4dc3-9640-c3bbbfa48699, 3919 
304572 78e348f5-6434-47b6-882c-065d650c400b, 8505 
209893 34062e4f-4382-40ca-b89f-e6b5923d0616, 3919 
195235 69e5110a-e8b5-4a77-9d3a-6c5764c400b9, 3919 
128129 e48c21d4-0ae5-47e4-a922-fa55d623ab73, 3919 
45859 2b6caa7c-89dc-49dc-a874-4cadab27e342, 3919 
376118 81f5af83-d6af-42d4-b6a4-c65dfccf4690, 8505 
262358 01e636b8-c012-4090-bd5f-9385d40664ca, 8505 
264490 f7488e79-d832-4134-8be4-07dd5476cbfd, 8505 
231591 74db673d-9c9d-4f2d-8cf6-c3ef3530609d, 3919 
187562 da46e5f5-32bb-4e84-9887-0772a79b6dad, 8505 
120660 5100a2e4-7514-40e0-9f6f-e714e9a75ccf, 3919 
251234 9cf62f81-f359-4d66-9039-9eca10adc651, 3919 
43776 925cc1d5-c1f2-403c-867f-f52a68c5a5d3, 3919 
366931 fb9e622d-7eb2-44e4-bab0-61146660a6d0, 3919 
165605 4a77f74f-0e65-4c83-9de6-8b72a6850085, 3919 
397047 2928f4ad-7577-413d-a30b-52139ced2c40, 8505 
189471 6d9b2daf-f14c-46ac-a92f-34001895da18, 8505 
289437 5410d439-6eca-4241-895f-e1b1e4809b7b, 3919 
44804 50fcb73a-3c31-484e-a435-6127315727c8, 3919 
13508 093cc257-3bba-414b-ba79-0f9d75bc7a03, 3919 
167382 9ba4edf0-f2d8-46cb-ba8c-7027d38e9e9a, 3919 
380129 b436c41e-904d-4e9a-b181-1681102aa96f, 8505 
283021 cd000d56-1f10-43b9-bf9d-0eb4bcfa3c2d, 8505 
28971 cde4b476-c420-4b29-b46f-202ac86a6cdd, 3919 
171537 07a680dc-1491-4d30-86c6-b520d14f97f1, 8505 
343820 a4789174-bb73-4104-8508-3d5d7c743f71, 3919 
235501 3c380aa7-5613-4b62-a730-4eef0ff5d9fe, 8505 
142636 4f901a6d-8381-4e25-9cf1-aea6ccba22fa, 3919 
353577 90a6a9ff-6e1e-4d1c-9370-c6d2c732804f, 3919 
91801 26bb1d14-7af5-44ba-a330-1d75c052cff3, 3919 
293753 224d0aa6-9c92-42d8-9e93-dba6293c5e5d, 8505 
213913 55681dcc-691a-40b2-861e-6c123307076b, 8505 
147860 c08d97a4-4d62-40a9-977c-5a688d720af0, 3919 
313946 54d51c55-88e6-4d5b-b6bf-8a9c292b0c16, 3919 
372730 767818ca-4140-4a30-af52-8c80641df308, 3919 
323261 459cbb16-ded1-4e8b-8933-edfd74fe76ca, 8505 
183076 cb719487-5391-4705-a0e8-1605579d9364, 3919 
151164 504745a1-2b7a-48d4-add5-2a4b17e3cce6, 8505 
383365 0393bfdc-8bcf-4f51-9046-dfbb90c613d7, 3919 
69758 36820870-8fa9-4caf-8daf-77c71096bcf6, 8505 
374836 922cc92a-bdcd-4d6f-b342-5394f771bf86, 3919 
46293 b46194cf-a148-4afe-9fb0-04ae7c9d5bd4, 3919 
271271 31ce9415-734d-47e9-b78a-79549f9a417a, 8505 
13487 a5f46b90-bae3-4f6b-a5b0-11738268f524, 8505 
210832 5c79dcdc-cc4b-413d-8a73-4aa663ab5279, 3919 
143348 91095790-3fba-48f5-bd70-a8b48e767f7f, 3919 
154373 70690045-6855-4b42-a240-c5f37601f407, 8505 
192475 37ef6690-e7dc-4944-b0c3-c5afb9c12dfd, 3919 
39025 6d89071e-fd7a-4ca2-bccf-d81602e449af, 8505 
252397 371bcb2b-566c-480d-ba73-82812ccb62de, 3919 
109452 79776971-ff4e-46d1-8c47-ef8be64fc017, 3919 
24698 932f7a11-dc45-4135-84e9-29b883174a7f, 3919 
74938 3e00eace-e1ce-4238-923e-33647e0dbb6e, 8505 
265147 e53341ed-d4a0-4384-a8e6-ce6d28f7f903, 3919 
370753 3b5c4c9a-184a-446f-8981-c31aa0e5e591, 8505 
308751 069bb47c-1c0f-4477-ad01-848a7944672e, 3919 
376769 3bd37027-ce85-4dd4-9486-29d2fe8b8816, 3919 
310590 668842a9-1308-4728-b072-7d5299a2f671, 3919 
182274 d8a15536-fd15-4b4a-b4de-57f7994991b0, 3919 
288605 41236836-ef2f-4151-bd8c-fa2ad1185039, 8505 
206124 2503cf07-046f-4f0e-946f-0de3dc1e9c8c, 3919 
248259 54d271cd-9ba1-4644-817e-bd30ff147577, 3919 
101149 7e966630-f8e8-453b-8d82-81656020099d, 3919 
335125 af8519bb-b2d0-440a-b42e-9b733744f27d, 3919 
199674 e5fa9be7-50c3-4f89-b151-b7d749fd51e6, 3919 
216684 d9943981-7101-48ba-a0e4-bf1d3f75a386, 3919 
224950 7b9f396e-e5fc-47d1-b80e-f40dc16b1764, 3919 
77718 bf3ade04-d6a0-4a6a-9dee-5f80d192e21e, 3919 
304240 6e1d4cd6-9723-499b-bb13-fe48757a944d, 3919 
60538 f96480db-250b-4a48-974e-21f4287510aa, 3919 
180005 4dd8b27c-cf7d-4d6e-9728-2d41a79506e0, 3919 
236487 9fd168a0-12da-4acf-9af6-ad1bb9c7a471, 8505 
130950 01ccbef1-72f1-4776-99cd-d903adfe4d27, 3919 
40611 d0223d6e-ec14-4089-9410-fc4974435b41, 8505 
340891 c97492be-e8c2-4f33-8bd8-4499dbe0fc5f, 8505 
318863 8ea6e300-0fbd-4044-a88a-752819a3ac37, 8505 
292240 e2ab33cc-b23c-467f-af84-84a38ded299b, 3919 
62789 05383e85-dfcc-4fae-b341-aa5430db124d, 3919 
28708 adf85573-4a5f-4f3d-b725-23f32e3d826e, 8505 
62565 b53a86be-e81a-4aac-94aa-3e671dec890b, 3919 
73946 169aff28-c211-453e-a4da-3e179bf5b76b, 8505 
319208 b25b4fd1-f44a-46ec-973c-90cd4abbf2cd, 3919 
127231 877c67f7-be3a-49a6-810c-c89710d2709e, 8505 
389345 2c89131d-6b04-4dd4-8797-d7cf7ed74771, 8505 
137606 c342286d-af43-4621-afff-08aa8618caa2, 3919 
22831 f93ec015-764f-4789-b96e-d9287a630997, 3919 
67994 71b1abe2-a957-4b07-ab83-bdac1acd7a2b, 3919 
242328 8871d227-37d2-4ed1-b190-58bf22a8b643, 3919 
32614 c27eab26-8d9f-40c9-af42-81bc40dee8d6, 3919 
96681 411899f4-e1f4-4204-b558-7d686f319e91, 3919 
107338 c84bf905-05b3-4e13-a62c-52425f8a92e7, 3919 
215280 a00f5217-379c-44a0-ae09-73d7bc3860c6, 8505 
243204 fc3e68ec-59d2-4213-abdf-ce052147cbca, 3919 
269605 c07b3509-e607-4cab-ba5d-39f555337af2, 8505 
316681 9bfe4e72-20b6-4d56-8be0-0e7df175092e, 3919 
281077 80c796c1-bdd0-48c2-ad41-8db04ce282a4, 8505 
271601 05fc66d7-cafb-4b24-b455-20625143c4a9, 8505 
68175 c58d88c7-cea3-451e-ae74-a199d2a41cb6, 3919 
9821 2bf76c7b-e9fa-4148-91ea-81a495937396, 3919 
352298 601950ca-e905-4fba-b913-50590b1ae2f9, 3919 
126673 64cc38db-d101-424a-a635-16647a506d5d, 3919 
304420 9c5483de-6c65-4efe-9f9a-83f7254b8906, 3919 
156290 f1f7d983-caff-46fc-9c36-7dccf853e222, 8505 
61338 29c27052-aa44-469c-8ee9-a504d8667d28, 3919 
31499 cfa62c0c-146c-4aa2-ade3-c3cbdae209a2, 3919 
256922 38832c6a-0584-40a4-8e61-f86e35ddb3a1, 3919 
308372 25aefc56-7b72-43ac-bbe0-9718104f2722, 3919 
165677 e63d0197-850c-44c2-9d92-58fa5de5bb6d, 8505 
178643 86313a63-fe2a-4042-9578-4d9f796e1c79, 8505 
230006 10218af4-0300-45a4-9c69-046179d66845, 3919 
308659 0c0d1212-69c3-4ab8-85ec-4c7a047cf251, 8505 
162886 0922dd0d-34bc-4645-bcf4-00d3d07c80f4, 3919 
56049 bf007ecf-1b91-4ff4-83c3-39d478e4b643, 3919 
334919 1d91c169-23f8-400d-ab31-8b7d47d47c7a, 8505 
230909 c09644d6-f778-433f-868d-b05926153c87, 3919 
349322 6e55098c-98d5-4148-96c1-e57b0e669271, 3919 
201495 2d8742a7-e664-4959-9dd8-812d93e64335, 3919 
325968 44acc50f-9404-4d1c-97fc-c06abf4799c5, 3919 
271431 95e61cbe-d2e9-46b9-a205-23ab30a52d56, 8505 
365784 58b58e66-09a3-48f8-b524-43d0587b5a67, 8505 
271982 7b2ed850-8a87-484d-85dd-ba73032e18d8, 3919 
23597 f267e2d8-cc84-40e1-bceb-926252051997, 3919 
212257 a869478a-fb87-4f92-af53-ca13cfeaa1c4, 8505 
316447 f2fd7aa4-fe60-45d7-901c-43aa4df24d1e, 3919 
148327 52993134-c0d8-48d7-a57b-45056c150384, 8505 
125971 dd6b9232-32fe-4fd8-a178-5532b092d45e, 8505 
248634 1b011378-95a8-4d4c-81b5-b9ab69f8d20f, 8505 
323970 acb2a466-77db-45fd-a92d-c16086cc0dff, 8505 
190423 93530da8-73f0-4edb-86ea-c85572fc440e, 8505 
119558 875ccc6b-f9dd-4a10-9e98-966d2a2d6abf, 8505 
26905 364352dd-7cbd-4354-bf61-9b55719eda04, 3919 
163993 f8bc828f-5ac3-4cc1-a1cf-63b354d1016e, 3919 
291095 f3650012-c158-4463-b911-bef49a0c38c5, 8505 
217090 e94c7c39-128f-4a7d-8c0c-5ef92985e830, 3919 
69980 2d9e911c-1c9d-4f29-867a-1a782227b716, 3919 
176167 477875d2-781e-4870-a59a-7395715ae326, 3919 
232767 b4cd636c-9e1a-4c22-9045-0e1fdb4db39c, 8505 
339301 20858304-96ab-4543-8b16-aa2667b7f59c, 3919 
247694 3d2adfd1-5e96-4848-a5ed-730da3924481, 3919 
141689 3ee52f73-24be-40e3-a015-c3e31151e177, 8505 
251067 05586620-8dfe-4d96-aa70-76d8295ba27e, 8505 
94481 15991444-9bcc-457f-8c83-8df61c7ae810, 3919 
348695 9667008f-1077-4d7e-b249-33e3199e3238, 3919 
386492 68da5b55-87d8-4360-8cda-846a023dc4f5, 8505 
190906 a715c4c5-94d2-44e5-b145-46721ddb3429, 3919 
368481 e9a4416e-9bec-4a64-abd4-c26da01eab6b, 3919 
219790 ca1f987b-9bdd-4e47-8e49-f7553fca6052, 8505 
83179 7521b131-66de-40e3-abb3-5bb8b65d88be, 8505 
223959 61040430-40e6-4ab9-9c9c-63c88b55de9c, 8505 
202463 09b479e9-dc5b-4a28-8f99-d40ca7552471, 3919 
306905 604f83f8-6adf-48b2-97d2-a67fe4a4d70b, 3919 
386749 7240cffa-ca02-4047-9974-6919d19306de, 3919 
297255 5ac6f16a-6708-48ca-85d5-a337f4dc29f7, 8505 
105486 ae415f17-e38b-4976-8510-245fe5e2442d, 3919 
100267 a3eb37a8-99ee-4cbe-b697-dd28058139ee, 3919 
344600 73b2c815-ab43-47d4-be9a-5599f3380539, 8505 
382235 f0dbc165-57fd-4b1e-a6aa-234675030474, 3919 
314125 90d746e4-17b9-46b8-b702-2e1bad711443, 3919 
43215 22745dec-afd4-49c0-9efe-d13c58e07fa9, 3919 
149917 7edd32c8-86a4-4ad5-964a-0c855b3593b5, 3919 
128069 85873570-72f4-46fd-9b8b-0add8540c25c, 8505 
124581 4596e534-e795-4417-a886-271752e6fe8b, 3919 
55420 3c133f58-486a-410d-8b88-1370f7c3a0f4, 3919 
201888 046b6f07-e199-4659-b1fe-fb4a06e823d0, 8505 
35917 fd7e6ee5-ea7c-461d-a651-e5d3063f53dc, 8505 
32276 a04a2b94-d764-4f56-ab43-e510b7cf563c, 3919 
335807 29f24ef0-28ef-4cdf-b93e-8905dbdaf6f1, 8505 
340038 6faa08f0-db6d-4bf6-9def-53911da07a0c, 8505 
59027 39d59962-6924-4be6-9704-c7ec609c50e5, 3919 
352437 4dba2c51-586e-4d07-9450-7969c50d21b5, 8505 
190549 abcc5c22-1d4e-4511-8d48-5f696a67dcf4, 8505 
376451 f354ff84-4b56-4601-86ea-9617c11fab5c, 3919 
238083 03d662e3-f68d-4a2b-b97a-6a5ecba114a9, 3919 
225552 f283b574-e746-4538-80dc-1069750d8e5d, 3919 
16420 24f540a7-fb85-48db-95ce-4baa229272a3, 3919 
296350 b1a249fc-35a1-4d33-accf-9d90b156d3e3, 3919 
24660 29da904c-be43-4137-949f-c8ec11b061ae, 3919 
194769 e2834946-f015-4ef4-947d-ea73e9c76df5, 8505 
316078 dfe63926-2d19-40cf-a4b0-cb559b40e786, 3919 
195794 be28b51e-d62e-43ee-ada6-175426136d74, 8505 
299029 0262846d-6379-4c1e-b684-56b6b12c20ef, 3919 
151390 138360d4-d65f-44b8-a79d-47ed83457816, 3919 
402452 c56dab89-d959-434b-9c85-087d8df3d056, 3919 
256265 0d3b9bd5-3eda-46ce-81fe-e80e75fce62c, 3919 
15810 5703dfb3-8a35-4e7e-96fc-575d5ff918d0, 3919 
44461 38f30466-0b88-47ee-b429-0f53f3dea904, 3919 
235526 d9b8fdd3-e76d-42b9-83d7-fafdff73f991, 3919 
356431 2e394017-4937-40f7-bc39-27dff27a34a8, 3919 
317895 f3f558b3-addb-475d-8352-2ebe297a310c, 3919 
297180 1bdf9568-cb5b-47ec-bfb3-05462f7cf981, 3919 
341015 79de3216-a4c4-4c5d-9c2d-8d0a2dde6933, 3919 
296454 617d9023-7476-4ef0-bf27-450ef294a261, 3919 
84685 501dc81d-7066-41a2-8f18-5c789e244532, 8505 
39420 6a8d2c00-1bd8-4610-a61b-0ccbed6eb1d8, 3919 
377175 b6da75d2-2e0e-4e68-a1bc-e95a96c3721b, 3919 
207441 e9f6d0d4-a488-4131-a66b-b80bfb8b0135, 3919 
102032 b4ec67f7-053f-4abd-b591-dbd6a07b3fc8, 3919 
306390 2fa70b83-d808-4d41-8fbf-82cb3754475a, 8505 
84345 c6a6e55c-8f35-4725-a95c-9e75e735868a, 3919 
339362 d4a9b114-1b5d-41b0-a389-5d1ab7ccc027, 3919 
205025 bb0a5f72-c65f-4c88-a522-730e71841c71, 8505 
19481 7434a086-ab9f-4f01-8a6f-7c4630dc5755, 3919 
307781 67707f9c-519c-46f8-8e3c-880177396c81, 8505 
307791 5a85d513-39f7-40fc-baec-2830a3109936, 3919 
205249 16a4344d-7b22-4dcc-ba25-d52bd7e9975c, 8505 
282901 4004a611-ec90-4a71-a359-54ce6df0eee3, 3919 
112295 4cd4d469-db48-463e-b232-b0b035b3b26b, 8505 
151026 e4cf4725-aa19-42e7-959d-83de098dc60f, 3919 
363296 bcd1ff83-e084-4d1a-8601-87278cfdfbb3, 3919 
246980 f4f1237f-1f87-4a72-95ff-f2f13b0509f7, 3919 
63842 b25dc7db-ce41-44b7-8be8-b29bb77b13f8, 3919 
39585 a3366cc8-1bf2-45aa-9f93-df4449ff8253, 8505 
275613 6d1d7f51-6a2a-4158-81a0-f80d628a8560, 3919 
284439 82a3b8ba-3e5a-4d58-b30c-d6094057610a, 3919 
11430 556602f1-e193-4f92-8da1-4f41c523e545, 3919 
77523 dd7a5b4b-c660-4125-b024-0939b180b75a, 3919 
160619 941d6c41-dd1b-4e5a-9344-f41aba43d240, 3919 
281858 4f9badc7-a048-48d3-8b6a-054e121607fb, 3919 
191593 d29e8960-40dc-4a57-ae30-90f0c48b2ac6, 3919 
65337 c2e25767-2ec3-4d40-b896-aaf0eef8577e, 8505 
363449 565326a7-f7b0-43ec-a046-2019ff9296ec, 3919 
82592 5f7b9f8d-92e8-4ead-9f07-74a3864cebba, 8505 
281644 0cef0b79-001e-40e3-9d12-38155ae87cd8, 8505 
106098 9ec3c29a-1344-4130-a61b-d1b4e5aac913, 8505 
32793 25b24314-75f8-4c0b-b333-650550dc2a9d, 8505 
58811 fbab4516-b9da-44b0-a482-46cce276121b, 8505 
42387 d9ba5ac3-39a0-4faf-9c5c-bf1318f92c3a, 8505 
20001 f782f881-c040-4594-ab5d-4d301f673d8e, 3919 
2047 6e4690a3-d56c-46d7-8b04-9086182900e5, 3919 
40224 ac2cd8de-28f3-4611-8153-1acb59689caf, 3919 
367678 fd839837-8e2c-4a6e-aaf7-835d0be5349d, 8505 
125841 9a44e54e-8310-44a8-b57a-6214d8fc2382, 3919 
121392 e06fa77d-64ce-4012-918e-69dfd8e4d0b2, 3919 
234399 9246e732-cea1-480b-bf4e-14e3770a5fed, 8505 
309514 799bc9f6-9802-4287-911f-27f2162d0d4c, 3919 
272875 00434e74-a503-44f4-b1ed-8b1f9ed6a2f3, 3919 
6997 86fbd879-017a-4aad-b699-4330110ba90c, 3919 
177069 024cb809-87c3-4303-b27e-11c815f78389, 3919 
126877 4db94c31-0f5f-49d7-824e-858fdea4272d, 8505 
355342 7a153789-104b-4143-9b8d-35e1d7f0df87, 3919 
221073 47121dd0-700f-481f-83ab-a2f862f851d6, 8505 
149673 9150f7e9-46a3-4431-b396-e753c188e7e4, 8505 
130161 2a685c06-050d-4b4a-a9e9-ce23287a6081, 3919 
42476 88fdd84f-5dbb-48a4-9790-67831560e748, 3919 
179049 9f38a8cc-9e01-43e7-91b2-14b875b1ae6b, 3919 
90868 611b9d1c-5fb3-4674-9773-c1d06da93381, 3919 
19023 d543b31a-4534-46b5-a6b4-b8ece9a46f9b, 3919 
261031 6a89956f-0318-46eb-8fc0-5589daf548f1, 8505 
336919 405eceef-3d73-46e1-a76e-7bd6c1f045a5, 8505 
226929 1e5fae6e-7f8c-4d50-a902-009b3225da1f, 3919 
53388 4b972aee-12f5-458f-82ce-d40f5b4123aa, 3919 
25917 dad95701-c210-4883-a9bd-2558fa776c1e, 3919 
203767 2ee0aaeb-c6f1-4917-afe9-95a3f814f649, 8505 
215256 05f21597-e8b4-4aa7-9842-8f59d402af6b, 3919 
302175 a4cb05bb-9dbf-4d54-a8cf-7395c89f2066, 3919 
388413 1a068a45-b8a7-455c-8a55-8f033c9a1933, 3919 
234840 3770f6ab-a82e-4e04-9803-21087f0f5a7c, 3919 
339781 445a93f8-9a13-42cd-95fa-199fc8e5c3cf, 8505 
91205 5ac17c4c-5f4d-467d-b54f-fb82dfd15ceb, 3919 
484 73127390-00e2-4075-a4a7-bab0e2ae6a70, 8505 
194992 feeca144-5226-446b-8464-1a7af62c1887, 8505 
86339 5fe4e4c1-1f57-412e-a3f3-45c2cfd04cda, 3919 
373948 2497fb30-7547-4d60-a358-98a1f0e4163b, 3919 
172576 1eea1223-9441-44cd-b3d4-224efc536c5a, 3919 
235215 9aebf0a6-651d-4476-b8f1-c5092a717c3e, 8505 
248099 ae2b909a-71a3-4f55-8f5d-08303072698b, 3919 
161699 aa62bcc2-456e-4c9e-b4f5-f58f9df55aae, 8505 
342977 8c95d279-5716-425e-8d34-c5d0f73fd6d9, 8505 
283075 25a1ee73-7731-4867-b693-a2c80c036a68, 8505 
336005 b56838da-e886-4424-90e8-e4bcffce510a, 3919 
15502 c3af6d98-efc8-43cb-9b09-ab62d1658df7, 3919 
203285 d74a53d4-8864-4752-a370-525fb531906a, 3919 
195294 47f402b3-a431-49a4-9d50-8e324c138098, 3919 
336834 8d8989b8-a1c3-4ea2-8372-6a715d5743a4, 3919 
60120 64721312-cf8d-49b8-b5ab-e2590805977d, 3919 
174016 7f4bf31c-983f-467b-a4df-62b5a2e4b219, 8505 
164989 2fb14b87-5048-4433-b052-bafca3fc8ea1, 3919 
16634 24ccba18-d499-4fda-80ed-999a1bf6dc4c, 8505 
8262 f1f95923-77e3-4240-afbc-0593b11dc8b4, 3919 
59240 b724a8ea-f03c-4173-9b34-518e7b29730a, 8505 
260110 2c997d86-d7b9-48a8-a8fb-fc45b194054d, 3919 
196778 4eb01a2f-41fe-4521-84ad-4dc7642b2d4a, 8505 
7599 bbc382eb-b1a2-46d7-80e9-139dde062a4f, 3919 
36549 4e5b642a-c768-4879-8c8f-cf51c01624e3, 3919 
227503 379ac25c-3f0f-46b2-abd4-be442d78f1c3, 3919 
149951 a842e573-09ef-4230-a11a-043bdd172326, 8505 
268858 af24c7b3-d808-4044-af13-4614f0b25a95, 3919 
279954 999c086e-22d8-472d-b8ca-161f5b9cb7fa, 3919 
2134 af09a352-cf3d-4b56-901d-c776ef6d6563, 3919 
240788 1083f292-6425-4f1a-8c4d-77fac0f9b577, 3919 
208724 bf53301d-0196-4285-b194-55683f6855d7, 3919 
124957 7b58232a-8b40-44a4-8720-48b1b4c16c42, 8505 
264495 521f1992-6688-494a-9faa-ff356657614b, 3919 
19364 f2081e37-604e-4ebe-b851-0f2e0a99c1f4, 3919 
375186 bbea08c0-a0da-4664-898e-68550fe1ca75, 3919 
51144 c775614f-49d9-4b85-b60e-ad531337f083, 3919 
46528 ccf21585-dc9a-427c-b73c-f9245e883d05, 3919 
310963 8a92f22f-8ad6-49a4-a5b2-f8e7eeceedba, 8505 
138564 ed623c18-f172-4a12-b18f-f081290d4db0, 8505 
168111 2d986689-4ab2-4f87-b1c3-e2d02b830c76, 3919 
271705 cd393f71-684a-484c-9d0c-170503de8382, 3919 
388646 1827fa32-7737-4c1c-b40e-6ab9dd9cfc54, 3919 
387168 550089e5-f0b3-472e-8a65-ad7ea440a162, 3919 
151086 2a604397-c138-4957-a3d0-28e20b8266e0, 3919 
372678 ec1d4066-4326-4cb7-be9b-d529a2b954ab, 3919 
111976 89e04ab3-dc9f-47bd-bba9-60d139f75432, 3919 
152462 bd9e2d0d-c31f-459d-af0d-e59edee7c1cc, 8505 
295181 8d42f156-a263-41f0-a5e9-29619befc2ea, 8505 
124306 0215658f-9ad8-4440-b1be-dbbcec996490, 3919 
319501 79d12776-88ab-461c-9b38-6515faf4a1d2, 3919 
266877 ed9e8729-90cd-4edc-bbc3-217738c4087e, 3919 
225780 41e1fbdb-f5ad-4e50-9dba-2b3934ba0c6a, 3919 
366794 494c56f7-db6f-412c-81c3-dc08c6c4bc09, 8505 
53236 278a0231-bbc9-433d-8861-0a335ea4efa7, 8505 
246100 548d5edc-9d96-4b85-ac1d-0437223c58c1, 8505 
145316 0ce30376-fead-4f61-8491-d22804971e16, 8505 
254811 054d300d-9c97-4923-967a-7e5aea1828be, 8505 
400722 30a3234f-1fcd-4415-b9b8-7467aab4d6c1, 8505 
229273 d95191d0-6d25-444b-a6e9-f4c5086b55bf, 8505 
393862 8c1899d0-7bea-434e-a0d4-805758fbf5c9, 8505 
26099 adde321f-6d5d-49f4-94d4-9abf37fa24de, 3919 
221440 8e628b49-4b47-4bf4-ada3-4929b9c35b21, 8505 
189734 33eff7fc-57e4-4c80-88f8-0ea07590206f, 8505 
247400 177679bc-07b1-441a-b962-fc4f22ebeec2, 8505 
139110 d4097748-877f-4d40-add7-aa536ffde920, 3919 
287702 cd30f0fd-358f-445c-8ce5-7f7c3557d488, 8505 
114604 8ed87f0a-53d9-4403-a4b8-24027b56f656, 3919 
213825 30e4e40c-0afd-42d2-97f6-6871e037aa00, 8505 
96016 0cef35a5-4e69-4f62-bea4-9732d84badd1, 3919 
132789 2b2b06f2-2cc6-4e6d-958a-2b131ede43fd, 8505 
187825 c40057a8-51f7-41c3-92ee-82b8fecd0132, 3919 
35024 d5cea804-f88b-49cf-8ade-0569e727ca31, 3919 
370331 0dfb95d6-3fcb-48a1-acb3-cdf328b4a5d9, 3919 
168562 9f61a92b-c076-49de-8d1f-b6c2c9b9733c, 3919 
387938 85055888-2dae-4907-837a-6f17346fcec1, 8505 
41499 9f1fb1d9-eea8-42d6-9120-af3e35dabd50, 3919 
225321 e4aa2249-c87f-4bd6-a22e-9c4764c4fe06, 3919 
258215 3215741e-dedb-4c88-b847-8b42e8909044, 8505 
231068 b3a7e6fe-e584-4c35-ba46-aa56b8962535, 8505 
331468 3c7abbe9-f0cc-4c23-a511-2be66b393003, 3919 
242742 7f17b846-9482-434b-98d9-3a76167971f8, 8505 
315115 aa9bb87a-7b33-49c4-a606-a3fbf71b681d, 3919 
187655 d3dba3e7-2389-4aea-8dcc-69180ef59424, 3919 
160737 3aba7033-d3f1-49a5-a0ac-496fdd69c678, 3919 
116650 25878de6-14a6-4657-a1da-cc04bec9901c, 3919 
340266 4294ecf1-2111-40db-b647-0b1ba3105a64, 3919 
45242 d5a7fbb3-e544-455a-b000-f234ee843249, 3919 
148366 801ae318-fceb-4576-88d2-9dd6d545cf38, 3919 
264881 2174ea10-47ae-40c9-b0f3-9548f0d200be, 8505 
14517 82789b68-474e-4550-843f-e42825274348, 3919 
303393 493be4b4-2c6e-45e0-8959-804fcf3ed1b0, 8505 
191370 661fe624-53d1-48b8-9be9-4699dac8e075, 8505 
238264 5a5fbee4-501f-4cc8-892e-ddc94b619d47, 3919 
121268 84d9ad20-e8ba-4be4-abd4-402153107186, 3919 
61675 fa8de56f-c065-4aaa-adad-6c6384447e0e, 3919 
353560 44dab4b2-d59e-4a92-b683-1cbc8bba482b, 3919 
100001 ba334c32-2ccb-4847-a082-2750f4b9d4cb, 8505 
184943 60c0c774-26e9-47a9-b51c-ccfeaeae3f62, 3919 
3417 7c3a22d5-5a73-4131-802e-beed920c39cb, 3919 
234322 0221d8d1-a7e7-4cd4-9932-0ec19da8c78e, 8505 
239328 cfe54bd9-43ab-468d-ab22-0abe9fde9cbf, 3919 
58082 bce3ad21-7c22-4f5b-b4e1-fd3ce1cb28a5, 3919 
277965 3ed00fb9-9eb9-4111-8ec9-f07c3dbefb7d, 8505 
320383 5e395c1a-4f61-4ea0-b218-63af24540411, 8505 
346831 d9a9a987-c43f-4322-b32e-6675ccdf17aa, 3919 
274639 a265d7bf-efeb-4bfe-b220-f702ddabe896, 8505 
191621 792435e4-6658-4e83-b152-67609609ad30, 8505 
32622 f208ce86-929d-4664-bd01-746800c5c96c, 3919 
77388 5dc30d44-db77-4667-9ba6-cecc2bb48405, 8505 
325104 0aa33cf6-af91-46c1-892c-9d0d77350a90, 8505 
103846 86c22cb5-acb5-4d96-9722-820d374aca1c, 3919 
240768 7ed6ff07-6d3c-485f-89a9-bfcb3e936f25, 3919 
2989 e4e4b163-de8d-4ef6-b9d5-5ccf08d9d131, 3919 
223006 fb190bb1-1d74-4169-aeb4-a2b8eda05622, 3919 
43019 adebb44a-3b91-40c5-96da-a76e7bf15ab2, 3919 
122366 318352d4-3178-4b3d-885d-aa6fc1f3fe22, 8505 
383824 68f60fb5-408c-4b09-8ff6-249eb1028562, 3919 
117971 149674c2-03a8-4bc7-9980-50cc1c5985f2, 3919 
147891 7636b19e-572a-496f-b4e7-8314d97e0def, 8505 
347221 3b514b4d-a364-43ec-a372-7577db81fe1c, 3919 
287484 16e10548-c520-4a1e-87cc-50c8f9384c3d, 8505 
191001 2433ede3-6129-49e4-9134-7c7085295515, 3919 
85931 d9f8855b-c978-41d9-96e0-6c4763e6b4e4, 3919 
167043 024c3e9e-9b16-440f-b71a-109926a700d9, 8505 
17948 9e1bb74b-8305-4104-9f9e-6499ba2573b9, 8505 
265842 a73e3bf4-20a0-4097-a674-6f71869d8ccc, 3919 
28861 b0faa2a5-95d5-4dd1-a689-f02ad3286447, 8505 
301377 dd69e926-824e-4b0e-bc1b-1d9802f1b82b, 3919 
217339 b5bbda08-7c8d-40c5-8794-e7d9b34cdbe9, 8505 
361782 ae848d7e-64e2-429c-a8d5-007b9de23bfe, 8505 
96708 4706c465-e6bd-46af-8fc6-11857ddb566a, 3919 
27264 20bcdba2-ed00-461a-b3b5-1a349ff571e5, 3919 
76559 e2e572a4-513f-43dc-af73-ae3231f077ae, 3919 
178825 9e75bf00-f4e2-4fe3-93e0-2467c74e896e, 3919 
329299 bd2ded3a-c922-42b7-ad94-cbb267040670, 8505 
51587 d349b8a9-d1a9-4031-9f1a-6a01e068fe88, 8505 
172347 1ef759ed-177f-4abf-a5fe-e6c29e11ff4a, 3919 
365133 624ce0d6-bc5b-4b93-9af8-a3b8d4e5002d, 3919 
201868 a56de5b4-a2e5-4a29-bcf3-11f2740fe6c0, 8505 
129911 c146fe22-97dd-4853-954e-8309fc56930a, 3919 
259551 935b456a-6714-40e7-abd7-4f1f3f9b0721, 3919 
388687 4255b10f-5f73-4a84-847d-aa691aa41947, 3919 
87887 18926012-ed92-4d3a-9937-02105b910a60, 3919 
274309 85bb3e49-6065-4bce-8a2b-dad3a5d8ef4d, 8505 
35062 d6a564b2-62d8-4cce-86e4-af02f60b86bf, 3919 
167950 7f6a2c44-a726-45dc-b141-de756a09870f, 3919 
339600 4b3db1f5-2a74-47bf-8343-f4e78742cdf7, 3919 
319492 e6b5d09a-7867-4aea-978f-ba1d4b75d365, 3919 
238568 d2191bf4-1acb-43ff-bd87-6f9ac8f95079, 8505 
354596 6deded99-5676-4054-85e3-32fb6ad1cdee, 8505 
24347 8a044605-aea7-42e4-a2f8-d53aab0624c5, 3919 
384057 85ea7030-c044-4287-a45b-e20ad55fb331, 8505 
22671 5512fd9d-b9d8-467e-ae26-feb3cbdbc9e5, 3919 
98868 05bdf197-4aed-4726-b2c9-4a40a0dbc475, 3919 
246699 f8a60199-1df2-4bac-ae61-4a96e55a4af5, 8505 
41878 0e758204-8bad-4b71-ad49-e98eba07fbd9, 8505 
183536 08b83188-083e-4f4b-a82e-ee35ca642df3, 8505 
195326 46d6c5c0-93f8-42a6-be11-28fbc2ad6747, 3919 
354292 ef447bd0-fbd7-4548-8686-333257f1aa0d, 3919 
127425 b92d28f5-6916-41ee-a475-14eea0264272, 8505 
188507 a96cdb36-0421-4176-9ee4-632e6141d090, 8505 
211118 a48367b7-67a0-4496-ab21-c19d1fe8d787, 8505 
142675 62453353-0c35-402d-9111-9751800279cd, 3919 
312113 3b10cf11-c200-483a-b69b-865480ceeae1, 3919 
338832 bac53b3e-9b90-4559-a839-c4455a3b6991, 3919 
187187 3bcab7e2-48ff-4728-a026-eb0a656a6a44, 3919 
193004 b652bfce-25c5-4a93-8fd0-189c7a1db537, 8505 
402297 90eb56b8-fb7d-4471-8b6b-a3b7bc0ed35c, 3919 
24392 df1cfd64-02a5-47b2-8b91-d4ef2d34b54e, 3919 
25263 fbc604e5-9cfb-49ba-b8ab-e1e077248ea7, 3919 
93675 98748d20-c4f4-4040-a117-a6ad6bfd8b1f, 3919 
311949 d6ff43dc-8f95-4098-bdc4-85398e9ae5e8, 8505 
100844 f39763be-ef93-454e-aaf5-e4ab51fc4064, 3919 
7019 917ffeea-447c-4897-83e6-20d68cde3f73, 3919 
63680 2598b0d0-1a5d-4908-a8ec-31c6877a1f7e, 3919 
305675 0bde6c9d-152e-4e8a-b7fe-aa20c39cfab3, 8505 
10368 764c37c6-93db-4d67-9d13-cf4434041943, 3919 
61813 65424da4-e56d-4a5d-936f-9409781e8cc2, 3919 
312632 fe321aa7-c369-403d-b9ae-1dc46baad144, 3919 
194472 d9b80485-a7f3-44e5-9bff-5325bdc6fbdc, 8505 
287148 e6393054-53a7-4e05-90d0-d35cfbb0b733, 8505 
216501 a181adfc-4e52-4c1d-b21a-df1852f0bed4, 3919 
189383 915532bf-3ace-46d3-9419-822e91e26f37, 8505 
224061 e7338422-4224-4b5e-bfff-66e8438a91de, 3919 
303704 3f7bdb6c-0fb4-4850-8710-f491cbf07a78, 8505 
38344 6bb3f0c3-df5b-4e81-a063-5775f5b70616, 3919 
330605 77301bf6-bc26-48e5-b765-fc508b543333, 8505 
103916 58ed8a78-07de-4f7a-866c-bbeddee027e5, 3919 
101648 105a9b75-0bd5-4f99-8479-d38e51521f52, 3919 
68488 2dc00be6-6f71-49e9-aebf-1955f7f2eab5, 8505 
239020 524523cb-501c-43ff-8ec9-71056cfe05d5, 8505 
51367 77eaed5d-3818-4021-a113-231f5c49d1d9, 3919 
298859 3f77ff19-d4bf-4272-901f-a83f5622e1b4, 3919 
349649 390947ab-9c38-48ad-9b7f-96af2d194c67, 8505 
57203 53ae9d1c-0c76-455f-9d9f-032367f3c1f2, 8505 
234 40c26c75-a08e-4bc8-b00c-7dc158be3409, 8505 
172813 0841af60-6f39-4b39-b656-0fdadba01fe3, 8505 
59669 dbc02f14-8802-4f39-8e45-8c50b55e11c7, 3919 
18375 ebb3171f-50bd-4a1a-9bcb-0cf1130efa1a, 8505 
307598 a7fe6d14-0b44-4ecc-a507-9c5942aa5979, 3919 
342599 6589a69a-03b9-4095-9d19-6848bf41a9b2, 3919 
189135 494238bf-47e2-43a1-abb2-28a09dd699ae, 3919 
149762 b85cb28d-9371-4992-b3a9-13d85b4e5b9f, 8505 
253874 3c20932c-59a7-4a27-9256-282432427ae5, 8505 
336846 49b89850-cfe9-455a-b7d6-d0dd5166ff6f, 3919 
154102 b2d8ae82-8ef5-47e8-b82b-84e17cf9af11, 8505 
140738 41f3771b-287d-4f90-ac22-f6dc5bf8de1b, 3919 
175525 b248c766-4cd0-4572-a6f3-b6e0c289a4f9, 8505 
126970 b23323c4-c82e-43f5-bc0e-6e2d9624f593, 3919 
389226 005d4a93-8178-4219-85c9-8b710278befc, 3919 
91191 3d70fe58-a536-48b8-b4fb-139aa852ed89, 3919 
160858 122404b9-9618-4699-81e5-2e979231fe4a, 8505 
223665 5b431a66-740a-4ebf-bd9d-834be47b1f5a, 3919 
893 fea04001-4a6a-41b1-b0ee-7aa4f19d57fe, 8505 
143091 67d0d3f0-a075-4d9a-8721-1cdd85b311b7, 3919 
65914 b7593a1b-fc95-4a74-86ca-33d7b4fc3e2c, 3919 
369786 4baaeab8-f9f3-4a8b-89bb-2862e4a727b5, 3919 
247293 5fc347f2-0ab9-4afa-a609-13402c4c16ed, 8505 
294652 42e9f4b6-fbdd-4693-821a-80a271dbfd2d, 8505 
330216 f363ac47-41de-4b91-9c43-af3da94ed129, 3919 
333849 800b2c5a-de55-4f54-a208-069b1fb43fb3, 3919 
184804 95c12282-6226-4ab7-98b8-e8e4ea37417a, 3919 
256645 4cde34dc-c1c9-4f6c-9ebb-7b440a0ea4e6, 3919 
379010 76969637-1f10-4069-b729-41090fb892db, 3919 
362446 27d86eb0-08a3-4f86-a387-ea6788d8225d, 3919 
217852 7bb6bd49-3e12-4e17-a2b8-bbe2381648ff, 3919 
324931 f5111724-94f8-4070-9d7c-3b3a3e90ac2f, 3919 
329475 f9cae70d-c57d-497c-935f-ad3efe0eba59, 8505 
153084 0b46c805-a830-433a-81e5-e7c06b6ebef3, 3919 
365633 3ce99ed4-fe49-4b8a-994f-1fe482c9b91f, 8505 
379979 fb526977-e7e5-4d43-a2c9-9fc0cae52686, 3919 
143519 9b3e8348-3544-4bf7-b76e-72794fd476cb, 3919 
280732 36d57d02-bab9-4039-90b1-e09614cd794e, 3919 
62926 8b86e6ed-2909-4e2f-8f73-fc4d42dc6983, 3919 
98424 7e3cd809-9f4f-47b0-8d33-7388d5867f18, 3919 
4500 34bb89ac-283f-4ec1-af5c-00e0870f12e1, 8505 
119851 97433ef8-2dfe-48e2-b749-bca03238fb3a, 3919 
293062 824866e4-c820-4280-bba0-6592f8cde061, 3919 
147531 da452b92-dd45-458d-820e-339da37a4b1f, 3919 
13025 11a209b1-94ac-4c37-a35d-c4e3a4b78391, 8505 
349827 14da78fe-4bc6-4e24-bb2c-c83fa683c93f, 3919 
47432 7315aacf-f7f3-4db1-90ca-65679ffcda82, 3919 
24769 740c4d6c-c731-4c21-ad2e-27d25f300ada, 3919 
313259 b330a904-0e05-4175-8dd2-794ba8032d58, 3919 
326634 362fec20-0885-481d-98e0-b533bb603112, 8505 
61572 de61dd7e-c9df-4576-b092-6de949887736, 3919 
222382 955b63ac-d0f2-4fed-bdf4-17d184d5ef0b, 8505 
399787 ba865ba7-cfbc-4839-84ef-f867d75509b7, 3919 
355030 846bd5aa-980a-4806-a721-40c9ac31f498, 3919 
349617 56a6e9a1-553d-433d-94ca-f811750dfc11, 3919 
57772 cfba754e-4d2a-470b-a7c1-f51b97b89a73, 3919 
173134 da574788-9e95-40da-930a-0153fb1e57b0, 8505 
140581 603e23bb-770e-4e50-a2b7-e4cea7c598e8, 8505 
381697 2d9484f3-775a-43f6-b47e-f35558b82614, 3919 
163370 80a33525-5c5b-491c-b45a-14c3a99c71ed, 8505 
74954 bfbe981b-353b-4335-83f7-db6f038a7b35, 8505 
6209 b3bfb1f6-a85c-4361-9db3-0a3854eff11c, 8505 
127242 3adf55c0-a556-4948-b66d-f537410ffe56, 8505 
5353 3beef395-0bef-45e8-9750-195b7d63df11, 8505 
303948 0e561d53-de82-41a2-ad47-cf01273c842b, 8505 
335165 211437e5-5334-49a3-89e9-71b8a278d187, 8505 
262443 31e0bd47-459f-4e71-b95a-7290356699f5, 8505 
320434 d6b4a3fb-d105-4baf-9187-3a185a1c2451, 3919 
11204 cca4cda9-c213-439d-b404-19b3de8ded0c, 3919 
1898 edda4497-8b0f-432a-97f9-b3c5c8cc4465, 3919 
335548 d77e265b-7b6d-4453-bcad-ddf1c643e63c, 3919 
189773 14ae653b-605c-4314-9044-63c74ca907c3, 8505 
39544 65e265a7-4240-4d43-a634-fdf5185e73ea, 3919 
259719 aaf822f1-7aba-4778-bc91-e07e47c287a6, 3919 
112944 f9a251e7-d2a2-42f0-aeca-a1c2259d8981, 8505 
392529 a3ddf1de-db9d-4480-baf7-8c63b45c87b0, 8505 
300809 dde96db6-fcc9-4607-aad0-071b21a8f897, 8505 
111849 2bd818e4-3850-4923-8ed1-036fef4f5c24, 8505 
234688 aff84e09-89ea-4104-a4b7-8d52e9bc3706, 8505 
24234 92dd2a04-5eed-485a-8e41-511b8fa2927f, 3919 
234129 a5311093-ef9e-4f5a-a700-263786f3dc47, 3919 
132466 700f6be2-93b9-4fc5-bb53-0cb258a02ca1, 3919 
336790 56af3ad1-9a61-4239-9786-fed3cc739aba, 8505 
236132 fd398b28-cd89-4ff0-87eb-0c6b0c3f7711, 8505 
4312 7586e9b6-f6e5-4e83-9fbd-043b55ed5670, 3919 
9907 5fdd7894-567f-4fd7-920c-329dd4fd1520, 3919 
341679 2a66eb27-0330-46f5-8863-55e735063341, 3919 
193321 d7f8868d-a717-45b6-bc04-f179414b6958, 3919 
307260 cc79eeae-fc40-426b-91b9-d988ebf795a4, 3919 
288713 db04f83c-702e-4e59-94a5-5ca469d0190d, 3919 
236362 1a916e86-934e-4903-9a46-0df9c9a4e3c0, 3919 
127066 369ce3d4-0081-4460-84cf-9323f0d2bed3, 8505 
82520 a848bb0c-e7e1-485e-875f-534f0731a73e, 8505 
97473 008829a1-a7f9-4c6f-b93a-84d2dba219b3, 3919 
133375 7f987ff8-13c5-4eb6-ab00-2c5f219c341f, 3919 
289829 6ba32bfd-002a-459a-84b1-1fc4bf683fec, 8505 
313445 1453a31b-6200-40cd-a732-9078af185616, 3919 
88551 0624b4d5-8d84-488a-862b-d4260eb1298a, 3919 
191262 a2973abd-814f-4f9c-b70f-3a581c875607, 3919 
72488 be579065-955b-4da4-b5d9-622e57702fa2, 3919 
367348 6d3b12ca-0dc0-454a-b596-5d3f060475c1, 3919 
34111 167a5a37-9b63-4694-aa6d-2e65102dbcf3, 3919 
254577 d0de2240-9e30-464e-85d5-7fe4d1ffd71e, 8505 
155396 6793b13e-bf9f-465a-9ea4-b17e7ea933ac, 8505 
268892 38702a66-5633-4011-9bf5-01aaaedeeee1, 8505 
204905 f13f37d7-e546-4fc5-85f9-198b47608f87, 3919 
375354 9adbbb95-d0bf-41ec-8277-80f24fcaabbe, 3919 
125001 a9e62ed2-2111-4aa3-94fc-9118cccb540d, 3919 
139261 83931873-f50e-4592-95c7-8e68a6f359f7, 3919 
9936 f2ccce73-2040-43c1-bff3-3ce799e51b41, 3919 
355912 206f7080-ebf3-4176-8885-b427eb58b76d, 8505 
398176 56300692-5b06-4c5d-ae63-1b3bc28a31c7, 3919 
78057 def40224-61d5-40aa-89e3-4d50059fba2c, 3919 
218328 0225e5b3-e2c5-482f-a30a-92cf8db3290f, 3919 
109794 b1ce607d-f9a3-46b4-aec6-8b3e895a21d5, 3919 
198138 1a002298-117f-4588-afda-ff2d4ba47451, 8505 
182798 93669f9e-8c1a-4592-a62b-9ab5a294924c, 8505 
363767 c460f31a-702b-4d41-a297-3f67ecf33d8a, 3919 
78401 480e01b1-bfd9-4b67-94cc-696d68cfde1c, 8505 
308382 73bbae70-f27d-4e68-8116-ae98b3b8a621, 3919 
127554 ae283f3e-5b92-4662-a86c-04008d658e78, 3919 
123391 a6a9329a-9fd0-49cd-aa17-f28bb9f05a34, 8505 
297694 c9b4c4a2-8041-4ae4-b565-774976a33271, 8505 
385394 dc92ee32-6797-4141-b934-e0180daa17f8, 8505 
289345 30e233c5-38b8-4fa6-9ea5-77bbb6384a78, 8505 
364515 9c74798a-bd8b-431f-ab3a-18e9f2409cbd, 3919 
4111 ee649428-42fb-484e-bde9-99eb8f5edba0, 8505 
235165 c02e1834-3aa6-4755-80f1-c89bb01351c5, 3919 
95985 8597139e-2c29-421c-959e-81a6ace4bdf2, 3919 
93162 676bced2-3293-4561-b50d-c8d0d4e2a1ff, 8505 
137486 45e4f377-57cb-4f87-b838-b9e10867a365, 3919 
392220 6b287602-8415-45cf-860b-5e4a8f4837b6, 3919 
308610 9a1ac0bd-2b51-4bb7-9ce1-cd64910661c0, 3919 
2152 f7b5738c-7654-473f-b6b1-6d6c2f78ac18, 8505 
231302 9bfafb69-717e-45c7-81fb-edd02574ebb8, 8505 
170209 a3081498-c79b-4154-b5b2-8b42e7ebb9cb, 3919 
127357 db3a31c0-7087-44f5-b0c5-02b6fac51e79, 8505 
139638 0a9f2365-607c-40ca-a582-8ba9301fc242, 3919 
321165 1a9580de-afef-43e1-8ecd-09578db14f26, 3919 
222406 9a828ddc-6c57-4726-b768-f9b4e4d5261d, 8505 
35690 993b280d-733e-4519-85e2-1048640698f5, 3919 
23032 f5b2085a-fbd0-4505-8b71-506d314146f6, 8505 
73954 462957d2-b648-4bcf-aed2-cea88ca937f5, 3919 
393769 afd1428b-b4f1-4f04-84de-d8be4c370efe, 3919 
91220 4ac428a4-4d0b-4421-bac2-18a72c7b9c8a, 8505 
56045 87d94302-c0d5-49a1-b515-e0d105b89e80, 8505 
178957 0c86cb06-0651-4365-a600-b970e023ba32, 3919 
72113 2180e4bc-e7ce-42cc-b201-753c7646e87e, 8505 
61776 d82bc852-b3d9-4571-9229-46a8677a585c, 3919 
328492 0dfd8540-cd3b-4689-8d8e-acaaef849fb2, 3919 
61362 f7fcbe89-ba9e-4095-8394-9b45358b5678, 3919 
315111 7ddc4392-df87-42b7-abfb-9407ffdb2e9e, 3919 
143545 79deb365-62c9-403d-a35c-c1c858cf027b, 8505 
389755 d35301eb-24e6-47f4-87c6-c1bd60357d76, 3919 
80457 5ee01a4e-f96d-4e87-8f15-1b0b7f716095, 3919 
220506 f10c8fc6-483a-4f08-b4c6-5f8c8afabdd5, 3919 
109430 a74c1cf1-59fd-4c91-b9da-3e4f5368cdc1, 3919 
269378 5476bbee-a4d6-4730-8032-ed286e0cec8f, 8505 
121895 cd4ed61a-f06d-483e-ad38-81205b444f9c, 8505 
78568 03a34493-f18f-4a3e-b15f-2dde9ba08886, 3919 
307448 159348f6-3d39-40f4-8a70-b4b49db23a4d, 3919 
56611 b53d1489-58e4-4ce3-81d5-ef6e2ff68397, 3919 
360516 b6309fdc-f9e1-4765-b8cb-df1055bb4566, 3919 
279564 d8fc5bc2-9b78-4643-ad0e-6f1b32ec17d0, 3919 
372140 2ef2e868-1ccf-4de8-bd77-94af506489ac, 3919 
102880 a0de4e66-1010-4d11-b026-124922693657, 3919 
274773 1eb82527-52a5-4ced-a120-b0476203daec, 3919 
41007 d116ae9e-0337-45db-9b0c-ef722f94a973, 3919 
78638 cb8e2019-768d-4ff8-98b4-839b7e86af17, 3919 
364860 9debeab4-75d4-4cf8-946d-b22aea7a252c, 8505 
117697 4881bce2-04b0-4e65-b5e5-5c47a7322406, 3919 
277299 528b8b6f-2b9b-48d3-80eb-24bfeb180750, 3919 
208342 1d40d8da-ece7-440e-a998-708a512e5afa, 3919 
245133 e5212d30-5646-43dc-96fa-8fc626f77d69, 8505 
322841 d702aeeb-2116-46c7-9912-f64688db8e29, 8505 
37088 c6eece58-3af2-4e7b-86e7-b6498766f6df, 3919 
133965 27dc9697-adce-4e53-bb8e-9ba6926a4ead, 3919 
9535 17b89ff3-a910-486c-9861-479dc5aa3aab, 3919 
232828 77f8142c-832e-43b4-b01d-95931c4c9660, 3919 
389045 ec7c21a1-77d2-4f64-a4c4-453911b22d93, 3919 
353671 2bdc8074-bddf-4807-92f7-958ef3f040b0, 3919 
291699 904c549a-cd06-488d-994b-bd7402310773, 8505 
50679 edfb9baa-c671-4747-b77c-9e796154b70b, 3919 
292437 c4ea2c34-13e8-41e3-9ada-e42546fdab8f, 8505 
285169 9488e95d-f911-4659-88f1-1ec795b1741a, 8505 
85117 c1971a5b-3152-4cf2-aa29-db894c66fa5c, 3919 
48033 b37b9016-d739-433c-b47b-050b827b53c7, 3919 
277194 5aaac804-69c6-4ef6-9c33-1d8a7cc203bb, 3919 
115318 bb1ce401-2266-42a7-845c-e7a41a0b2634, 3919 
266553 e77d1c6f-7934-43c4-9984-afa0e04466f7, 3919 
374212 3044c93f-c657-45f6-929b-fb3f024d67b5, 3919 
266710 ffaa538e-ed4e-4784-aba2-27408a8f02b9, 8505 
262023 ea6ed2a5-6a5f-4619-b7d1-cd767709e5d4, 3919 
288696 06b1a258-b854-4962-bc88-90eb85c86a42, 8505 
399419 252dbae8-4efe-4fe5-8b98-cce43e2465af, 8505 
195959 9593192b-5d66-43d0-a725-d6e2b7e8c1a1, 3919 
279597 a2490845-d2d8-4b4b-b82c-6f6016db4bdf, 8505 
214889 9e4071ae-ae1c-458f-888d-961607948d92, 3919 
372027 e457e24d-f8df-460a-a095-9ec578c576dc, 3919 
347100 1e60cddc-bb7a-4bbb-8135-d3e1f0d7108d, 8505 
175419 6ce50d03-832c-4999-ae93-a4efc63db750, 3919 
2465 9077b55c-aa81-466e-9ff7-bcaba522be2d, 3919 
2118 6b53c4b5-5148-4beb-b96b-99151f78892b, 3919 
130489 be7cbb12-1431-44f1-845e-bc7e5120bc20, 8505 
23234 b74e11af-841b-410c-a53b-9fd13c8600f9, 8505 
221155 ca660a21-128b-4b8e-891e-7ea29bf070e6, 8505 
162425 2f8061b3-c19f-437f-9d45-2900af953ac6, 8505 
188740 52d6688e-9baa-42c3-9232-6b02518abac2, 3919 
369926 d10aa5fb-0104-4a36-bfa1-2960c8f456cb, 3919 
230135 b86206cd-4e1d-4f56-986d-25058fba717f, 3919 
176155 b5e56660-a7ca-4c92-84e4-4158e3f2dfcf, 3919 
374887 fe139be5-4797-4415-90a7-7457e0e4e095, 3919 
29211 57e59c7e-349f-4239-99a4-e320a557efda, 8505 
176126 de0b10d7-7129-4cb0-8a70-077d7292d87e, 3919 
282211 f39729ad-69c9-4e31-b59d-29df70eaba24, 3919 
366264 6a05e96b-fce1-400e-bdc1-f7660d0bed50, 8505 
230735 9552fc0f-5fa5-4d9b-aa55-4f0bd1a62705, 3919 
42177 4fc83ea8-3194-439b-9633-d9de110e48a6, 3919 
322055 64f02ef0-b48d-45ee-a412-a0a338c32691, 8505 
123993 1ba2aaec-4b14-467e-b9d1-a97a7d6163ab, 8505 
273066 5b061faf-7aac-408d-a9f7-a7c9a9134581, 3919 
388956 ecb53837-ebbd-4022-b480-2611bc425d4b, 3919 
210843 7a3b33de-aacb-4c4d-a29c-d49223ee8eaf, 8505 
9604 0a4dc558-e62c-4ab6-ae35-01f4d64cd1ff, 3919 
274995 8ea3f462-04dc-4a36-8100-1c0be994091b, 3919 
33306 c93fbe93-ae33-4b6f-a907-23e98478e9c4, 3919 
330962 01744291-dc62-4427-af11-992fa0cf7a78, 3919 
231917 038b23f7-8b88-4f56-a4e4-c7266f24a1e2, 8505 
310471 a85d7243-fbeb-41e4-9632-f5ce458ccea7, 8505 
143528 9086d1cf-ee52-4188-a1ce-891cb6ca1812, 3919 
130699 ca26a3c1-f6b4-404c-9c70-0f6e670d82cf, 3919 
8862 d964842d-71c2-433e-ad45-0bd8df0cbe98, 3919 
279895 b2b77111-2222-4910-abd4-527c197377b4, 8505 
88334 49f102a9-baa8-4f30-a31a-b7efeb18613b, 3919 
9010 8b30d026-dd9e-41fe-b184-bd0e1171fcd9, 8505 
190767 53849827-aa57-44a6-9b5d-f4b1d156ea6e, 3919 
270964 affba20b-9960-4ee9-8930-40b6356105a9, 8505 
20414 2e8cf1cb-6951-48f1-8557-fe86704252e8, 3919 
395402 94195d5a-53ff-4ea9-a6af-4c8eca2413e7, 8505 
338674 bb04092e-691a-4ea9-8804-faa503dcc736, 3919 
387339 795467e0-90dd-46ce-8bc2-e4f29af3682f, 3919 
216035 c4c87172-2ccd-462f-980f-396031d35957, 8505 
34718 530ff810-cbaf-413e-a4d8-d0d030969af6, 8505 
154561 28c1a942-ef6c-4c34-939d-55194b5d37f0, 3919 
398671 0c9af938-56e9-44ae-9b5a-7e88373011f3, 3919 
284706 061f3b17-ebfb-46eb-ac44-61704d0a56e7, 3919 
119648 397afd96-0be5-4c5e-b391-59ecc32fb404, 3919 
307839 2e7677ad-96b6-4165-a8d1-ef5d6612820b, 3919 
316968 f4324746-6eab-464f-9070-a28afa2429c3, 3919 
329692 0835c127-48ee-4901-817a-f097d95c4ab1, 3919 
384778 886494ce-9914-49a2-99ad-9f449b519752, 3919 
160311 0cc828f9-851d-4977-aa03-9d958d791139, 3919 
219660 d3ec6e85-7794-4ddb-bc91-bbb21aca1d04, 3919 
146766 4c54b957-d81c-46ed-a9a7-53c09ea495fa, 3919 
219243 96ad27d5-e8af-4527-a0ef-d8e12286b0aa, 3919 
4612 763fd15a-4cef-4e6e-aaf7-c11e10569ac8, 3919 
328461 24bdb2f8-aa2a-4b26-ba4a-592885418d97, 3919 
2416 7fd493e0-aba1-4969-a90b-f58f9ea51d6d, 3919 
228472 eacdc972-862e-40e5-aca7-d2415203a83a, 8505 
41629 5a9943cb-2b0a-426a-85f8-4e8dba2be405, 3919 
143618 ae22cf80-16b9-4009-9c55-777105b60f6b, 8505 
350736 865b3c87-7343-4674-bc8d-c726b3e9476a, 3919 
342896 198e1d8b-f800-4d43-9dc7-44de3e390f28, 3919 
68750 cd796ab8-db96-4cb7-b3f1-34e56344080a, 8505 
194308 0bb4e574-7f59-4b9b-83a2-47b66a9c1093, 3919 
366409 ca8bd0fb-caf2-497e-98a0-bfa636dd1b9a, 3919 
346148 d426d698-fe46-40bd-8ddf-3b5cc08f5191, 3919 
278019 efbadb8d-de18-40f0-a2f7-d808b7024fe5, 8505 
247861 b0aa93d4-d647-446e-8668-ebbdaecb8482, 3919 
297254 82949bce-0772-4d82-9a78-a5773ccb1555, 3919 
392467 58b4b074-51d3-45c7-ae74-d5d5ebe0b375, 8505 
251486 ec8c9ccb-5fa8-4312-84fd-a027fb1dc67c, 3919 
318264 134233a8-8940-439b-9ce5-d8d0597f0072, 3919 
185622 0cee0f27-2673-4819-8e35-e89906c45dc0, 3919 
994 3b7c5eed-bfff-4522-941f-c682e0d47103, 3919 
198652 e85e2f52-4373-49e8-b20a-21955e940f7c, 8505 
70378 38b6a435-c9fd-4381-8151-f48bef35963f, 3919 
325183 7b2c4f24-fe71-4913-a7fd-659c1c0ae982, 3919 
243180 86cf21c6-13a5-4d8b-a483-f85931b54696, 8505 
172794 d30662f0-9c63-4c01-8120-c99b5ee721d2, 8505 
36673 e059c32d-e853-4e41-90c1-48abf30de365, 3919 
151742 01b5579a-3de7-4335-b533-e88dafaed443, 3919 
204171 e2a445bf-7b2a-4af3-a742-0c170e51ae0e, 8505 
333009 eab403a6-b505-4d2c-aa20-bf55a25e164a, 3919 
196292 fa26a182-aec6-4ab1-9a7d-19ad5aaa1a37, 3919 
272553 8712ee19-5e2b-4c45-8b33-c6bd96cfe60a, 3919 
359829 572621c6-8cab-498f-9416-278bf8643208, 3919 
222938 caed628c-51c7-43fb-bfe6-8f7e154b543d, 8505 
38555 80589fd3-4424-4b0c-80ec-d02c7f675591, 3919 
90628 904ba972-d45a-4596-8fa4-43193b964019, 3919 
360563 31ee0ef4-d860-4aa1-bf18-77dcdf7c8532, 8505 
305757 276a4e7e-5fb8-4e88-8212-b591b554d660, 8505 
223624 c86ce027-8379-4c52-a236-80f5281519f1, 3919 
26419 90e0e93b-128b-4e9d-8550-9a5cbd026999, 3919 
260763 7b28aa5e-a55f-4d04-afdf-439705929da3, 8505 
142363 71103f5a-b9d1-43cd-b012-f7f9dae98a19, 3919 
186370 ed19bcce-563f-48bc-ad03-9d45e1d6a5f8, 3919 
58617 7fb5cce7-d07f-4830-ae02-d97dc5c235f0, 3919 
161735 39ca8690-0e14-49c3-b739-c39f0880a4dd, 3919 
143875 bac5c878-5bad-40c2-bdd5-ae5e1f14fb36, 3919 
373459 d5e3e7c0-95e9-4a9f-aa0c-bd25861433c5, 8505 
365008 9d00f4f4-9de0-469a-95be-3a7eb53dc744, 8505 
351300 6cdd7d56-62ab-4571-8ce5-94a128759273, 3919 
291588 2a3c1a7b-9d1d-4ff7-aafc-a37f4c0f4b3f, 3919 
8705 536a4c09-93cd-4191-8df0-18baef2c934d, 3919 
322962 5d1d7ba5-42a9-4542-a90b-79f4651cbbe3, 3919 
351107 6b7d2c42-5849-412e-9068-f7a8eb4358f7, 3919 
362825 d382276c-c785-47cc-be03-af2cd43a632b, 3919 
258765 85f1a2ce-04cc-4e1a-8573-e6020473e1c2, 8505 
43916 3b8aa05d-3d45-4893-8422-66ccb9760961, 8505 
288070 6b96da0b-38d8-4a45-bf10-f0c23128a04c, 3919 
147804 efa01d25-0038-4abd-826e-b7a505874642, 3919 
367 3ee48083-b306-4594-a217-d6c26a5b548d, 3919 
251724 6c71c8c9-732f-48a6-b96c-70b353f0aec0, 3919 
18047 7b1a6f4b-bccf-47c9-8397-0fb0af730427, 3919 
239409 de668121-507b-4d88-9af8-fc4095caca51, 8505 
329937 3c8ccca8-0b8e-4710-9cbd-e7af3b21b1db, 8505 
368436 ce83cbac-5b10-4560-ba7e-cc2f05a521ab, 3919 
313406 473c427e-3e86-42f0-9018-4eac189bd770, 3919 
209477 5433c5b6-a560-4b2a-a61f-545e4fde1fe8, 8505 
388087 88f3cf63-2f41-4a83-9d0a-e9b4fdaadea7, 3919 
1148 527804cc-d588-4136-aad1-58cf075371e3, 3919 
6066 c3adec08-9d03-41f3-a3d0-3121258c5aa3, 3919 
358273 9444b80d-6e0d-4770-9ec0-cf555b17b07d, 3919 
162428 2e493cdf-f907-4d69-9945-605a2610b8e5, 8505 
263511 1780a125-a6e4-4ce7-8f51-08d570e4fd54, 8505 
137965 4b5a37c9-c9c6-408e-9dee-722c763bac07, 3919 
254764 e98c753e-15c0-4390-abc7-586127c9a521, 3919 
234315 dfc2d835-bf2b-46e5-9ca5-f59f2dc3a02d, 3919 
309897 e4955da1-7341-4180-9536-9e0baf5a9c8c, 3919 
45953 3523976a-fd14-4851-8e1c-c7f27c8935ae, 8505 
71223 d3bb537d-b684-44ca-b870-73119498bd00, 3919 
349710 9d024453-724a-4023-8b25-5da801caa6f2, 8505 
101655 2874052a-8f88-4c6f-9be5-05096aebfc3a, 3919 
397372 f2c2d1d5-7c58-4372-80a0-9143ebd6e4b3, 3919 
58639 a7bcfcc2-5788-4471-ac96-b756166609a7, 3919 
193236 86a5acfc-717e-41cd-9a7f-0126650a20eb, 3919 
246456 69a58b87-045a-4483-a9bb-39bbd6087462, 3919 
113596 77c2e37e-d885-4979-98bb-40bb43d8ee5f, 8505 
281414 8dce1b35-4a08-4647-b8b7-3917d5a359e8, 8505 
292863 2a45c136-a4e5-4dec-b5cd-16f3c58a7c60, 8505 
17162 b049e0fc-c430-4051-8023-1ccb5c68d6b0, 3919 
222359 e4a601e6-5c09-44fc-91a2-b44705ca8b4a, 3919 
218524 fc8c80b8-7712-4864-bf32-d51bf073e515, 8505 
173936 87f4cc38-ee4e-4141-8eb4-f818ad7414d3, 3919 
40037 e00704dc-948e-4abe-8592-183cc61bde2e, 3919 
395357 79ee23e4-8990-446e-a6d2-1f794cbb5e7a, 3919 
344923 345f353f-99a9-4a34-9bdd-2ffd54b2d55e, 8505 
126608 e813732c-042f-478b-a4e4-1ccec0dcf7c6, 3919 
54776 8c0677aa-6cfe-45a0-a59d-cce671f46326, 8505 
21443 611cff79-cb60-4b22-85a0-9f217124f535, 8505 
35513 38251efd-d280-4eb8-a7f1-95c102b605c5, 8505 
23348 eafcea63-cca2-4026-b7ee-4619a9cddf25, 3919 
332803 fcfd6d76-f04d-40ec-89ae-d7475152bd03, 8505 
76222 2ca22dbb-7f4e-4a9f-a3ca-aa3839d1de19, 3919 
382382 eacb7b28-f1d7-4734-9e1b-e79284c621b6, 8505 
218980 94628ef9-ccee-4ce3-815b-09df8fb557c4, 3919 
137941 756d1647-96e6-4cba-a256-714d33b3a413, 8505 
103339 88f19cc0-5493-4dda-9494-cd826691b7b8, 8505 
343917 06e68967-cf0d-4287-b73e-92b1df0e4baf, 8505 
84671 941eb5c7-4764-458f-8c87-ba1530319a6a, 3919 
157257 88760d82-7368-44fa-8151-ff67f0e01f7f, 3919 
36806 8e2b352a-cf44-4bd8-b187-6e98946bbe77, 3919 
368068 9be52880-0b97-4026-9396-c39bd362adc0, 8505 
119480 bee2d47a-751b-481b-b5f8-712f0a6b8583, 8505 
364770 6dafffb8-5c65-40cc-b2f3-38cf21c7b45b, 3919 
279090 29132541-737d-4d1a-b012-4f9957aa09df, 8505 
175505 fe220acc-2d7e-46ba-9412-3f4e7b6e1fdc, 3919 
9954 4347ccb9-9dd6-4074-bba0-fb4b55e81c2c, 8505 
211739 54de6ad9-c43b-463d-b32e-18a322a37cd8, 3919 
106908 670ed556-914d-4417-abbf-ae74f7f97cf7, 3919 
347441 3ebaf360-af3c-4bd9-ab9e-ed63e9b9e044, 3919 
4825 1deb87e9-7171-469f-b35d-acb4c6cc8031, 3919 
374877 9b9338b5-994e-4894-b974-a9c8817cd576, 3919 
109491 c066b29b-ab8f-4492-84ba-8cbef1e5d580, 3919 
266689 fd9b51e6-a6ce-4385-81d1-cde8a1d2550a, 8505 
241850 779a110c-61b1-46f0-96ed-ceffb511ed1e, 3919 
331871 1887db85-274c-4bb6-a874-c633774eb5ed, 8505 
168302 fd8518f0-4425-4325-bc6b-58b4bd4556d8, 3919 
92531 23b31045-187f-4ac2-a0fa-571315cd8871, 8505 
294828 33bc6926-0400-4575-a5f0-4025308c2544, 3919 
309468 a0821481-a377-4cac-a25c-28ee5e4ba731, 8505 
58630 4832b807-73b1-449b-b79e-e65f51445aba, 3919 
239653 99445b5c-5575-4e15-aeb9-40a5c091159f, 3919 
167792 97694c48-f039-43ce-b367-36c8cd024fc6, 8505 
196347 3180753e-710f-4f95-ba94-ff85a5e40197, 3919 
8250 c2787d33-8105-478c-af35-b93de9e11ab1, 3919 
307470 8b5cf203-e050-489a-a5d4-4f4e1c6d9c11, 3919 
155242 ad2b82e9-53ca-42ff-9e6c-fccb034756f9, 3919 
8005 5957f417-ce67-4ac5-8d51-ebc7756a18f8, 3919 
296492 f6d31894-4586-43aa-b6ea-e2383fa68c65, 3919 
351857 cc38ee85-e24f-482b-883a-4919170337e0, 8505 
80189 0c1b140a-1027-4977-a703-42a95735ee0a, 8505 
171541 c9d42420-c282-48fa-ac6b-794c34ed9ca8, 8505 
381448 ef755304-1e42-4329-9a0b-86e3a94893d2, 3919 
4502 523df81c-8a3d-4a9d-b569-a515cf4801e2, 3919 
93236 8f6c35a3-7145-48fd-af70-d9a361100315, 8505 
236994 36a2d849-7816-4f1d-b189-839ae87c01e4, 3919 
395075 7616d5af-2f34-4044-8b62-994f1a56b239, 3919 
360269 cd7231a4-69e7-4b71-b29d-05c6d4269ffd, 8505 
377688 58d9bd5f-1243-4414-8546-5d0e0debfd92, 3919 
398958 861252ab-ef4d-4c9e-b929-80e0417788ce, 3919 
243564 9c054c1b-a7b2-4bb6-9980-fae9fddb6efe, 3919 
313648 271a82e0-34ae-4de1-962b-907be115dd77, 8505 
267367 b3bef3de-3095-4c5b-9ea5-29c59a721f9b, 8505 
55313 a274ea79-bfb2-4eee-85ca-04fa179c88a9, 8505 
23733 36a5b23f-ad84-4aec-b1ed-ff9f9f431c30, 3919 
275194 42c7b535-5396-4457-bb78-78e8dd55e6e5, 3919 
390341 3149470c-0109-4164-b0cb-13c2dea0cfde, 8505 
73026 c63fc384-0fa2-4336-bbc0-6ed30b4cb8e0, 8505 
300467 23f9c4c6-3d55-407f-a70e-ba28736d42be, 3919 
124348 e85cfa5b-23ba-4a90-b84a-a739b25b3ca2, 3919 
79425 d837f4d4-72aa-43ae-a378-085e1033a307, 8505 
38972 fa431982-7566-4227-8750-aa60ad4366ca, 3919 
113243 58add378-de3b-4590-abb8-2ca2f2b5d207, 3919 
308646 161bc478-0896-4643-944f-5d8792ccc2b7, 3919 
48678 bcf73d54-bf0b-4f55-bb22-ba4316ed1320, 3919 
52195 b9ec51f5-dd66-4d4b-9d77-dafbb21c8b61, 3919 
241833 c09a2498-2222-408f-8115-4671e553868b, 8505 
127034 c65419f6-2d94-44b4-896a-5daa460ec100, 8505 
213111 c8ba8d90-5374-4b6d-8426-cc799fb797be, 8505 
45522 7791bc73-5664-4ea4-893d-7b96bb9c992a, 3919 
266148 c05131dc-40c6-49bd-9d2e-ce53a4cf538e, 8505 
206935 ba5f152f-a35f-4dec-a1e8-075d8f47863d, 8505 
59914 90f46a99-093d-4997-a475-5317d5e1c82f, 3919 
353693 06915142-12c1-4e43-b71e-2f39c1bb1c65, 3919 
100319 1e75aab1-5cf3-49fd-9a91-cc4563044e3d, 8505 
44265 82018fdf-a194-4290-b738-d4774022cd13, 3919 
190315 1af25787-73ee-4a09-80ac-476963b7e255, 3919 
372557 e9759ffa-209a-47a0-b604-170a5d7f7127, 3919 
95073 9ae612b8-d40c-4ade-80a8-421d6b0dabe0, 8505 
92208 2af6c397-c43c-4a1a-b411-fc065103f033, 3919 
53900 d5b7b9fd-c143-4667-83f2-4ccafb35402a, 3919 
8567 99fe2f0f-7fb1-4348-bd1b-0ac5f5f642f0, 8505 
10954 a247cdc5-cf89-4069-bc2e-84ca614b7e33, 3919 
151112 577ad2b7-3156-48b8-805c-d8a5397118bf, 3919 
300687 98718571-1db6-43c6-9833-9cab25493539, 3919 
254304 e22910a5-08b6-4faa-b2c7-e5b39ba38a39, 8505 
59963 6ae399d6-7fba-4456-925c-e520e9bfb529, 3919 
136357 b489caaf-9153-4f53-a648-b9806acf8719, 8505 
243075 1b5ce672-2340-4510-858a-87eab0997f7d, 8505 
128162 88ee8429-13e9-439d-8cf2-fa17cf1ca77d, 3919 
330870 8637d074-b0ed-474b-b2db-b4270d8e24b1, 8505 
127660 4996bc8d-a474-4e05-8bc2-757a069c2166, 8505 
94870 9f167255-e8b8-4bbc-b746-517aaec44377, 8505 
6920 b263b471-7e42-407b-bc5b-b2a19b883a84, 3919 
384230 d444c3c0-62af-438e-bc70-a1bfaee13dd3, 8505 
386927 d2b5df93-b116-4bd1-8ead-0170166ecd37, 3919 
158732 c9363152-3d1d-41ea-bd0d-6af5086ccf97, 3919 
315095 33b76f39-a52e-42e9-b709-28c4c37bdc70, 3919 
350548 eb58b95e-4ac6-47f4-a2fa-297544044d62, 3919 
11570 142e0069-03fd-41b7-87fa-8358483b8137, 3919 
316206 54179eca-d2a1-453b-b89f-8052ce502d86, 3919 
276479 11f51478-f1e0-46b7-abfb-e13ba7da7867, 8505 
253352 34e86213-59ab-4d30-8fa1-c3aecfc16e71, 8505 
273063 0d77350d-8e43-49ad-b116-56882a149439, 8505 
321112 ada14cac-6bf0-4254-bcfb-4bfbcfb82c18, 8505 
205760 9531c819-4928-43b3-8355-fd05143ed01f, 3919 
271243 59e8704c-10b1-4923-85c1-a72281e33c7f, 8505 
13816 ceb0adb3-4d43-41ce-ab21-c0418d12a874, 3919 
202202 c89d5347-189f-4b15-b345-5cde8cb57940, 8505 
376714 dfc077d2-b558-447b-a61e-859adf20a076, 3919 
268302 1f028aa6-0903-4bac-9f36-13d9774d930b, 3919 
119231 9d91de4d-c5a3-4403-ae1a-83f13427f29d, 3919 
299896 a1a6ab6d-766f-413f-9cb5-5a82d7318e2f, 8505 
147674 cdcfb666-1e7f-4962-9f0f-0549072ebaf4, 3919 
251430 488f4178-2210-45da-b4b7-27d47d6b1082, 3919 
66502 947dd8d5-af7b-484a-a088-8c00c24fd558, 3919 
272284 db85bb6e-e555-4c70-b578-fae2596d05f5, 8505 
276637 e377814a-776b-4d56-856a-0afef9a92644, 3919 
342391 58488160-2bf0-49a5-b841-eae075216d69, 8505 
228634 a83531a8-9cb5-4d70-a380-881e3d323c3e, 8505 
1715 972c9a40-81c1-4947-ad00-ca103261f890, 3919 
74376 369a6cee-6500-43a7-b948-c7e1e0b41d7f, 3919 
180515 0de695db-f269-4368-9720-04de1b28c13e, 3919 
153498 fdcd219f-8642-4ced-99fe-bf373481cb00, 8505 
379809 e88f13ea-1426-4ce4-bb04-faf5a6f5745d, 8505 
138373 29bdc572-d756-44cd-bb58-fb724b7cca1c, 8505 
364529 8655f6ac-c7e1-4774-b4aa-f6aa80d3b0c4, 3919 
336463 f48dbdb1-a37a-45b0-9b38-5558451d6084, 3919 
345710 fc39f4bf-7418-4308-9263-5ac707133613, 8505 
235235 5ac9ed37-13a0-45f6-9d0e-93e1ad533cfd, 8505 
108817 5057f657-0855-41ef-8e97-0f2d0ef66021, 8505 
371171 6741dd89-8a5b-4fdb-a49c-0807b319d0ee, 3919 
360568 7f04e89a-623e-4456-817f-bf0a825cd937, 8505 
253293 c2f83298-a41a-4bd3-9054-a6d6383f239e, 3919 
386894 18a19b0d-4874-4c08-97b3-e0bdc23f78a5, 3919 
180119 bb0401ae-3aad-464e-996d-a6b3fa959adb, 8505 
285548 519a9150-4258-4634-af3d-0f88aec33a3f, 3919 
15269 00e8d834-e328-4500-8862-728c52dc66d3, 3919 
385467 db4cc5db-586e-48a0-b615-ff85cc8c0d2b, 3919 
159502 e445886e-537f-4eb2-b789-5c2a5abaa5e2, 8505 
257039 660604d3-d4cb-4636-8d74-067ec58dd032, 8505 
208299 bb5c57d6-96c4-40f8-beb1-932b4024362b, 3919 
292505 7aad2ef9-279b-49b4-bc5a-54907dfa9146, 8505 
81919 72932c6a-12b3-41bd-97b4-21e99d3736ab, 8505 
393350 f3018356-652c-4512-8e9f-0841c16dfe07, 8505 
177273 835f70e3-1074-4f0b-b650-4c27631ddf88, 3919 
306210 7149cd75-1de7-4f60-b051-b88319309a48, 3919 
375033 388cb721-cd6c-43aa-86b0-e1fc8b07dba0, 3919 
73269 133f0aee-5914-4958-a4f6-74d6a47f9975, 8505 
249066 bd9f131a-d4d8-4aa1-90db-a3b772b20880, 8505 
82908 865298ba-d352-4b5f-97a2-194e1ee62ad4, 8505 
117916 cb082475-cb47-4120-acb3-093161aaf0dc, 3919 
179094 6a496978-7b7d-4389-b3b4-552b9aad39ee, 3919 
311020 b78a1e47-2993-4322-be2e-233d677845d2, 3919 
55902 cc36588f-431a-47e7-a347-9a1fcc062fca, 3919 
269331 a2b24198-be18-46ac-b002-a009896a1bb7, 8505 
101198 cafc9dbe-555f-4862-87ea-4bb3e2ae6962, 8505 
23441 894d55d3-f46b-4afa-a63e-0a3eeaa07d20, 8505 
391737 331d237d-42a1-4684-bf65-5f45f56ea63f, 3919 
308425 a715b99e-d20c-41a5-a3e6-76454d991d3f, 3919 
137725 9127c27a-fe84-4eec-8612-b9afa43c964e, 8505 
93832 545e9144-f385-4378-ba2a-4da06e569022, 3919 
310110 b959384d-458a-4aa1-b2a5-0f9cf26ef036, 3919 
65978 009b5be3-c27a-4460-a24f-42f6f7e67f86, 8505 
33997 700c6912-ad31-4149-b730-1b1e898fbdbe, 8505 
370978 4eace953-7b6e-40ff-9bc8-9ade6b653832, 3919 
90847 ab256b07-1db5-4387-bb2a-82024e9ceb84, 3919 
228076 0bf0b0cb-929b-44c1-987f-6855194cee57, 3919 
100555 d1b2cfa7-22cf-4aa3-a910-aaf1b9a58fd6, 8505 
149155 baa1aeba-63ec-42a0-afe8-38cea17bfc86, 3919 
276436 c0423029-3837-45ed-b948-188c953633f0, 3919 
163176 bc155b4e-0ad8-4a2d-af77-6602edf877af, 3919 
192215 617f4bd7-dd26-4e29-8af5-31bd769d2916, 8505 
393696 64553f76-9c2a-4e8b-a4bb-2f12c9c15a4c, 3919 
143911 71efe059-a270-44a2-9335-d2818cf3dcb2, 3919 
7625 cd7ffe23-1917-4046-b6d8-4b5b5b4c2fae, 8505 
317708 9af83a2d-3eae-43fe-8048-ed7c2928f7ef, 8505 
29935 e1dc8165-914d-407b-9754-22416ceb582f, 3919 
370907 623282b8-b88e-4340-91c9-97881359c3bb, 3919 
135038 cd8a4108-58d1-4a93-8bdd-cc3c3419c775, 8505 
201912 aff09729-f68c-48d8-857e-8716b79a3b6e, 3919 
375671 3f98c861-10d5-4f61-bdd1-848ae3636e12, 8505 
403206 3547f83c-04e4-418f-ac22-06db9dad4a67, 3919 
288127 e8676c2e-4b8a-4c31-af7b-a3b9a6fa823f, 3919 
280067 58714bc3-a26a-4d31-9c16-0f84d7f24cb3, 3919 
116997 7613c47a-0421-4ed3-9a27-cb2cb88339e5, 8505 
128824 d2c15150-0ff8-4368-a12f-9da41a4aa4ef, 3919 
297761 11fb7852-8b7d-4a32-a146-5b7e2d93bd3c, 8505 
182205 6b535698-c20b-4db8-a9ba-88fc5f47e23b, 8505 
332180 88e0f14d-a7f4-4846-af2b-74b674632089, 8505 
245148 8e39ad0f-afb4-4e11-ac7f-0201ee991bd0, 3919 
252174 edbe5abc-8f40-41ab-9e74-b2e94b96d8e0, 3919 
218238 6fba7387-122a-475c-abe4-66abff1a1337, 8505 
350348 bbb06c79-15b9-4ab3-991c-d2b26b6dd5ea, 3919 
350451 594ab5e4-1f43-4a1a-bf9d-43f3145f35e5, 3919 
272477 f1f8fe7f-4d8e-49dd-8038-e3cf2d27541f, 3919 
395597 0c98e6f8-0e7c-4d8a-8c2d-41b34482ac34, 3919 
369466 327aee2e-2ba2-4121-a933-a9f609a49474, 3919 
373925 520860eb-97bb-4f86-9fb0-2f3eca319505, 3919 
76819 aa90d4d9-15df-42da-a245-f07676b0e6a3, 8505 
352790 2cc6d6ae-18ac-405b-88a6-b43a90faf570, 3919 
398198 ef76bd3c-0f51-41fe-928d-94f2617675b0, 8505 
337576 37858ad7-9086-4179-8083-9735c659d317, 3919 
119460 0e82a5dd-1910-489c-b9fe-db76737ab153, 3919 
340280 a374d500-e289-4c81-b012-c1f4077b4dee, 3919 
326337 0b057dd5-cb7b-44f8-bc4d-77b7e4bea936, 3919 
31002 0c6f5527-7868-492c-ac8f-0cc2f20aa16b, 8505 
339776 9aee8790-cc6e-46dd-b05a-43c37fe0250f, 3919 
376488 a384e9d1-c1b9-4e5c-abab-e0fb462822b7, 8505 
144410 d3c9e5de-aa09-4135-9ffb-349d0df61899, 8505 
181390 cdec9fbb-f3aa-4c52-b6df-d966cdd1ef82, 3919 
278967 a9c6ab15-2531-44b0-b8c6-250ca6df20c4, 3919 
269713 b4cf104c-c62b-48df-8460-b87c3e63b6a2, 3919 
362986 dbf72e53-f154-4cb3-a302-a22fc6b0f921, 8505 
177490 e73a656d-4671-47de-917f-0f21eb6671fd, 8505 
213015 ebd38051-6e11-4e39-aa16-b226ccfd9315, 3919 
78607 8e30ce2c-3fce-43ec-8e9d-bd27828f6bd5, 8505 
198363 6855c67f-2188-496b-8f9f-0c2e1548f25e, 3919 
160568 8e5d486b-67f6-4818-88cd-018cfeb96607, 8505 
338926 67a4ea6c-a03a-4eee-8747-0fbb8d2e4158, 8505 
34170 b00ec756-1dcc-4d45-b4e3-f2d3d770e043, 3919 
18254 78839518-0f71-4cff-9567-068196583b4d, 3919 
81193 4864e371-5c51-4650-af6c-550592035efe, 8505 
275273 6fe8caae-418a-4c2e-88a7-3ad67a71d3fb, 3919 
82811 b3fdefa2-6b7c-4966-ba9a-26ae10a19990, 3919 
361016 8efc2a34-fb0a-422a-a953-3c4c3a4a455d, 3919 
140607 caba78ac-c181-4511-806c-ce4d3f72c65d, 8505 
335309 ad092db4-28f1-417a-b423-203ccab348ca, 3919 
208894 c24ebb00-49ee-4a6a-918b-727f0e16a788, 8505 
312822 a44fc8b7-24ac-452b-af8c-5270a2b4ba1e, 3919 
92089 475e9bf1-c050-4952-b293-7500e77cc1d3, 8505 
244219 6b7ad8d6-c106-43f1-80c7-9960f1fc346a, 8505 
289876 359e2133-12e9-4a9e-b9c2-86eb97693398, 3919 
37213 bdd3da1d-a56a-4782-b62c-8c3d405474fb, 3919 
272559 9ab26f00-afff-419b-8f91-a64f86cadff9, 3919 
44020 2bf1304b-0e0e-430f-87f3-c35d18b9971c, 8505 
223114 34a7d317-2bbe-43dc-86c9-f1129386a2a4, 8505 
339662 826ac1bc-c3fc-4c0c-b126-818c799169fe, 3919 
228334 e0812118-6cc2-440f-8839-41817c6dc501, 3919 
204686 f794059b-3ec0-4ddc-9cc8-479dba73b532, 8505 
308888 b351b660-452b-4383-b7da-a3e6bc3715bf, 8505 
262458 a4bb33fb-6554-451b-bd65-98fe1e21916b, 3919 
246957 892a9f6c-358e-4525-bc6a-2be7af41d764, 3919 
138634 2231f57d-5c7f-431a-8c86-edcb709c19c0, 3919 
48256 5e668622-a790-49cd-a9b2-2119d4b27568, 8505 
275568 ea3a078b-a1a8-4a81-9ff6-1e9600fb6a12, 3919 
287837 187d76d6-2665-41b2-99bf-62661f0a2b84, 3919 
375011 80237b05-8201-4275-89c9-6bdca096eb40, 3919 
41091 9059e5f5-909e-4a88-88f7-84a3ebd676e1, 8505 
398593 e9452397-5ff7-4917-b1df-c01c5345c03f, 3919 
323888 c955c2b4-067d-447b-a894-5ee83e5ebcc9, 3919 
386370 35f01f0b-dd43-43db-b23b-66b04e4ef92a, 3919 
200379 07d87475-9cd9-4a4c-8b90-c02986cea503, 3919 
263415 efc90f51-5c07-4330-a75f-510c4cf2040e, 8505 
321512 c5a9a519-60dd-4b20-acb7-a57bafeaf2c3, 3919 
152783 0a63ac6e-fcfd-49da-ac40-7a2cb1feeaec, 8505 
53655 35a59f3f-346e-4b3e-8478-163c011d5fdf, 8505 
202727 c217d00b-9266-4a6f-9287-b9ee4048cebb, 3919 
60545 9d5abc20-2539-4b6a-b4bd-5a9d769b4895, 8505 
400012 95bc381c-f3c9-457a-938d-fd12808d26de, 3919 
28923 17edcbcb-d076-4d85-a47a-8c497e650707, 3919 
181843 d8a805cc-3b5c-42f8-95d8-dc2678284954, 3919 
235097 e01fed3b-57f2-4f1a-bcbe-b78dba4301fa, 3919 
17431 0be2baaa-f27c-4cb9-a2d6-68bdaacdd06b, 3919 
298373 fb330f4e-f6ff-45f7-806a-9b0dedd4d9f4, 3919 
103300 5565efbc-241d-430e-a30d-49266f473a43, 3919 
99394 9c48265a-efdb-486c-935b-68730a246f80, 8505 
235897 11c5eff2-947a-441b-9c61-2229bbd54bf4, 8505 
100875 7ce1606e-6938-43bf-b6f0-94e1ff3a8ad0, 8505 
258843 ab567be1-7068-421f-a0bd-c7b7a55434b2, 8505 
241479 41b534d0-9601-4c1f-8864-947d19b33368, 3919 
45027 f2eedbad-acdf-4f8a-ab26-8d460e9ed8f4, 3919 
335420 6428e6f7-1b7e-4970-8881-1a247f75cb91, 3919 
141925 589d40b0-99a8-4e1e-afdc-14af4201b825, 8505 
15250 5ca6b9d0-d8ce-4a30-86e6-820a90d90c28, 8505 
398064 4089e05c-79bf-4772-9f49-6013ab2b83b7, 8505 
131448 21a5ce55-0b29-4019-ab6b-c66ce57d8ebb, 8505 
400215 fdd057fe-e6c3-4ef8-8fab-483d0467e0d3, 3919 
112074 12262676-736b-49dd-ae07-50f99e7e2c40, 3919 
103548 23e7e938-674c-4a2a-9f25-d0510569dd0e, 3919 
335660 c5c2adb7-9a66-4f39-a10c-a6662ec1819c, 8505 
264846 07d34732-afbd-45be-a9ce-a73fcf385a04, 3919 
185423 1a46fb3b-2ad3-4190-b387-f650a25236c3, 8505 
10939 25d408a7-0416-4152-9f34-b8b84dd218ac, 3919 
54176 1f2e6dd8-8d9e-4d98-b1e0-64ee0810f4a2, 3919 
119201 526d44da-8d54-4efe-a832-577defd03637, 3919 
220579 3139726d-0849-490f-a90f-672ef9d61b59, 3919 
298060 3b414648-81ca-4596-92ea-023d6c1dadc8, 3919 
72095 1bb3283a-ee10-4b07-9cc1-24c20fc13cd3, 3919 
106707 c5982659-e932-451e-bd70-09de243e78fc, 3919 
326512 c155d5a1-405c-4207-b3f7-01fdb65d154b, 3919 
128580 03f9b2ee-3fce-4f54-97fc-1316c1159e27, 3919 
109701 b0a37cdd-fb93-42bb-9665-049520b32704, 8505 
350719 83e756a8-4bc9-4bc4-98db-36b88ef68c98, 8505 
209271 8977986d-d06a-43c2-bae6-970da23a12e1, 8505 
28931 abb7fabd-6423-4cc0-bc7c-ab80cb1c7a7a, 8505 
30909 bb9b1c5c-8751-4142-8245-95e4a3f950e7, 3919 
180788 19b79013-995e-4c61-90a7-c781a1b661c1, 3919 
301356 3a3a1632-fdea-4f40-8d22-ed171893d502, 3919 
164291 2dfe4e65-5aa7-4474-87f7-934432a877fb, 3919 
63150 be4e1445-a169-43f1-b81a-9479d6bbc715, 3919 
208860 e19bfe03-5093-4979-a127-ccbdf5d030f1, 8505 
330064 0f23a756-9824-408a-9759-149a6acf4e5a, 3919 
14294 d0f9ac2d-bc4a-4479-9c42-2060a2163aa5, 8505 
349939 ab757b68-d151-453a-8117-02348c55b55f, 3919 
108433 35604daa-1e18-4125-99be-19a637285e57, 8505 
126534 d101ccde-b50c-4633-9258-95e16725505c, 8505 
201622 c334933f-1434-4c02-b3b0-2f998166f18d, 3919 
338186 a5ae5c47-372c-4e38-9dfe-df0758690373, 3919 
327313 8dd2d0ff-4b5b-4ba5-9962-628388813c84, 8505 
348021 b66bbf70-8cff-4e0c-97b8-0789e795b0f2, 8505 
236957 31bbd96b-abe4-4526-9880-aeb687cdb7a2, 3919 
231240 f2d1cd93-4fe4-4f52-a586-09c4c6ac99f0, 8505 
117122 8b8157f2-ab1b-4fd1-9af1-fd7d890d5ab6, 3919 
53344 e25e48cc-45fd-4916-ad57-14202949f06d, 8505 
8667 df578c7c-5842-49e4-97c0-c16725a7898a, 3919 
37530 662fe8f1-b935-4898-9fa9-9460bac21bf5, 3919 
192136 b5ffa7c3-cb69-408a-bf5a-a4884213aed6, 8505 
355940 f0476be4-44f1-41f7-8267-035cebeb28f5, 8505 
346271 07b97418-f3eb-4320-97fe-2bfc10399b41, 3919 
157710 3dfb47cf-ecf9-4e44-9f8c-26a70f7a332c, 8505 
305211 fa3781a7-ffd3-40fd-b563-3237648ee4e5, 3919 
50932 87d56ffe-b432-4e7d-adb7-52c964b2695f, 3919 
260554 c3fb491b-4af4-47eb-82af-9489c4a2861f, 3919 
293329 7301daa8-9b04-4cdc-83f0-b190fe628fcf, 3919 
233469 e880b815-5b2f-492b-a9da-337ec087b798, 3919 
357570 12d6261e-6fd8-4f18-85b2-c5cac754db23, 8505 
80383 c96bd952-0873-4163-aa1f-19725f2153fb, 3919 
32895 9ed7aece-7caa-4b9e-ae3f-fecfde8dfed6, 8505 
58851 3d648039-569c-41e8-862d-7eecb911538b, 8505 
371459 30602824-45c1-4387-8033-0f88d3f97d33, 8505 
348672 b8ae5f74-80e3-4871-8faa-a192fcb2de78, 3919 
275062 fde039b1-e22b-44ba-af7d-764c3ea497a0, 8505 
177917 93e2f907-24ec-4228-ad6e-b61890cc4287, 3919 
361675 fcdfef90-b05f-4ae7-a651-8a77b711272e, 3919 
302521 3143e0a6-3529-4d8a-a67e-3da679904a5c, 3919 
4210 8a80b11b-3ee0-491e-9ebe-c87f91edf72f, 3919 
51320 77ee9dff-af80-41e2-b902-4e24023c0172, 3919 
18518 2765e7f6-5bf4-462b-ab6f-edd546c9ab06, 8505 
347145 03e27d8f-7aa4-4bce-a913-8c2ca62f213b, 8505 
286306 553587fb-2481-4faf-879a-2dbb9628d49d, 3919 
361528 e65bc8d1-e053-4d95-a3a4-a7fe1b10dbe9, 8505 
178627 7851d3bb-6137-445e-882d-12ebbeff04fc, 3919 
358901 da38d009-4cfd-48a5-bbdf-b38e3865875c, 8505 
46650 d9f2497f-1f88-4f01-a1b7-87b829985032, 8505 
327822 3e77742d-62e3-4367-a37e-1f6aa3f461b9, 3919 
15640 41b50ffb-67c5-444b-af03-fd3f1ab149c1, 3919 
211200 6c40f944-4c35-48a6-b8c9-2633486bf670, 3919 
91153 d4409f45-f501-49d6-80c2-7e27a66856e1, 8505 
293221 5a69fea8-464a-4e75-968d-2f1a8d95f6c0, 8505 
237445 70a130d7-9387-4a32-97fd-4af1da4d668a, 3919 
219463 a8a28929-1c18-409b-a4c8-b6791b795e1d, 3919 
248939 e93e2afb-80e9-471f-b689-c84d3afa0cbc, 3919 
147547 d82a401d-7940-439b-b0f2-0425e583c3e6, 8505 
168077 90e59ced-f1e3-44b3-a470-e24f0b9c3db2, 3919 
79677 48762aa9-75c4-42c2-b0ea-806c9eb9410c, 3919 
118920 837dda32-9c53-4ae9-879c-22ce64ca37cd, 3919 
222172 b66477db-7286-40d0-bd8e-315a8c8c87b5, 8505 
197475 ebfad3b9-c5f8-43be-a40f-a434a2eee7f4, 8505 
206835 f9687888-3966-4956-8bad-54079e46190e, 8505 
295335 8768d493-f31c-4bbe-9f8e-3f75631a2b02, 8505 
308355 9c1b979d-16cc-46af-90c1-3e7fc0fb27ef, 8505 
285945 055088f6-f9d7-476c-897a-819b2f4c8131, 8505 
393933 e4f35965-8b9a-4a8c-9638-b220340611b4, 8505 
31726 f01f6823-38b7-4b5a-b537-36899d1bc57d, 3919 
384742 7005a80a-b641-4322-adb1-4854dd2c336b, 3919 
371893 8ec195a3-8bf4-4682-a920-7f6b58e78d99, 8505 
67601 50f3c818-5ccc-4e1b-bc9b-ef110f98a188, 3919 
297208 3e467614-a1da-4163-890d-17a7723436ec, 8505 
66299 6882ec04-c825-4b43-95f3-46d41f9325a4, 3919 
342585 dbd6eefd-9a0d-4467-9369-f11bef342463, 8505 
49670 1cc124cb-e51f-418c-b908-df4000fa04f3, 3919 
115206 4c356481-48bb-4dde-a9d3-a0a2222a1224, 3919 
76209 f78a913d-1e48-404a-b9b0-3bd0046d3003, 3919 
34781 d877f34f-6419-4d72-83b3-0088c4467b2b, 3919 
5132 00b92806-3654-4ab4-979b-ebd80847d7cc, 8505 
50713 e927ba5d-5234-4629-8f36-3d096cdd5085, 3919 
330996 095a87ea-464f-404e-b32c-c382b8a02643, 3919 
215521 734789d6-bdf7-4571-b4ef-d86a3bb7a1d3, 8505 
363452 823ea341-e6f3-4e77-b1f5-6f8c686cfbc1, 3919 
321224 8f5384df-263f-4016-a89a-72af62530b15, 3919 
177242 0638139c-7977-41b4-a2c1-47e661e78525, 3919 
114387 aa498bb0-0ce9-4a08-98a1-4b38804b5871, 8505 
302802 15fc6b38-0710-47a1-b875-231215afb1e9, 8505 
218558 7a747402-ba4a-4ee3-9fc9-ad77a6b376c2, 8505 
244569 b2ffa6d6-c1b7-4673-94a2-e4375fab7b0c, 3919 
150353 e1cd20e2-49ef-4857-a8a3-edc46da1ebb1, 3919 
385643 683c71c2-9edb-4967-9173-f3fa5dc77e66, 3919 
48231 9cc0203c-50e2-4ee4-8a8b-d806139b530e, 3919 
185281 c4d4ba5d-c035-424f-9b5f-564c34d703e9, 3919 
44662 c20b6712-c3a5-4136-95ef-022900afbdbb, 3919 
44003 c43d4b7e-2369-4a01-b0c4-0a90202c7f79, 8505 
399671 769143f9-1e58-4e62-b2f1-485f27b56e0c, 8505 
291884 127ebd08-6217-4250-8333-ac62ad594458, 3919 
164745 bf4b4a3f-243a-4166-b915-e28e355c2a00, 8505 
26489 0702445e-b4a1-4d4d-80ef-015faa7c225c, 3919 
373729 559c3012-6454-425c-a119-53fd0424f5f8, 3919 
359587 14c678c6-ce9c-4b6b-9f18-fe6d6dc29ae2, 8505 
357311 48b821da-11bd-47e7-abae-de060fd0c9db, 3919 
276607 e3ce8af8-1ee1-49af-8dac-d8962b2e9ad2, 8505 
35659 e3e2e6f4-5719-4e2b-827a-530e02ee9787, 3919 
187571 d0f0c3d2-b114-4adb-8d31-faa1383e6f4f, 3919 
241954 ea44dfd0-9b06-4842-85bf-552253e2352f, 3919 
102451 eda15acc-09b3-4a6d-9efc-1726755aadfa, 8505 
85289 ce92e2f1-b8da-446f-9530-9188cf463d5a, 8505 
21107 ec476d6b-23d8-4187-abb6-018395dff952, 8505 
346215 d8f3a9de-d091-4ddc-9d46-2b55c8423350, 8505 
258483 d6128610-3951-49ae-8d03-f94e720f06eb, 3919 
258548 4429a4fd-eb40-4e26-bebd-10493cc5e27b, 3919 
368721 182d0cf3-b0c4-4649-a6e3-96f9254a399f, 3919 
321248 07e65a74-81d7-4c0d-be32-19f883e74bf1, 3919 
116865 bd383608-e9ba-4ce0-b5a2-44f91c820f62, 8505 
119628 e5833fb1-ae00-41af-91cf-ad7176f8f06a, 3919 
253537 a79225f4-b193-4592-8b93-d88955c79e77, 8505 
161062 77537414-fd57-41cf-8cb5-b4e5145817f3, 3919 
121317 5f8aeba2-c09d-4a3a-a94c-265fe46fa480, 3919 
28341 61caf339-7717-4e86-a3e6-fac11616ac42, 8505 
386836 5bc257bb-1d13-4238-86d7-40c155d62dde, 8505 
305746 c1504cfb-8518-48d2-99c7-6119c4077d76, 3919 
157255 13aa7a35-f728-453c-80dd-00f65a12d1c5, 3919 
54408 e9d4db1c-293e-4ab6-85db-ee3870efa79b, 8505 
380730 887246e9-38ce-4747-a835-c6c7fbed7977, 3919 
43930 da275bb8-ec6a-4e99-8d71-8f40292978ff, 3919 
30719 9aab59ac-76a4-4917-8a64-0cc2177b3b1b, 3919 
24434 2fdf5977-43e2-45a2-9ce9-65a5f348bdbd, 3919 
217595 ca9cc24c-c537-49b7-b144-2e07e7aab913, 8505 
268235 52c5c0a5-0c9c-4948-8426-5901fa67aac6, 3919 
183491 ca4a4536-fc25-41e1-9003-2c8ee6bc63f8, 8505 
221453 f9c4cf36-861b-460a-ba2a-ae18e775d059, 3919 
277069 3f46675e-d5b8-4fd2-903c-e0a9a96deace, 3919 
233668 14f8234a-28ef-4fa4-b20a-07c5997b68ac, 8505 
382270 90a5f144-cb9a-4122-a3e2-c567e5fb521b, 3919 
141452 2b562f51-e424-4f45-ab0c-3a20ffecbd15, 3919 
115330 f44065ac-b42a-42d0-9996-e9386bab3fda, 3919 
389108 d2731a51-bd50-4c2d-b0f8-a5119dafdf8d, 3919 
345716 674c54c9-c0a4-4491-81e5-687138b76236, 3919 
112983 b180ebc1-fac1-4a8a-8957-293ce640d3c9, 8505 
251959 dee07668-12db-4728-9414-49006711436a, 8505 
1782 2d955c9c-ac8e-4cc6-a8b0-c50cccd28c70, 8505 
10973 494b0101-27e6-45c0-8389-d97b822cfba3, 3919 
104196 96163cc6-5950-4fbc-9f96-1eddbcd099fc, 3919 
50707 6b6f068a-d1d3-4b2e-8abc-ba60e04a0c0c, 3919 
112548 57a6851c-73e7-432f-8c69-16f16f0c6a37, 8505 
189531 a25cf5e2-80df-412b-9e88-767c7e979776, 3919 
301369 acdeb039-e8bb-418d-8edb-f22acf3cea59, 8505 
340220 bb08773f-5c89-4720-82e0-8eb7335a0d6b, 3919 
342663 5146da10-980f-4234-b051-d9739c9dfdff, 3919 
329504 c746098c-fa0c-429f-9f62-6731c166ca38, 3919 
173029 27505b60-6064-4ba0-8174-fd0ece6843a1, 3919 
184365 0d263b0a-abbf-4a5d-8c43-e833c31042c5, 3919 
38647 89dfb4d8-9c1b-4042-93b9-531b4cafd441, 8505 
145085 76e4d424-7813-44ee-833e-6c3a580153fd, 8505 
11267 5a5acb3c-962e-4edc-b8a8-23cf913a3953, 3919 
137181 d2cce8e3-b2a8-44fc-845b-8d90220bb0be, 3919 
276813 ca7b06da-d418-41d9-adef-0475029f868c, 3919 
88927 c3e452ad-5d29-4e3b-827c-fb8be939eba5, 8505 
207564 e757cfd3-4448-4fb0-9bd8-3524ec6fb9f7, 8505 
383074 4e4e83b5-ee08-4f27-a153-a2f6052b966c, 8505 
153906 93dae235-4830-4a18-a544-54882d07b281, 8505 
269573 b8ad1253-8fab-42c3-b6d4-d8fe102015d6, 3919 
138449 44c0690e-3b9d-457e-b479-11c1dbdd3d9a, 8505 
339948 7761218b-1032-46cc-bf2e-316277e8525d, 8505 
33 44150821-7a49-4a25-9ef3-87d4cddace71, 3919 
243179 c901fb6c-15dc-4df9-b6fd-409ad74be3d0, 8505 
87881 079a9a10-b3d4-41f2-9619-921bab5598ea, 3919 
153545 8f87a14c-4cb4-4104-9a11-b91f7f14f5bf, 3919 
41111 59417dc1-e014-4274-87af-eee0e7045f63, 3919 
226217 59c0d375-d8c8-46f2-b62c-c157eeab1af4, 3919 
126611 66ad56ca-279a-4a4f-9ab2-c852520a3d5c, 3919 
240003 2ef9f102-550e-4763-ad4a-930740f880e6, 8505 
110825 503757a0-37bd-4a32-9628-f6fcaf50c82b, 8505 
303940 786f9239-e643-45e7-a37e-4920eabf041d, 3919 
381025 d40d4a58-04fa-4a3c-a751-8e66981c29b3, 8505 
271520 f8a16575-ce52-4581-bee5-73d9eb8ef07d, 8505 
64819 7633b62a-bfe0-418a-ba64-34ee60019c0b, 3919 
148607 878d0f05-a871-44ab-859c-49ee0e4ab293, 3919 
139605 f5e7b295-3ad5-4d04-a9ed-6075c109b9d0, 8505 
198280 44ffc47c-4416-4479-81c8-f04c9bf3e1b3, 3919 
254201 aa8e28ff-660f-4559-861a-f8fe6897fe08, 8505 
365972 bfffb18d-393b-4f6f-9404-b43aa253c98f, 3919 
240314 5935d66c-a39d-48e1-9af6-fec80dc2f002, 3919 
296701 43dc5b94-7764-4cc3-bbed-01dba419742c, 3919 
302543 bd5d8f0c-a485-42e0-971c-05178923c017, 3919 
72420 11162146-f4d3-4789-b3f4-68b9912f993a, 8505 
123711 1f5299de-c6bc-4331-9a55-2c56b0375f9e, 3919 
397985 80a9a824-9d24-43f8-bb4e-6094f2892268, 3919 
327844 c4feb0cf-3df7-4c3e-907e-2af36c9e1547, 8505 
59927 2d4f2c15-ab8f-4f15-8b40-f98687739c97, 8505 
152688 72faf688-62cb-42cc-88f9-7ba41e036a62, 3919 
257938 23e6834b-61db-4aa6-b32a-1b7e6d4d832b, 3919 
326569 6b4c9894-ab27-49be-b9b1-19ae06bc1e9e, 3919 
246449 85be8448-96e1-4f45-ad3a-dcaebc8f8d15, 3919 
130849 19cd326e-1da0-475b-889e-27ee6a9c1c64, 3919 
272215 a6279852-469e-4111-b7cb-79018963216a, 3919 
71688 02bfab78-c48f-4366-886b-d989f9064805, 3919 
157167 4229e114-aec5-4a25-80d4-644ced29413c, 3919 
352872 e474f6ff-997d-4fd0-a9d3-d0109008cc85, 8505 
101821 7b661a6e-89e5-499d-bc41-1d3d0819c04c, 8505 
366772 66556197-bba0-42a6-bf79-4db20d60abd4, 3919 
145956 3129428d-ba61-475d-b30c-b934eb1f4c2b, 3919 
149461 476c9677-85ce-4c5d-b9ad-bf3f728e6f34, 8505 
34461 cd1a46fd-17e6-42ea-9a9e-db0480326dc3, 3919 
304161 1199554f-2b78-4f8d-b2c0-c49ac81964df, 3919 
176286 d33ebf1c-4932-4c51-8ce2-d834be73d24d, 8505 
169457 eefa5ef0-3a2f-49e4-b186-a37e3f4f86f2, 8505 
127064 49db223a-9b54-4368-8c5e-23914f9c2d81, 3919 
56403 b5fc50d8-0a99-48f8-80da-8c112c4fdbed, 8505 
251907 b64942a5-356f-44bb-9b2c-280ad775aa2f, 3919 
62092 a8460c59-78f7-4943-83f4-19315c3ba6f1, 3919 
34371 a8132fe6-7b37-445c-ae20-cdbee312f0f1, 3919 
356806 bfb62dfd-c67f-4c45-8486-865844429d9e, 3919 
19163 0ce603fe-74d1-4220-b4fb-0ed3ac198736, 8505 
151203 78350529-aaa0-4d1b-a93f-a5d710a4dd8f, 3919 
239483 3d03b4c7-fda7-411e-b8ca-88f371a66c9c, 3919 
70731 7a8d6f21-7ed7-4edb-be00-af3bc1458d8c, 8505 
281223 278a6e43-3038-4d40-b00f-d467e009150a, 3919 
213021 f034aebd-61c7-4c11-b430-9170c5828366, 8505 
189699 6f015639-10f5-4d61-9582-2088b3bfb0e9, 3919 
180461 ba5f5750-af92-4574-b4ed-154ce3649c99, 3919 
254027 675fd24a-d2b5-4b05-98b0-add863cfc5e6, 3919 
365720 46e84c0c-05a0-41dc-9fc3-99d5e0c30137, 3919 
83639 52223804-42a4-4b00-923c-a603c1c9295e, 3919 
259868 6d67433d-0f93-4617-9860-8b540429763c, 8505 
31099 66b7ec1b-7df2-4de7-9109-a172ba131eb6, 3919 
376612 17adf060-e711-4f75-85ae-def95cbd3d8f, 3919 
345506 9c5c243a-f732-4c44-b605-4095c01707a6, 3919 
152613 5da95187-e8aa-4c30-8342-8d8dfe9d80f8, 3919 
319596 e560990d-b79f-4dd9-bbaf-eceaa1253da4, 3919 
374309 87a649a4-f7b2-44a9-8cb5-99f09bb0d5d0, 8505 
128209 62aaadf3-95aa-43e4-9bc8-fc1c395ce6f9, 8505 
183179 57ceb696-a753-4f84-959d-2281bdac2603, 8505 
399845 ef4eb0d4-b11b-43cc-86a8-ca20484368dd, 3919 
178285 7ea8f2b5-3dc6-4447-913d-5d59830e2a67, 3919 
13231 ba80a7cf-1043-44c3-9872-bc095b97580a, 8505 
307630 4c812682-effe-48bd-9e0e-1158a0f96767, 3919 
170129 43a485ef-ed45-4948-b5d7-2e495180df39, 3919 
329565 6821750f-06e5-456d-8074-2a4b832e4550, 3919 
110740 456627a5-127e-4cac-a0d2-33bef2f75af8, 3919 
210319 0f1c9153-73ee-4cf2-814e-7e78adcd93c3, 8505 
387972 f93b0b53-fab2-4627-8c30-42c1231c021b, 3919 
206630 81675ec9-365b-4b1c-a0c9-e6003f0632e9, 3919 
341879 640b5c1c-44c3-4100-b87a-64bcfda874f3, 8505 
128312 29ceeccb-eb3f-4a16-aa62-2cb2d207fa89, 8505 
132211 a7aa5f25-c84e-4507-aa77-5f3fff69d31a, 8505 
41447 27761ed6-d2ec-498c-b7f2-1a4abb5faf22, 3919 
379785 136d1b7d-c460-4c04-99e9-e2ffe92d442e, 3919 
325623 d0b2df04-0167-4b87-949c-dd5c05dd63d6, 8505 
190162 30e33958-17eb-4d32-8725-bdf181ba7fea, 3919 
61468 25e2c658-cd65-4632-af82-897d2b9f8caf, 3919 
37363 de4f056a-26ea-486f-bd5f-96549da8f363, 3919 
312528 7db896bf-598f-4a27-b647-39debc06c29e, 8505 
263942 fc219acb-891c-4782-9d58-acb8a5fa8954, 3919 
151117 66b8874d-f35f-46b2-aeaa-13ae3f34f7e8, 8505 
367370 2228ec87-6fcd-4f8b-9139-d5fa322e0ba5, 8505 
76862 c2b56f35-8c4a-447f-9795-788942afde93, 3919 
104838 78e54de3-7461-4d9c-91fa-ad7787fa1f13, 8505 
61576 11d34a86-938c-40cb-9cac-607f18e88ad3, 3919 
219433 c50720e7-c5b8-4ca3-ba78-8184da58d93e, 8505 
223139 62dad57d-0546-48a6-930c-bfac19c94396, 3919 
156011 07ed9395-a36a-49d8-9026-a33fc8bb33ec, 3919 
184656 3079e574-b97f-4541-8ac5-f2864239af14, 3919 
232550 c7eac942-8429-441c-b288-657c1d2a4476, 3919 
97708 6bfdb913-7850-4f79-87e6-3c74ef1d620c, 8505 
358443 93464408-0427-4607-bd63-14ae087e1ee9, 3919 
815 0402a7d4-30ad-49a4-9796-d0ae015abe27, 8505 
220302 362493cd-da6f-4e7c-bbd4-53c417c76a84, 3919 
222780 628f170a-978c-4310-9d51-df7b358e3f12, 8505 
73687 88c33581-fc00-42d1-9b8b-1aa4a286cfbb, 8505 
332424 7c418979-2f45-4732-b073-8701b4d010e8, 8505 
391749 57b0ee68-3754-412a-ac13-b40b534611d6, 8505 
220961 1db4e2c3-da5f-4986-808c-d4d8ac5e29a7, 3919 
65991 9d090ab2-ccd9-40c6-937f-d21f0e96ffc0, 3919 
389800 3e0f29d1-8331-4a59-8a1d-0e6ba20daefc, 8505 
209777 cad9f704-6427-4526-b71d-c005f095f131, 8505 
250204 fd0368a0-676c-4a51-b137-45b1035ae926, 3919 
259552 14009eb5-ec7f-41e6-91d2-e3e2ed9d9bc0, 8505 
9694 0e2c8efe-163f-4880-bbaa-816746b6644b, 8505 
304638 abf67baf-be83-4b12-883c-31e70c97123f, 3919 
356249 1d8ea309-865d-4a47-a76b-fa4f3e704d19, 8505 
268669 264d3cee-e7d9-4343-8e88-2906131f1662, 8505 
66680 ca9ffaa4-f397-42d9-ac93-9eb31877072f, 3919 
267956 f3f13e94-c806-4b8b-82fd-cfbc5009b84c, 3919 
64237 1c3b0908-eb70-424d-b98b-f77d8b05ae40, 3919 
287418 87502590-2eb2-4d7e-a7b8-0f1832685109, 8505 
263198 61ac3590-dd45-4966-b410-3445b4df910a, 8505 
374440 a884b66d-946d-41c2-abaf-d5ceb314b799, 8505 
125924 7610fe18-8286-409f-80d6-deecbf3b35d8, 3919 
251789 c69f39a6-b9af-4fde-9e43-0711f0e7d204, 3919 
360936 4956ed1f-a543-4032-a056-a5bcf47c0603, 3919 
95959 e75f233e-aa0f-49ee-b2dd-ea8152399b14, 8505 
162416 cda0b095-474c-4fde-9a07-275a8585f6ae, 3919 
83879 69a7d3c0-a802-4b6a-9fb2-7d1cfe2c0950, 8505 
250708 71d0c441-a7b9-413f-8e53-aa351936b2f8, 8505 
216844 af23313d-e4a1-4b1c-95c2-201184fcdc1b, 3919 
368621 248e73e1-f1ad-4b1d-b414-02d1960d2b30, 3919 
34519 1654de9d-efae-42ef-83f0-b407cc90f319, 3919 
319413 e686f32b-778e-401d-89d1-032670860156, 8505 
77660 b44df47c-bbce-4d04-9614-72e6514fe869, 3919 
118306 6a4c49b0-4bb7-45b3-a0d6-63fc672418b0, 3919 
14643 6d92d1ff-12b5-4eea-9479-e46718294599, 3919 
12426 8a94f92f-998e-4c6c-96e2-531213033e53, 8505 
271437 24f9d2cb-de30-4c68-9aec-5ca5eb95bd41, 8505 
100160 8530fef9-fa0f-43ab-9c1d-1d0d0fb2ea81, 3919 
162501 3dbcd49d-0983-4b28-b24d-847bc7c44ec4, 3919 
161851 bd6dd24f-4180-428a-ad5f-7d50935b43a6, 3919 
155046 4607fad8-c153-44e7-a373-147dd1c47d12, 3919 
272359 90b29872-0f71-43fd-9fe0-b7088cca1868, 8505 
243234 41fd1e5e-ab3f-4d06-9d7d-183d81c50cda, 3919 
91505 de821a54-1920-4c15-be71-108c033c4cbb, 3919 
145107 313f15d9-44d5-46c0-83fc-ca8d6d226682, 3919 
131566 407ff213-4e4d-4db5-a093-5c4aca9b5798, 3919 
59911 633f1281-d7b8-4c69-9ec0-4d8d441a62a0, 8505 
176400 c6de5955-f20c-42f3-b04a-9aa37d640193, 3919 
177953 69678dba-c206-4116-9ce5-132bf22875ac, 3919 
233471 1ebbba32-d701-4a9c-9ab2-6d3c1ccf11a8, 3919 
118878 cf1eaca0-62d1-4a99-8cf9-21f7e9975378, 3919 
129228 a5873b55-ffd0-4c66-abbd-776e1e327665, 8505 
110274 e76e619c-0742-4afe-97f1-6d1380d28753, 8505 
197517 0ba66f48-6114-4435-a12e-707a797167c2, 3919 
259693 d786e1f9-3608-4331-b0e9-e7683d0f3e91, 3919 
381062 16011062-5a74-49f5-b53b-aacb009b7cb7, 3919 
97560 669fd302-92dd-430b-9979-cf644ec25d25, 3919 
338136 d1e54fe3-23d7-4050-a29f-2064104f6d16, 8505 
46974 5a4c7071-3bb8-4bf6-b91f-22e72f5ba517, 3919 
299947 3d8c56cc-acab-42d7-a490-0869512167f1, 3919 
283758 8730f507-28f2-4db5-8b0d-77ed4ce6e4b9, 8505 
250339 8b6d95d9-c7e6-4d49-8743-d4ce5cdb4bea, 8505 
200431 f39a8e5b-1c62-474d-ae47-e5cc69ac88bb, 8505 
309051 a82e38ac-d336-43cf-86dd-64d60b9f8997, 8505 
161597 782e8fd8-7279-4d9f-9dbd-80e87bcc97af, 3919 
157627 e1f83f21-c7ea-41db-a3a4-6e26b4c47fbf, 3919 
222743 c71a6827-d896-45c8-ad86-7fde02e67694, 8505 
93124 ec01382f-ca67-4dce-ad18-4fc44ed32e2b, 3919 
261323 8993290f-22f6-4845-852f-a58395413be2, 3919 
172432 33505222-b23b-4619-8ebb-407c334c1433, 3919 
238181 8f72f749-6936-48b6-9452-c8f9bc015680, 8505 
262006 4cd563ec-d60d-4c56-94ef-be2a8d8e8c4b, 3919 
28106 016b5ad6-5546-4829-8007-a5add12b87f4, 3919 
264522 d790296b-d0a9-49a3-9aa3-e77a945aed0d, 3919 
205679 322d133a-b18f-48e6-9ec6-bf25e874e4a0, 3919 
344057 23d0453c-bcdf-4a6b-b8e4-9488a888e08c, 3919 
401930 0e260dad-d30f-4ac9-8eee-25f70a741764, 8505 
20260 095826b8-1616-47de-b9a6-ab4a93ff72d7, 8505 
320644 bc68622b-bad1-4358-af55-62647bed4bd8, 3919 
161027 9a110c8a-350d-40f9-81b3-576d36f5edec, 8505 
304990 8569f22d-9ff6-48dd-9a0c-81a4ba2d40a8, 3919 
197142 be825db4-a4a2-4815-88a3-6960a2ec68ca, 3919 
90291 c25b02db-488c-469e-9418-1311911e63b0, 8505 
303733 ec6cad1f-51c8-4dd7-b134-959d40e8f3ce, 3919 
133752 912caf8f-f790-4665-ba48-9afe18cb0eca, 8505 
252427 f28adc38-f0dd-4873-83eb-eee41f126d4d, 3919 
364211 e356fa7f-4ea7-41bc-a2b1-e3ac94ab1330, 3919 
5806 be300ccb-d7df-4781-ba4d-a6f5a6c4beff, 3919 
9743 cd9996c0-bf40-41a2-a59a-7054e6ddab57, 3919 
261244 619ba937-0d69-4eb9-ba3c-40d7ed086007, 3919 
173327 a89d4259-0d85-41b3-8471-e6208ba60ea2, 3919 
297483 4cb34f28-6e23-43a5-bd05-03e911bcd7e5, 8505 
115520 0156f145-9324-4f92-9b99-32d9fd394098, 3919 
106361 77616c03-a513-4a44-ace7-036f270a26eb, 3919 
124063 2255340d-a1b0-45d6-afc5-6b4ce4781910, 3919 
38975 0171bc07-af19-4e41-8e27-4c9df4a2a497, 8505 
154981 02e55828-19a2-4a1d-bde8-1e8806bf3aac, 8505 
9429 826286f2-0faa-430f-a3c0-bd6b33c11d2e, 8505 
383929 130051b8-dff6-4876-886b-4e322cf81816, 8505 
200178 5b0fd975-4cd4-4f38-91a5-ab515df96356, 8505 
400808 0d168502-5621-410b-9e10-950c0b9d8816, 3919 
257158 717aa879-9357-44b5-a9f4-518f3c2dc847, 8505 
264153 ef4207bc-dbf9-4312-b684-beab884505b1, 8505 
338128 d1898dff-8d9b-4e57-b58d-3339dce961b8, 3919 
242341 87641f3a-65e2-4237-9507-16b7db916e70, 3919 
195949 1f236e9e-6e15-4472-a954-375eaf3d3b6e, 8505 
243859 ce171d05-5953-4ce4-985f-444e88d022ff, 8505 
361116 55da33f1-4202-430b-bf38-4caa96df52cb, 3919 
51693 8126acb9-390c-46a3-97f7-35d743779282, 3919 
165728 800e608f-b2c5-4b75-abc4-1716ac7c1681, 8505 
61751 57f9f379-ca30-464a-b689-57e713497ca8, 8505 
64010 2835efb7-705f-40c9-8b5c-e6bd9c1f81c5, 3919 
29743 c4fa1e27-7e46-4bcc-8b83-0b3d4d9822fb, 8505 
352266 6d020b26-a2f7-4303-b285-9c28a2910a59, 3919 
82472 6959489f-3cc0-430b-9dba-f469e9d92a0f, 8505 
55754 816ae4ed-c518-44b3-ae6c-cbe5c6b6fa79, 8505 
278641 c8c02fc1-ba89-4a64-bb8c-31404683a585, 3919 
101863 acf4443c-da0e-4eb2-9d3f-79176d98a6c2, 8505 
181881 bab02d8f-c010-4fe2-a4bc-1d5abd405294, 3919 
138016 6731771a-5db3-4128-97a8-6cef64217070, 3919 
148917 26c2921e-c877-4f73-b2ca-e0404e8ab439, 3919 
93760 ea9aab58-688e-455f-9a91-5f4c1037fd4d, 3919 
95991 24509cb2-f58c-4733-8488-efa8f7d8ebd8, 8505 
223651 ea62af1e-4137-419f-9623-a34f39c753e7, 8505 
358251 5bbdfc5d-2715-4666-8b1a-7fbaece8c2de, 8505 
371455 76314db5-a466-4a71-962c-3847ef1924f9, 3919 
142122 1f6b4a6e-fae9-4aaa-b3f9-533b67631cd7, 8505 
128177 a2cdf5ca-239b-4129-8d24-408282b6c147, 3919 
328113 3b088b3c-c5f9-484b-bbd4-6a24f7d22632, 8505 
11023 7a61f522-66f0-4722-b70b-d8bf8528a86a, 3919 
197196 5542bf9c-52fc-4e77-8e0f-d42ee685bde7, 8505 
29641 c650bb53-641c-4d02-99b0-a9750b98bce5, 3919 
362505 a339ffbf-5878-434f-80b9-96b0042012b1, 3919 
220293 e2271834-50a7-4476-bcf7-9fd1538893c4, 3919 
307084 b5f4ebee-0639-46fd-aa8d-b137311eeb75, 3919 
313985 eb7c0109-2183-4658-bf09-2d94d607c7e1, 8505 
358940 f4866e9d-6caa-4505-ae8b-1b8c997e1c22, 3919 
56080 eaf2a54d-f38c-4adc-9b07-207819b682bd, 8505 
330897 b824b004-e6e7-4eb5-a04c-43707ba3920e, 8505 
9703 d1865d90-73ed-489c-8ca5-d4fbaaf6e956, 3919 
325905 8aac8ac4-3a31-411d-82e6-4c5010b72d08, 3919 
267755 cb7efdf6-9b7e-4b98-9e38-f648688f4159, 3919 
193765 7050274e-f956-4d41-bc66-a5c13fef14ec, 8505 
96299 3a1e8885-225a-4c42-bb81-b8315da7c891, 3919 
170052 849a4413-302e-4170-80dd-082798308798, 3919 
251040 800f1054-4906-421c-a90e-af30edadfda7, 8505 
230530 18f61b63-f98d-435c-ad17-52f1d276ebfd, 3919 
322197 f3f5a28c-bba3-465f-ada7-a7264c716e6f, 3919 
7283 6a791e7b-5ad7-4e66-a960-6ce8b88a0572, 8505 
181113 95a8c098-666b-4b21-84e2-22db91085b6b, 8505 
255879 a90a28cf-3399-426b-8a01-e3871d64cdde, 8505 
347645 e8dfbafd-f2e1-4cc7-be1e-e4dea49aaa0e, 3919 
343655 458dbfe0-5cbb-471e-b106-63a4da0dcf85, 3919 
388784 f8b44ef5-36c5-4e20-ab9c-8fd0e0b531bb, 8505 
329877 336cfa1a-8863-4cad-9fce-14e9ce34ff99, 3919 
60215 e85e80c1-1a7e-437b-8dee-8ccc8998affa, 8505 
215750 f6395214-b14a-4ffe-8d09-313cbf76f41e, 3919 
290326 581b8426-f2ba-46c2-97fb-ae1880b81992, 8505 
145915 1829cfce-9473-4738-a558-00b614951609, 8505 
159263 0a78a1a4-01d6-4111-85fe-b2150968ae47, 3919 
269190 3f1352a7-9f9e-4647-ae9b-40c7dc705802, 3919 
84070 d22db30a-131a-44aa-823e-b5f0cd06e5a3, 3919 
284486 effc5b79-2f01-4d2a-b6b0-4a260e8434df, 8505 
64822 6fe3249c-494c-479a-bcc4-7dbdd6914caa, 8505 
341343 fe6f8286-b824-48cf-8f06-378b376549b0, 3919 
395750 6100f13c-b66d-4be5-a595-b17fd844fc17, 8505 
371040 ad6cc99b-77c7-4bd6-9023-b3d733319f0d, 8505 
59426 3b547ca3-78fc-47ba-86f2-57d60354e3d3, 3919 
199716 2c528e77-a269-4585-8024-32ed6fe85ad8, 3919 
303954 f1648d5e-f8bf-4222-8428-c18a54112f7e, 8505 
68677 fafd4c1b-fffd-44d5-baaf-8ff223aad64b, 3919 
343840 dd27a191-a25b-4985-952f-e3a13249f2d1, 8505 
19588 f8ec16b4-c373-42cd-9d2f-293a2074ce32, 8505 
27253 e6951933-3569-41d3-af66-7e365677d1b7, 3919 
229228 60ba523a-daae-4c6d-8dd2-f191824e6594, 8505 
332582 949d2028-dfe1-4c34-86d1-5f04ec32fa22, 3919 
54962 3a0c2ff8-3728-4e31-a72a-0595e566b78b, 3919 
80021 2468b323-9ba6-4e93-8909-6bfbc3208b4b, 3919 
196639 70422096-3ca4-42b3-ab0c-754f1f1217ef, 3919 
194127 65ca5bbb-1708-41c9-8459-a20c43acc356, 8505 
390066 7defa2b5-0d15-4323-ab10-a4ff6267d024, 8505 
93811 c40d03a3-a8bb-4c61-a5cb-c86967b86b67, 8505 
342446 466f821a-24a3-4b67-9357-84a1563f02d0, 8505 
339461 d5db2c3d-7357-4401-852b-df29892ad3f4, 3919 
241332 2c09c11a-ee95-45a3-b39d-11482f066478, 3919 
324289 7a9d9e90-5d32-4119-8c06-0fb2a02e15bd, 3919 
326101 1ed0121d-f487-4ff1-a678-cb6625ec0fee, 3919 
200579 ee52b7b5-5bf1-423e-aa08-c293046f4560, 3919 
202615 5cc0ecc6-22b2-4913-a2fd-b0965ae1855c, 8505 
333691 bcf0dc95-9a5a-4cda-affb-f887a7420f6e, 3919 
20406 921c8286-7ad0-40ac-918c-2a8467fd9123, 8505 
91671 2e16d649-3445-48c4-aba4-aa106b030e2b, 3919 
95685 49e995d9-1020-48ee-9166-6dea3739134c, 3919 
142347 bb5c2dd1-d7ee-480c-94ee-c28cb9d94cd4, 3919 
372787 83ad7368-2fe3-4a8d-9d90-cfe33a10202b, 3919 
182864 37a1af8f-7f2f-418d-a9d3-917ad4627660, 3919 
105563 3b81e62a-44a4-4029-abf6-28a1ca5b47a2, 3919 
331467 ef182a88-d229-41cb-b3cb-2a9b3415f402, 8505 
285108 fce10c9f-39f0-49cb-91ae-005e707c503f, 8505 
343964 da35ecc4-5fed-4d12-9a1c-410ac3d69f1b, 3919 
160130 053d9560-7de3-4ee7-9036-796503516384, 3919 
331291 f0fafd12-28e8-4acb-9cb6-090261c21b39, 3919 
10543 293636ae-662e-435f-bfd9-c0171312d613, 8505 
149451 07ed2d92-f2ee-4623-bd52-4b1035f98c47, 8505 
146446 d90c0542-3b7d-4ff9-8642-b351693053db, 3919 
348936 77c11248-18b0-480b-a0a6-94182958d413, 8505 
259768 ec29b171-3659-4a2c-9906-9a2d20c82d72, 8505 
236087 3f7ec919-ed77-4933-8512-cefbb8435121, 3919 
70363 d5bb3e75-47ad-4ed5-b66b-e10c7c81e93a, 3919 
45208 931c3042-e8cc-4ac4-9a05-4a3234dcd006, 8505 
233948 850e7eb6-8eeb-470a-95ec-55308f0f9e23, 3919 
284107 76763b23-2f40-4867-a0cf-b63f160d2730, 3919 
27883 cd522f1b-0405-4924-be9e-9d8dffc09c76, 3919 
159063 69a9b6bb-326c-445f-97e0-818db6edf14b, 8505 
252326 9bfab2e7-2a26-4a74-921d-4b4f5b06881c, 8505 
293305 192d9850-a569-4594-984f-ffb48408f850, 8505 
308723 746bb291-971f-4b81-a054-53f58863ea11, 8505 
182185 9298b213-84e1-4b19-977b-2741e104765b, 3919 
201299 98eadc68-b10b-4e07-84d0-81b35449b12f, 8505 
306301 60cbd548-b971-4bcd-ac78-dfd261969925, 3919 
103077 078fe0d6-60e3-4cf1-8c26-8015e6a057a8, 3919 
134702 67b8cc3b-85c7-4e44-9d37-0c16d6510acb, 3919 
253281 59b6e779-0ae2-496b-87f4-9651a684bf2a, 3919 
232075 23f0e7bd-3ac4-4af9-a4ab-3c16b8be107b, 3919 
364712 8e36da0b-eef2-4935-bf72-dc4f7fe26be4, 8505 
248696 0aa89b43-e188-423c-a46e-0238047cf771, 8505 
135978 d5b18c3f-285e-4ad3-9af7-41d3e8a95525, 3919 
391498 82776299-9887-4f20-915e-30477554edc2, 8505 
278879 916b0023-30d7-46b7-80c9-c310dd629bed, 3919 
218282 4fa179b8-382d-4aee-807c-dc0036ab15bf, 3919 
147903 60038ac6-ff8a-46ec-a3d6-3263845d94fa, 3919 
172064 f77e885c-d9e5-4d95-942b-803d56a9e9db, 3919 
354213 da58f409-7905-42b3-b84b-59e4c9e8305e, 8505 
312242 6f7556c2-cc58-4458-9401-6bb739b505a2, 8505 
96127 82d2158a-1198-4a9f-9cd1-c66cbf230d68, 3919 
22283 03e34b51-65ff-4c4d-97e8-66ed0ac9b1ad, 3919 
235291 860b17d8-c8ee-4b59-b0b4-141901cb44d0, 3919 
299277 7fd77a0d-40f8-4a09-8f70-369f865fdd20, 8505 
323600 f850e021-ecc8-4c44-9756-118bbe24b639, 3919 
348730 224068c1-8474-486a-b853-b2cd8c978547, 8505 
87780 260687c0-d68b-4104-b25e-333fac7e5a63, 3919 
123182 badd9628-2cce-4cab-9186-ba96aa8f47c1, 3919 
198479 045f66ee-687c-4a7a-b63d-2fd5d3991ba1, 3919 
216380 8d655914-218d-4f27-b091-a2c11e652709, 3919 
248968 5888f5c1-0a47-4e2c-ae6e-4fc0cd48e19f, 8505 
217242 fafa9533-ef7d-411b-96fa-2e5bb5ab10b6, 8505 
100269 72335c0d-c8a0-43fe-890a-529b68204959, 3919 
403706 cbb52c9b-54f6-4d6b-94b7-2bcb118f9be8, 3919 
11314 61b0678e-59d3-4a7e-b4d3-b60a927c3c89, 3919 
161445 85c6d569-a6be-4510-aa09-110e06d08ca3, 3919 
232858 6fb21bfb-1633-47a1-8dfe-303bf8fe0b6f, 3919 
80796 bd124f22-1eb6-4acb-a10b-56e35078f4bb, 8505 
104118 835b9bde-1868-4863-8e44-460a2346f04a, 3919 
178429 3861d13e-719e-4a1c-8a63-999a08731cc8, 8505 
383277 d5a3da90-574b-4856-9b18-d3a5642d3e5d, 3919 
186971 561e7dd1-3771-4431-9e47-909b7a427723, 8505 
343733 640c2534-29f2-446d-bf4d-13657b77181c, 3919 
167835 06c62ba2-7ca7-4b19-9f5e-2e1e0033f909, 3919 
309112 316af990-1605-4a06-8cf4-4994a11a68a4, 3919 
248689 b89748d8-c8d1-4da7-a1c3-fcb31234be7a, 3919 
174313 d6178830-fa44-4030-9100-8095d27a09c8, 8505 
231074 07b9ed74-008f-4c1c-8210-1809be7ba284, 8505 
165736 7ad9d576-437b-408e-b457-240b4b288ca0, 3919 
352583 1fbe3add-143a-4f2f-92b8-b3952c0671a0, 8505 
218833 3658b4bc-2831-4abf-a226-200f4ec06b15, 8505 
43814 0952810f-ff4c-45e3-ab2c-0cced6265ed6, 8505 
270582 7554ce2c-e1d6-4f7e-8433-e8d36cd9208e, 3919 
2353 c7765b0d-ebe3-4903-b2be-6de5aac205c9, 8505 
14374 6dec6f40-844f-45e5-9b97-1f68e65398b1, 3919 
122612 cdc1e686-6663-4dda-be44-888ad4dc3915, 8505 
309124 d8479fce-8153-44dc-b4fd-59a40fabdb16, 3919 
221688 d41dcd98-87bd-4c9e-8bf1-a9e8184d4425, 8505 
262320 ce4fcf60-ba45-4d81-92bc-33052adf354b, 3919 
271030 2ecdee51-d4c9-4fb4-82e8-b4dc7fa4eacd, 3919 
323829 9203f2e5-45f8-465e-a930-53085e08bc8d, 3919 
231156 a4456b34-e253-4e22-aeb6-53ad38faac97, 3919 
224005 3013a65e-7a91-4843-952d-90c191abb331, 3919 
140346 47766781-6bbd-41bb-8801-ebe7492280cc, 8505 
136869 a2712028-b661-4c02-a937-cd05806e91bd, 8505 
351214 3a1ecc97-4ffa-45eb-8a75-c9a63e1cbfba, 3919 
241438 8384b7fa-0f0c-4b88-bb67-9f2ca5e50371, 3919 
14563 69a85648-7ca7-4039-af50-88798caada63, 3919 
301206 1fbe5733-b896-495b-8123-0481c4c0cb79, 3919 
13453 47552b0c-974b-46f7-91ee-d2d9473e6467, 8505 
330820 f24f3b3e-5a36-4b2b-9e38-fa4d2f04923d, 3919 
121527 650f4745-7869-4309-a6fa-00c31ceea01f, 3919 
368 d035f826-ffcd-49ff-a0b0-123bb02d7cc8, 8505 
136155 4f500df4-5064-4d1b-9334-3aa4068ccba4, 8505 
171057 47e37a44-73ff-468e-9359-78e6c42015b6, 3919 
273362 b148b677-7379-48ad-9ca3-ac6a0cdae819, 8505 
249877 401038b3-0ab7-4c63-bf90-2fa769e39bc8, 8505 
344587 dc9a1462-3e57-4572-8e7d-1baa24932ce7, 3919 
331947 275dfec7-49f8-4542-ae8b-2cb437fbe404, 8505 
254765 2b1208f9-8372-49bc-afb3-de60eafb12e8, 8505 
400449 d06f851b-1c98-4dd5-93bd-775d31571509, 3919 
271160 5ca42e35-b5dd-4384-b715-0f3499437b4c, 3919 
84753 28987152-2374-4a8e-875f-737c3583a40b, 8505 
180336 b36c2b67-a4d4-4d7d-bdb1-fd50ec9b3d18, 3919 
1408 f7fe3fcf-cb38-45b7-bd8e-8bca1988ff3b, 3919 
28147 6242b5ff-734b-490a-94e0-b32f57e50a2f, 8505 
174140 1fd8671e-e93e-49a8-a3ee-b18df9179171, 3919 
384561 48d3e97d-9850-4db3-92e2-79d0c0815a66, 3919 
30089 c6771fae-eb34-445e-b16d-c66802e22b05, 3919 
14270 163cbc6c-ede4-4e07-9d4b-0ba9d533029a, 3919 
356150 4c518b0d-9777-46b2-a923-057d1d078883, 3919 
101707 0ca58ce1-0414-493e-84fe-4a1fd46d407c, 8505 
152290 9e9f48f5-aaf1-4b28-9b99-703f5345d8c3, 8505 
167453 b9cb7df6-7f77-4440-914f-48c621fc881e, 8505 
234587 f4be1055-cf46-4ffd-838a-20c2e30d3c68, 8505 
240452 650110de-94b2-437f-9216-51b20e18c0b3, 3919 
26041 9fe1c2f0-ddc4-4e3a-acfb-0cd3778892b0, 3919 
259701 c60978ae-59f2-4d4a-9acb-451d836e1bf8, 3919 
362148 3c857dd7-1fd9-4dab-a405-8bbce5287d88, 8505 
279959 4c9285eb-efc9-470a-8e63-a76bece9808b, 3919 
13845 2ce60875-aea8-4914-9d75-8e2351c4afdc, 3919 
397009 4a29d9f0-560f-4c20-86b1-2baec2a828a0, 8505 
281206 cd2d6759-405a-4a93-8ecc-a5ac2529b4b3, 3919 
94881 5c615845-24ca-495a-88a6-057e22d75fe7, 8505 
82042 da779240-2cd2-4054-9bac-c912557729a2, 3919 
11467 04b0f4ec-f265-4dc3-a9f6-30af5d6f65d1, 3919 
78010 6c0fce4f-b0bd-4177-9c58-9786592a3f68, 8505 
295270 faae9a59-1978-465b-96fb-46cbb2847d4a, 3919 
228632 53e6aaa5-d843-42f9-8fab-f3e06ae739e7, 3919 
278197 fa66d039-ce49-4a2b-ac01-f85977f64174, 3919 
287898 3e6f6a26-3380-433c-966b-6c948d0e2024, 3919 
135934 3b91883e-fef8-40f6-a88a-ae16ac6a487c, 3919 
283776 17971a99-a7b3-47fd-af76-a8f92f868e80, 3919 
133583 3f058325-4442-4319-a778-9e238496c342, 8505 
140363 f3acd7ac-cf56-454f-96c5-482138719044, 3919 
357293 3001f1c0-2057-416f-89d8-ecb3c4f8d13d, 8505 
341898 2047f080-a817-46bb-b9bd-c33c0944fb31, 8505 
249441 70d2fecd-5c5c-42a3-a028-f4ae37adac2c, 3919 
274757 370295e7-ce9f-48f7-80d8-54049e63e3a3, 8505 
119510 426d0b01-a9d2-447a-9671-f1cb906a1c4b, 3919 
365217 6637f6ad-866f-4600-b76d-5582c27e4279, 3919 
19900 d63e024e-b29a-4d2a-98b1-4e5826790af9, 3919 
123536 f65ea3f4-1729-490f-be97-d5c8edc16ebb, 8505 
225559 0f363b83-360c-46e5-8f3a-b0e5412b919e, 3919 
328237 8899a7a2-8d72-464f-ac2f-55a9860a1b5a, 8505 
156176 2a43b172-05a3-44ce-b439-03563c74407a, 3919 
154616 f3192b0b-d63b-4aa5-a4a5-d451918fcae8, 3919 
102222 6d86fd3f-bd68-42af-86a6-e914cee1565f, 8505 
355923 5494f0fe-47b7-46e1-81ac-306ab649030d, 3919 
160556 925f9f6c-0672-4008-adaa-f6b5c26eb8da, 8505 
283668 a7fa7d90-2412-44cd-a813-0f37fe406cc2, 8505 
332439 a2f9f4bb-8cc1-482f-9439-6095d4d2ceb6, 3919 
48729 31baf129-0ac4-4854-9e95-ecfa48058d2e, 3919 
295776 400fc418-727c-4b8b-b3ce-459167da3acb, 3919 
318214 989da4f8-5ef0-49e7-83b2-b19c16a2f9b9, 8505 
160717 656908dd-128c-4f79-b8f9-a4f55fea6e6f, 8505 
326835 f9695de1-edd9-470d-a0d9-333187b129be, 3919 
149561 29b97da2-a454-47e9-8cfb-ed5a796a6cf7, 3919 
96805 737abd7d-a7f0-43ff-bcdb-58ae9b2eb4b4, 8505 
286533 0278105c-6b60-44c5-a8eb-810399ed0dea, 3919 
232484 ab641687-b764-444d-9bfb-cd5ce1e47ec0, 3919 
150278 50ec7a87-cfce-4879-84f4-254fa3bc305f, 3919 
224851 2e07636f-d780-4b01-9697-a36e3ab05db3, 3919 
115248 641dd3fa-0916-424b-a951-bd213fbf80e4, 3919 
265205 deba328d-328c-44f0-880b-9a0f951ed036, 3919 
23848 92e65dad-c2df-4b2a-81d6-b7e56f8d2369, 3919 
324824 ab8fbae4-a1e7-44bb-8ded-acdc82e3ec56, 8505 
112322 a99e2e96-9962-4982-97be-5fa0f010e138, 3919 
232429 b98941d6-c5eb-4f53-bbf4-e086eac6d035, 3919 
239414 0eeca125-cc8a-4b36-9665-58534ae365c4, 3919 
337355 58e7c871-b786-4a90-b4c0-aab00e509ead, 3919 
30773 09e83867-ecde-4791-a584-b2f4c5307e0f, 3919 
281721 b1647458-cba6-40ac-98c7-f93e36dbdc6f, 8505 
23190 0577897b-04df-40e8-b5c9-e4390e60a6ce, 8505 
361841 31cffd82-f836-44da-a7e7-dd94b3ec2d3e, 3919 
390397 61a79c9a-08dc-49d9-9cb9-a1c8ad87da4b, 3919 
254197 949f1c31-7c48-4367-8c17-6b0a746a9052, 8505 
146316 85338c76-1c8f-4ce4-8dba-475c1a88b2a7, 8505 
225774 81129e7a-9910-44be-8a09-9edb092dde99, 8505 
390611 db36a971-1027-4411-96ef-b4252daaa546, 3919 
113611 24797398-157d-4237-b63e-59d99c7ead31, 3919 
382785 59a15693-df11-4173-9edf-5607b733f9b3, 3919 
274671 95c26b13-fc8f-47ea-bae6-51165ca06a69, 3919 
250943 e3c1ab43-dcea-42b9-8f22-fbbb9dc96cfd, 8505 
158827 ada3daae-97fa-41fd-95f6-9500a0c76ca9, 3919 
314812 92cce0c5-35ac-455d-ac88-51524f48704c, 3919 
189474 ddb30426-e4f7-469c-80f7-311daae0adc1, 3919 
36731 82d846ef-1c2c-4d7f-9146-73bcb5ca633c, 3919 
244119 27919712-e0fd-4e05-b920-8c3c2905291b, 3919 
288688 bd6295d2-8713-4a08-8c3f-63bf17433ba5, 8505 
86436 e99e628b-c765-43e6-897a-f02c8fcddc15, 8505 
338559 b2220a78-f78f-4489-8479-e18f417bae35, 8505 
323290 1664eff8-9171-49a0-8a38-b12b124996af, 3919 
159297 447469a8-6f14-4a80-a1bb-2017759b9275, 3919 
32828 1ad98597-494e-4945-ab57-6d65c4aef707, 3919 
346459 b369608f-1378-45ff-b50f-1b1ef9cae89f, 8505 
118150 acf6e233-5ed2-486b-9594-850d50d65e45, 8505 
85761 6cf10f5f-7caa-4b1f-87b4-ccf31fca5d8c, 3919 
298469 3405900d-7fc7-4fcf-9d56-dbd0143101f2, 8505 
157704 250aff0e-ad7d-4b43-864a-6dd887b39021, 8505 
140643 ff8c6feb-07da-475e-ac6e-bde0a1a6bf36, 3919 
176266 12c3e64f-48a9-4b61-99e0-edb72e58562b, 3919 
252352 a938c218-1947-4d3d-8450-ab7311ba25c4, 3919 
143857 1746ef63-8dfa-4635-a82d-9f40c862e10e, 3919 
116470 2ce16e53-27ae-44eb-851b-41d27d7e24bb, 3919 
287820 6c4e88d8-250d-4a22-b646-c213f42ff9f0, 3919 
168663 b753acc2-c7a7-4fab-ab02-cffa9e99d4b5, 8505 
141798 5497429b-ba3e-4363-8b30-eca9e70ae04c, 8505 
388625 fb373ded-914d-420d-87d9-bba9601b147b, 8505 
278516 3f3128ff-43fd-443a-8397-dde9bc78a309, 3919 
288254 296ac29e-da74-41bd-97f1-bd69254bc137, 8505 
13157 1a6e1162-ee6a-4979-a14e-c39432b05f17, 3919 
127285 145a478c-e527-4431-8ecb-9bb066f9034f, 3919 
207982 17435cfd-9961-4d88-92be-69536d409e65, 8505 
185876 4b7958af-0630-479e-ab74-de5c842ed6c2, 3919 
31602 91d13005-9421-4eeb-b984-9e5a901aa1e6, 3919 
259446 fa4dd778-05b7-482a-af4b-e31ccb96f4f5, 3919 
156877 981ed767-53d7-48f0-87ad-b1404972431c, 3919 
159295 7e28f972-8ac3-4752-b8a0-da33733cb3b9, 3919 
68258 cb86c653-7c50-4e9e-b928-f896545ffda0, 3919 
260418 890b9102-26d3-4a46-ac5a-bcb66a75ce09, 8505 
105702 34166de0-0d6f-43a8-96d2-3a4e842cb6af, 3919 
215717 746567d5-c87c-4dd3-838e-fac54c241e64, 3919 
127593 a8fa0e0a-98e6-44db-871e-7b190d7dcd1b, 3919 
310151 3df428d9-1287-4bf5-8ecf-9fcff2b80363, 3919 
163345 ff93317e-1be5-488d-8888-2a9792064e75, 8505 
299288 d5e3fcab-84af-43af-a63f-ab00d21d0f47, 3919 
85974 96aa04f5-067c-4554-82ae-0eef544d9944, 3919 
125866 a38a0765-433a-4cf7-91b0-5c0c133809cb, 3919 
58819 a5334ca4-c41f-42c4-9393-c84d8346af11, 3919 
129888 f20eabb9-80d5-4fc6-8148-786224d45969, 8505 
375210 b0b92cdf-dcdd-4bfd-bfc3-3e734034ae7a, 3919 
99991 c4eb7343-a3e7-4161-b271-af950e138132, 3919 
351457 621996f5-d078-49eb-ae5b-b9955de10d72, 3919 
304371 3d7d1f09-a87e-452d-a075-0ed1ec1f8e65, 3919 
19797 cc728394-dc91-4c15-8519-331be3ea3b61, 8505 
271104 d906cffc-2159-49a3-8b1f-7f38023658e0, 3919 
213770 4b22bb31-a0d9-423e-b8cf-68e4087ea3e4, 3919 
141474 6619352e-c775-4178-89ef-ef1b166839f3, 3919 
401797 a5e5fe2a-9bec-4ca1-a939-be7e1fcdb9a0, 8505 
368299 a8966665-9718-40a4-b403-c3032e5554d9, 3919 
377730 f7c09486-3e28-4aeb-8f54-5f4dcb07e11f, 8505 
156812 d5d9b633-481f-469a-a658-deb19cc67fe1, 3919 
318579 3c67b5d1-3aa9-45d6-a786-4237bd2972b8, 3919 
44428 006912e3-ca8b-4513-a217-b861de6a00b3, 8505 
393499 9ab245f6-d91d-4556-bae0-0dd1c679a35e, 3919 
190746 0f6f7a87-9a01-49fc-a35e-b7844435adff, 3919 
387264 61b0727c-cc20-4c01-bead-b24df045d253, 8505 
164610 c0712580-ff90-4bc4-b9a0-be0e00bf8ad6, 3919 
350552 aeb80b38-ecb6-49f5-aee1-61589438b99b, 8505 
199133 e8ee4197-2c54-4323-9ff6-4bf9405f8635, 8505 
276006 cf1405f0-0e09-4486-8647-990875a21c97, 3919 
271746 091b2ee9-1be5-402c-bcb0-29eab874f97e, 3919 
239761 17ee5ed4-f0a1-464d-a9b9-3a86a3c15c5c, 3919 
8299 bb121cc7-aba9-4881-a513-e3192e58524c, 8505 
238432 c50d336d-d2ee-49ea-9be1-36fe6b196e9c, 3919 
276798 e3292475-0507-4dce-bdbb-ce26de4c4eb0, 3919 
255058 b7b84607-597b-477f-bf9e-79f00767f81e, 3919 
275972 f5c4729e-f68f-45b0-8de0-f4f88b2bb684, 3919 
388297 5136f20f-419a-416d-a7b3-ee3f453ed147, 8505 
148134 11786790-7acf-4a65-96aa-382836c4999d, 3919 
86146 fe156c68-7541-452a-922d-c7398f56b298, 8505 
319510 7f0cca5a-19ea-409a-8dd2-2093684fcf93, 3919 
288287 693d97b2-b5cd-4096-876d-c48a88b01b32, 8505 
112979 0583a94f-40e9-4fdf-a3ec-f24dabeadd85, 8505 
348337 61fbd8bb-d912-46d5-acd0-ca51eaa6ea0c, 3919 
128001 65a55612-ad95-495e-971a-4cd793d799a7, 3919 
100727 fae70022-4754-41b4-8703-d85547e5db8c, 8505 
274794 d49a7f5e-1007-4233-90df-52768bf4bd9e, 3919 
374812 a520d8eb-8dc1-49d7-a4b9-1e7c25ef4c91, 3919 
243420 dbe7555e-70ce-4cf4-9cb1-de06432fd9ec, 8505 
271161 93cf17d9-fd6b-45a4-a3cd-7f4618a25b9c, 8505 
43217 194848e6-aee0-4fc9-8c63-41396410775a, 3919 
253937 38092f14-f560-41c2-b008-1ff07457ca44, 3919 
241910 8af15686-72d2-4378-839c-ca4f835d537f, 8505 
388985 d0e9acb5-2e62-460d-8d43-5e571fb3e9fb, 3919 
269625 62d421b9-c262-4e2c-bede-9f032f4e06b4, 3919 
380202 2ee252c1-73f3-4c2e-884b-7f494e058f87, 3919 
372779 3dbe5929-1105-4d55-8664-ae63dfd2aef6, 3919 
118261 a238f204-5026-4493-a8dc-f81d8d8f0a0c, 3919 
93089 f3da1ab0-8062-49f0-b8ad-e463690afbc6, 8505 
98955 9188c5a9-c995-405e-b98f-e361b19ef4f0, 8505 
37425 1aa8dbab-9f1d-4b17-afad-ae948b82aa83, 3919 
75612 e5050a1c-8747-430e-8dbe-a1be28d0449e, 3919 
91662 1a999257-683e-450a-b0f8-d1dc01f765ef, 3919 
362280 33136c0a-38f5-4282-86cf-ea15a3e88f20, 8505 
314826 378431b3-e2ed-461e-bfce-42b74a9f6744, 8505 
207154 f520aab0-d94c-4bcd-a3fc-aaa4e6bab242, 3919 
270983 8dd0d48d-2d8b-4f6e-9b6c-e5c057dde034, 8505 
223097 14d63cd3-9709-4227-9e64-72b853bb0f0f, 8505 
253438 c3272134-2da9-4713-8d1d-3a90d7fd624f, 8505 
77232 e23d2126-62c9-40dd-8417-7b4c6ec8eb90, 3919 
258697 b56eaa3b-21b5-4afd-90d0-ebbd36f0b98f, 3919 
329850 7bdd6b2a-4436-4894-9492-3f1a58205bd7, 3919 
168026 ff88b9fa-7066-4706-8317-e4b721f63173, 8505 
318761 0e5ce0ad-a702-4e8d-b988-94442e2f647a, 3919 
372491 e084f5ff-1065-49e3-8e98-453c31ebb5dd, 3919 
300062 74ed6839-1abd-445f-9fa4-94b80b7ccb14, 8505 
156819 959e741e-8d09-426a-9c80-2d006ae12d2b, 3919 
284481 899d5a05-0302-411e-af0c-f0c16cb8d68a, 8505 
133362 97da6ad2-dd5a-4b9a-87b0-6b65dfad1d9f, 3919 
38629 effd9ffd-0202-48db-a48c-fda72f7fc5f4, 3919 
358219 38b110ec-3b67-4f27-a6f7-ff95f0849572, 3919 
221949 f9b3813b-34b6-4e15-8b18-91d5011ea581, 3919 
42838 5ad6cdb5-5516-4907-9ebc-089d5a2a7109, 8505 
397824 67b5338b-64b5-4935-8e25-4700b5dc8b6f, 3919 
403136 868b34c6-ffde-45d7-9b49-acff0c6a2551, 8505 
346745 82f780bd-0edd-44f6-b30f-6a6eb9e51b18, 8505 
327713 da55b1fd-876e-4308-bdf1-eec70a61ab61, 3919 
38094 f9a1bbf4-04d6-4bdd-872c-f9027aeffa4b, 3919 
145818 611fbdc6-9d18-4771-84a4-8a39b0aea469, 8505 
149970 d19c5445-de57-4394-823e-b774aeae1bfc, 8505 
378859 394e13ea-a35b-4af6-86b8-e77296fcdc4d, 8505 
1870 b1c50ab0-9407-489f-87d3-80a0df8012fd, 8505 
225512 4f169dd2-6ec6-4a0b-a574-5ab668c6b732, 8505 
179295 9b906305-5b3f-4ab4-a834-860fdc4183d4, 8505 
3509 9d052cdc-c3bc-4c4b-9733-9b3cbca49aa3, 8505 
185892 274fb497-a143-4868-b813-6cd3cdca6b38, 3919 
369140 f1ebfa7a-eaa8-4459-b3d4-f3935b9354ef, 3919 
38376 692d3907-ef65-460e-a9dc-ae6d150dbe11, 3919 
224512 5124d2b8-b650-4d39-a4bf-313581648f30, 3919 
128808 61081161-7570-4d1a-a2bd-c10baa810daa, 8505 
135203 5c071be4-80dd-443a-9ad5-a0d2dbbee1da, 8505 
24851 c26a85d1-931f-4721-b2b1-3b1513c7ec8c, 3919 
397249 376ec651-01cd-4199-b865-aa8db935c6fa, 3919 
265424 1f61d0c8-712b-47b8-b745-f1ffb546e1dc, 3919 
51453 cf292619-a90a-4d11-9957-ff51bbd48aeb, 8505 
42340 3ebc1ce3-47b9-45db-a9bc-a5b457e7ecbb, 8505 
317751 13f5e85e-1691-4f02-b273-232b3a5261e7, 3919 
73497 96a71264-e62c-4320-90a3-89f4eefbd743, 8505 
34141 e48187c5-5d68-4669-abff-42a5b6f58799, 8505 
58369 954f6133-a0e2-4745-ad82-9724d404d46c, 8505 
86253 1ea0f0db-f1cf-4f4d-b8e6-9b4662c077e7, 3919 
376266 ad648a42-a12c-4819-8f4e-e51238464100, 8505 
322977 89998365-27cd-45e9-91dc-3dab679a01f2, 3919 
249398 355d449c-721b-4d38-9ce9-2eb6885481f8, 3919 
158516 f1ed9063-61c8-4e81-bf6f-ba9d58b806bc, 8505 
278701 9705c63b-d8fa-4c93-a6c6-5005dd0f6ffd, 3919 
34010 f34623da-f11c-497b-910e-94829c280fb4, 3919 
1841 f474e8f3-afd1-435a-93cf-6c83649f9412, 3919 
230236 b0f32ce3-15ef-40a7-94d2-00fa6a07e49d, 8505 
285247 7ec3732b-f4a4-44f5-b1c4-716c75e10413, 3919 
21204 d7e67b88-d122-473f-8c88-4ba71cb5ed2a, 3919 
158033 653cf9ee-01b8-4206-8e24-c8d3ac55cfc2, 8505 
269669 08866d07-28d0-4c22-ab7c-eb4480952328, 3919 
372191 c3a3b356-6678-4b18-a405-30444ce1506e, 8505 
33933 160bb661-69de-4dc8-92f1-0f70ea31a3a8, 8505 
110840 a68c534f-f02f-46e2-93d2-f20c5caa64f0, 8505 
87982 ce2b8cb7-db6f-406c-a008-dc108a25934a, 3919 
110885 0a52eeba-eec6-4b69-b69b-a15cb3e066e8, 3919 
115984 76a31e16-10ca-4c8a-b0cc-e703851be301, 3919 
196244 e950efab-8875-4fa5-b51d-59cbbf592d7d, 8505 
196038 fa883c29-f05f-4d03-ae49-c61668efa64e, 3919 
70062 a810200a-b1e8-434e-bb98-26edf6e4424a, 8505 
70267 dbd02bf4-b643-4b31-934c-3d7a39b7e021, 8505 
2726 a113d36f-14ca-417b-90f1-404e8b11b108, 3919 
400351 af92c01a-c696-4677-bc5f-2ac5ae5b1247, 3919 
268903 15aeb203-2e89-4986-9470-97c4a96d12ce, 8505 
346668 a83c9b8d-fb88-4843-b70f-6f26a4bcad9b, 3919 
120336 9588658a-923d-4ff3-a52d-a1b7f9879dd4, 3919 
152150 1444d048-4d57-4ac0-a6e0-641378edfe68, 8505 
120332 303960c7-369b-4330-91b5-d91853bf75ff, 3919 
132158 a55eb680-fe8c-4981-80d7-4897c5a01f48, 3919 
334167 9a06b0c6-3623-4dc4-bbcb-e618a45d931b, 3919 
300231 1973091e-57d8-43fe-94aa-9960cf1b2956, 8505 
312877 44fefb22-fcba-4248-a519-71d670aebcca, 3919 
336674 b670ae6f-55dc-49b2-899e-0e6ba811a2bc, 8505 
89167 5f23c5f2-9f25-466a-9421-6cc344e8964a, 8505 
37002 a6b5f4c4-bc47-43e1-b7ff-51285f8db06c, 3919 
260312 e40bdb9e-9e9f-484d-b211-74eeeee0bbe2, 3919 
179628 0cba1b2b-5a69-4937-9c9b-c810cb2e959c, 3919 
333784 16574e9c-4d5e-4fd4-9e0a-3f9cb3d04772, 3919 
111933 4ea607e8-45e8-4895-b65d-f6b00ec494f5, 3919 
403113 a71b9fad-a3d4-4458-b491-5b1c325a81c2, 8505 
353507 c909f2d5-68fb-4209-a857-54d73c7c1868, 3919 
244168 2b6a081b-9e9a-4197-9835-bbaa8d2a4c71, 8505 
396244 0377514d-0be1-46cd-804a-472e376df3cb, 3919 
368305 190476dd-11ad-4953-a6ba-b4e30ba75b6c, 8505 
331733 be32d51c-6cda-4747-8dd9-c78c833c90ae, 3919 
204647 269c0ca1-bf41-4f55-be08-dd27e439aca1, 8505 
91884 03eb8d83-3ff1-462e-9ffd-275414f6d814, 3919 
247741 a44bbc6c-6d94-4555-bf85-e86db6f20ccd, 8505 
353517 f38e9eea-07dd-4cdb-91f5-5222edd8ef3d, 3919 
343692 666ec439-b5f3-4599-80eb-b3b101384d4c, 3919 
50942 53586131-390d-4da2-afda-c29e052b9ffc, 3919 
342789 08af707d-8677-48c9-b332-5d0492b508e0, 3919 
319847 4162ccb2-c836-49ec-ae82-2a4b3bdd4f00, 3919 
162930 f7b5856d-3d9c-4856-9da2-951bd4472ad1, 3919 
158311 2ee8c275-79a0-4579-8e20-1ddc25f0fd33, 3919 
112244 5f87405b-3127-4dbb-a37c-c7fae6cded81, 3919 
108942 b72c7c07-a305-4f59-bff2-1cafa2a76a54, 8505 
11437 c22ad8e1-cbd0-4f3d-9c7f-bd2a03de6977, 3919 
234680 d3852cf9-8448-41e2-910c-a23bec2e96a3, 3919 
82905 bd5987b9-1ed6-4171-ae52-9f62175a60fa, 3919 
255796 ab2f4f08-914c-43ba-8cbf-d9f31e1b0546, 8505 
335308 e49152ec-4659-4b89-8fc5-391cc7989ba5, 8505 
356421 d4e7c5dc-a8df-438e-b4f1-f09b238e90cd, 8505 
295831 055ed7f5-5326-4218-a26c-7e11cf3d8d0d, 8505 
331087 6e45b511-d249-43ff-842b-7bea2c34eb00, 3919 
280332 cd7d7e95-7e0a-4e57-b4f5-7231ff311779, 3919 
317890 d6217aeb-7670-462a-9dd8-215efe9bd9ef, 8505 
141286 830aa6aa-0687-440b-bd25-36e860a1368f, 3919 
94115 c95fd783-884a-40f9-a96b-bb1dbbdeabb9, 3919 
223844 bc7d2fa5-60cc-479d-892e-07ec15dfbdb0, 3919 
377364 0e04a303-3241-4561-b70d-8186653be723, 8505 
353441 7877b09b-3113-4c33-a5b8-b59a56acdbca, 8505 
368139 8958804c-6b10-4b44-be6e-883d71836c3f, 3919 
13280 ebd91f6a-9f16-4f48-bd9d-4e5485146382, 3919 
298324 b5fce37e-ce53-4b56-ab2a-ceb41f9ec18e, 3919 
184035 f3af7360-b304-4747-a676-7e7acd1e8417, 8505 
348529 0b7454f0-6906-4621-8b97-154396273278, 8505 
36044 ae41e6b7-3085-4abd-b458-c44a51705a77, 8505 
27533 77e13c41-eac4-46e1-aee6-9e7aa4ea334e, 3919 
343021 757096b0-9516-4304-9843-a2c0a8ee2577, 3919 
284307 dcb20ef2-2848-461a-92f3-0236fa683420, 3919 
349531 47f79ca5-0ece-41f9-8e08-487b52b5c899, 3919 
75016 ef0db5b2-a9f2-4803-a118-93064ebcdb93, 3919 
337738 f3cce7e4-8984-4def-a5b4-26d46ebef3ce, 3919 
163750 79ed55f8-e019-4c62-bd6f-071a5826fad0, 8505 
118989 9c7ca94b-4d83-49b8-a32f-64b3fdc48330, 3919 
307658 916269ae-b5b7-4928-8eb2-842bcaca9a21, 3919 
136423 a52db297-dbc4-4fdc-87fb-7bdfd82839f8, 8505 
393372 358692f8-3a04-4975-b258-11544224eafa, 3919 
183566 2ba3887b-fca2-4ef6-9b5b-e2ad4c95ee86, 8505 
211599 61d06ea9-3e47-4631-b1d0-baba2f2056ad, 3919 
200491 7ebecc02-5733-441b-8df1-279393d7e81a, 8505 
3857 23d7ccbe-1419-40f1-85d4-7c5ce2ceb2a9, 3919 
296250 a48b8bd3-0b09-4a8e-ac51-245aeaae6932, 3919 
10362 80d546ff-4707-4f12-87ac-124ce6030dde, 3919 
31886 bbd33b54-890b-442c-abf3-4acbf1b4ba69, 3919 
60735 dda70107-63e0-4e10-ba34-4d13eb8248d0, 8505 
313455 5e0a545b-4eb9-435c-95c4-ab9851806dc8, 8505 
34818 17907841-dbac-4392-a7b7-1c15d0904acb, 8505 
23460 cc07430e-1b17-4ef8-ab1d-8f01ef349b16, 3919 
112187 fadf63fc-d84a-4396-849f-d7f9c90a96eb, 3919 
204275 ab5c2d24-08e3-4953-8819-07457f1bdd07, 8505 
210760 5e98ae8d-c817-41df-824a-f4219d9fbfb1, 8505 
354707 1e8d30ee-4366-4c83-b7fa-93f08138cdd5, 8505 
212365 9978f2f9-908b-47b0-bf68-5b6f11e2d023, 3919 
152669 578d88f3-5f00-4884-a8e5-22aa755e0dd5, 3919 
205885 4a081aff-e452-4e23-9b68-2d1bae2e4db1, 8505 
253896 b8bd0acc-13f9-47f2-960b-8128eb2a36e1, 3919 
174617 047287e6-8809-4d53-ad84-c1422f54a79e, 3919 
255024 24f5ff77-dd54-45ea-85b4-b4b2db0fd492, 3919 
132907 a034547f-4ae9-4be7-8222-cb8c4b7470d9, 3919 
387974 db226d5d-1be2-4f04-ad50-86f8d690ef0d, 3919 
364758 97d98d5f-c8c8-48ed-be15-3bf3c4e65c67, 8505 
110139 b771586a-9fa5-45fc-a1aa-205f064a1cd2, 8505 
180278 0b72f1d0-cf71-4e10-b175-63ce1cac10d1, 8505 
56256 c87a1fd9-84c5-4491-9f31-65bc76352976, 3919 
306309 672beedc-5dc1-4a2b-8f8c-1ca7ddd571cc, 8505 
858 23ca5f4a-749a-4efd-8aad-a6ce4cfe695c, 8505 
207315 2935eb39-3ac7-4ad3-97a2-05435c27ff99, 3919 
263724 0eeeb90c-90da-4fd3-adb9-9f47df71ff6a, 3919 
361355 35de07aa-16d2-45cd-b872-957ea136aaeb, 3919 
91154 2e52410a-ede5-4d75-a1fa-eede4b85aa57, 8505 
227896 328613ce-5b1a-43fc-a3dd-670cf32a77bc, 3919 
302194 4b611d7c-0d5c-405e-a1fa-5852d6edab14, 8505 
286095 e01bd083-cbbc-424e-86f9-d8a14a6e2128, 3919 
193502 85f1425c-2772-4a59-a430-84a98cd87245, 3919 
136140 551c0623-318e-45df-aec5-23918d9447bc, 3919 
321177 35a85123-8cf2-421e-a652-25e7c41aff94, 8505 
161451 e0e937a4-169a-4808-bd31-a4d96e15fe38, 8505 
351519 332be194-b0ee-4536-8ac7-e7976fe1a22b, 3919 
385545 854273d5-5bea-4bdf-abfc-9b0d5785a536, 8505 
82551 9f0b07c0-049e-4c45-a580-4d1bbeda230d, 3919 
365039 f9c89409-2e5d-40aa-b5b3-32bd9a6f3ac5, 8505 
273926 5f61e1d0-3c6d-4ac3-9fbd-5f52640fed43, 8505 
26722 5be61353-8ebf-4fcc-ae09-79be23c1064f, 3919 
290711 603e563e-ef09-4c9f-a80c-bce5c9ee98b5, 8505 
372937 81c536b8-c4e4-4e8d-b62c-1a670cbf2b2d, 3919 
357775 82a21228-8670-40aa-a185-11511324168e, 3919 
182638 b82db660-f751-4407-9240-0290567bde85, 3919 
53412 cc29e43b-2132-4b2a-a1c7-4e6d2dac86df, 8505 
290608 e66dcdc9-5057-49aa-9f02-364d2a77571d, 3919 
297420 14707e2a-8f6c-4838-9338-5fddc49a3317, 8505 
52176 b6449808-9db7-41b5-b298-72e19b3034c2, 8505 
67974 75442610-1529-4a1c-9671-f106983c56e4, 8505 
125047 0cd540bd-afbe-4000-8222-ea2d944611ee, 3919 
25310 5d3b35a5-0246-4e22-80e7-9c7351bbe885, 8505 
198237 7c3e17d6-b829-49ff-9e93-98b9a3bc6a9f, 3919 
187327 5d78fe9f-3f1c-4233-a298-a44c3e638016, 3919 
391125 d488ebde-9ba6-472f-b70f-84d47ee52b29, 8505 
119411 cbcfab6e-329c-4c33-893f-1a1d7e6f03e1, 8505 
158696 4e05332a-e85e-428e-a325-d499f3945e77, 3919 
245450 e74fb36e-b31a-40a9-acc2-71aab81c5a89, 3919 
379186 798cb0c8-1455-4c7c-a155-893b96ba685d, 8505 
329789 ee229460-d412-47d6-bf8d-a271a4ca2536, 3919 
123024 8d3ade62-9447-4517-9c1b-fd6a0fbb9724, 3919 
158295 9d646d7a-ecf1-46a7-b2d2-e7f61b9448db, 8505 
265555 63ed5ac1-cc94-487e-a11f-3657470af451, 3919 
182666 2c530d9b-2105-49d4-abcb-7f10471534ce, 8505 
242142 2e2629f2-3a41-4303-bf58-2aca0b3c5a08, 8505 
18679 8a43d404-576d-4faa-98df-1b77850320c3, 3919 
41906 a606ac67-2eeb-4be8-8119-cb69da7b8b25, 3919 
367164 44696d52-b269-4d67-9e20-1ca5c23d2701, 8505 
264263 3d670474-93cb-4481-a9f1-11dca4de5519, 3919 
14125 3d6e23aa-8a21-41ee-baaa-c60d4c9a4ddc, 3919 
83777 3a65acff-d854-446b-a834-c9758875e735, 3919 
69638 91708e7e-db1f-4a4b-a228-ca2c62eb9ec4, 3919 
185154 7aa42dbc-a58e-4a9a-814b-10f3727699e8, 3919 
362701 745b1b4a-05a1-4e9a-b0e6-e0d0b36f01f4, 3919 
80382 e5141744-ccc7-492d-b24a-ade191da3e04, 3919 
347990 4ac270d2-7585-4923-a607-a1eab94adcc7, 3919 
322624 a0da35f6-e177-45d8-92c9-80827c5cb6fd, 3919 
334658 6437107d-4a1f-4b0b-9599-fe8a8d7166d9, 3919 
246632 a58332a2-6507-495d-a652-00f3f48182f0, 3919 
124622 5c7f6060-9826-43ad-9369-e01c7cfddd91, 8505 
171209 81b030dd-6b97-4b88-94d3-1ee424a170e4, 3919 
295847 a06cf43c-c7b7-4611-9097-4f4efe520263, 3919 
80069 75122de6-b705-49fc-9d03-22f9135f8e5d, 3919 
197183 fe24b170-2d55-4345-9f3f-4c2043932013, 3919 
97457 f6cabc81-4aa2-492e-bea2-064cd9fad3b8, 8505 
383346 7b2696f6-0d5d-4d8e-ba10-58d7e1b0567a, 3919 
107157 e0cb14fb-ea48-43fd-8cff-fb8ba22325f8, 3919 
387420 9345cf27-ddca-4672-b70a-a15f107d15a8, 3919 
191859 473dc23e-5cea-44d4-af85-831b78800323, 3919 
399358 c101caa2-6d68-4b97-ab18-a227e22d6412, 3919 
66775 21c94cb0-bfae-41e5-84ca-cbedc4147591, 8505 
269186 b0e86298-fb86-45b3-93ef-5ae94d65a4ce, 3919 
34529 14f3424b-069b-4bb0-898d-905ec4798865, 3919 
155529 3449a063-c8c0-4c35-991e-071c1e2d885a, 3919 
313471 1597f47d-ef45-4e04-ac97-2d4a2146f325, 8505 
351369 f2c4b3e8-7c9b-4c26-bfa2-bbbbc07c9af0, 8505 
107856 283928d9-6915-471c-aeb6-0fdada98d3fb, 3919 
245734 e7858c8c-8f6c-4a08-b193-3b7fad1f5c5c, 3919 
57387 93b5a8a0-be63-4943-bd2c-6239a66158f8, 3919 
114940 edc0d0f6-6ff8-4f4e-a881-c73c000a4e91, 3919 
214614 7ee5b5f5-f798-4965-99e0-dfd1d6769149, 8505 
270224 881bb0b6-f275-4059-92f9-947c4d327c70, 8505 
189508 ac396e41-cd42-4804-bee1-abbb8800b375, 3919 
102441 8a912c16-307c-4015-991f-95ac7ada227f, 3919 
123238 ab04ae5a-1edc-4afb-84db-f7bb74c752e9, 3919 
216116 ff774d59-df73-4b67-84be-6a1e6864c22f, 3919 
57509 1d863398-48f5-4a5d-bef2-10a4b30717e6, 8505 
393751 daaffe28-e949-4ece-8f12-06c6073f6ddf, 8505 
384258 8a8d7dc8-d73b-4943-836e-06e99a9a6312, 3919 
219935 ce570d86-2e73-4cba-9103-9af619c8164c, 8505 
265664 90d8b45d-ef1e-4f3c-a78b-b39e216b37f7, 3919 
310817 37f3319c-7aae-4eb3-8d41-488449d9d69f, 8505 
341209 d8fdb14d-8957-47a0-81c9-d8e19122ea0e, 8505 
106183 941a51fd-65a6-4dcb-a140-76e6e8d43f4b, 3919 
246023 1adc98c8-4ecd-4b6a-888d-e6027b7bb741, 3919 
177189 aa78a961-6d4a-4492-a787-532516faf5ea, 8505 
18828 c541269b-6160-4cce-b577-9752dfe1f669, 8505 
160884 31e912d2-a4cf-4087-9a86-836c2c37e15b, 8505 
265548 149cec8c-d24a-4d73-ae3c-f42e4f738a28, 3919 
256582 5c9be1f3-d970-4461-81b8-a2f69e9eb38f, 8505 
212619 18642285-20aa-4344-b62f-b77b2e6ad8c0, 3919 
64481 f86c6920-c773-48bc-b3d7-4c54a24d8c10, 3919 
338811 59fc8acc-ccb8-47f9-a593-9efcc1d8688a, 3919 
34867 f0ecb073-f01f-41a2-95ca-e6ac6c0ad7f0, 8505 
119130 7cd21f30-595c-4097-88a9-091470c2ba2f, 3919 
238606 f41f2e32-c344-497a-843f-802a503904fb, 8505 
157950 974c566d-5c1e-47c5-bc76-2a2a90718484, 8505 
276948 cbd320cf-cb2b-4f34-b010-9e3d28cb2c94, 3919 
180173 86925493-5301-4e65-bc2a-87708a182058, 3919 
292063 926715cc-5fbb-4938-8b3b-531eb5988dbd, 8505 
305078 525d9861-4c05-455d-bcae-abb446a861f0, 3919 
400901 3cb0e3ea-cc90-47e9-bf38-118763d8c83a, 3919 
182117 e67d728a-97a1-45eb-9f2b-174fe7a09ae3, 8505 
132374 c8edd2c7-805f-4ec8-80a3-782930fa7cf7, 3919 
216046 15ad0535-479f-4c6b-853f-81a2ea52c1b3, 3919 
399268 fe41ab46-6a5f-47ae-9cd1-65b3b6e99417, 8505 
329718 a8df4b32-c333-4316-8228-bbe7b6aced8f, 8505 
345555 c278eabb-6a33-4567-b449-7f9d66a61c0a, 3919 
1769 89477f1f-8c7a-4c2a-ab95-3d621e4c8103, 3919 
234100 603fb0a1-ef9a-4422-b73a-99b75529c721, 3919 
344614 140b0c16-5a92-48e5-a1e2-e1efd8a21001, 3919 
213578 ea2d03a6-4a41-4bb8-b964-07408e57c9b7, 8505 
111495 2d1f2b4a-506f-4892-8901-00736087ffa8, 3919 
303385 58387de0-59f0-4627-8d88-e0ea80b147d1, 8505 
48662 daf0fd4a-8279-40cd-9722-d79d74807a2f, 3919 
158477 0acbe59b-501d-472d-a250-94d6e45bebb8, 3919 
333113 74039cdf-5196-415c-bd42-8ca0f6f7bef1, 8505 
310375 20b96c52-cb83-4927-9617-60a65fe04d7f, 3919 
230564 fbbc383a-987f-4c8e-997b-2b7d0d78d382, 8505 
51993 d95cc8d6-81b0-43c9-a6f0-24fc7f958b8c, 8505 
147068 7ef1d578-f781-4935-988c-b13ba2d62d40, 3919 
9452 15f8cb40-d848-4311-b71b-89f89589aea1, 3919 
78177 4209082d-f878-42ca-8431-5231e954f6dd, 3919 
302820 14f3ca1e-20db-48cc-a027-1449cd97082c, 3919 
397268 8027d2d7-278a-4067-90f8-baf7439e14d4, 8505 
108418 07a2b6b5-ba75-42f5-bed8-4839a7d4fe09, 8505 
4041 ab082e8b-c535-45db-a2df-97725646f554, 3919 
94669 c5b99855-efb2-4aeb-8edc-583c3bc2d5c6, 3919 
52513 a33e95ab-cc63-4778-94aa-ba72feb22f34, 3919 
5329 f456204f-9d68-41cd-aab0-a549cac7a205, 3919 
227251 c1cfe5b5-b453-47e5-b824-24cb6427bee5, 8505 
351216 9ee2a91d-f224-4ca1-8e4c-8b79c0ff17ab, 3919 
193930 99afa151-7414-4118-88aa-3a2d7e6e62fd, 8505 
352028 74e58157-63a0-4503-8204-f016d19fffe1, 8505 
173625 4e7dc7f3-a2c7-458a-9bc2-5eedb11f583c, 8505 
380296 da8a8efb-1ae7-4d09-96d2-454e4393bd2b, 8505 
138392 caa5ee66-eed7-4220-8d18-501337ddeb7e, 8505 
74813 d89ef9b0-b976-4815-a336-dec92c69ecf4, 8505 
147380 a573015b-5d21-4549-8fa0-6e20d41ca6cd, 3919 
191052 f1116d26-343c-427f-8763-9132a2f31885, 8505 
122125 3f3c2d9d-5eb6-4b04-bc4c-088a212cb381, 3919 
177894 945813a1-fec1-487e-a7c1-20eaf14687a6, 8505 
164816 be5eb119-9d8f-4fc7-8da8-b6649c9544d5, 8505 
188370 368971c8-372a-4456-a5f4-bdf275bfeee9, 8505 
3907 5562dd64-f735-400f-a745-fd3a02255103, 3919 
271269 b9e6627f-3693-482b-8cfb-24e959c12ab5, 8505 
290685 cfb11560-afb1-4561-947f-fd18474c7c80, 3919 
259620 57a30b05-78f0-4b6a-86f5-70c3ec4c2fb1, 3919 
333373 b7db77c9-e897-4904-a548-32d5da419b7f, 3919 
45709 09bc55fe-1c82-415a-94eb-60318a043e20, 8505 
282541 3db8a16d-eef1-4757-ac2e-041bb8d4dbae, 3919 
122397 0ba37099-c641-4767-b39b-104fecdbfc74, 8505 
309464 1a2c6461-e8e3-4b92-8fbe-ae865c8c0078, 3919 
378260 40de27f6-27b1-4dbf-9b95-bea5dc6abc24, 3919 
369307 e5a2d449-fd0e-422f-834b-f1ab61550a50, 3919 
94142 e43ea13b-36e0-46a3-843f-597e78684a6a, 3919 
148003 2b99017c-4387-4d76-baec-e34957c07426, 8505 
220857 70d6121d-d34f-4a2d-b124-afd901f2bdf1, 3919 
249751 1cd78344-657f-4863-8414-ae8e350a9402, 3919 
247578 5b03c571-8cf4-47d4-bab3-48b0475c032d, 3919 
367673 8870dbe2-20af-40ae-86ac-ca81d2f2a453, 3919 
397381 e703b08b-95af-400f-a44f-89240a0a93c8, 8505 
128779 027cc2aa-7226-49cb-a84c-82b9ca8b9eae, 3919 
211490 5340f758-0f83-49f5-b4cc-778cfb19f9bd, 3919 
233826 b0e06e44-fbe5-4ab4-94c6-e5e7ad607603, 3919 
367550 9eeb0814-57e6-466e-b868-372621027efd, 3919 
96717 56d6146d-6c32-4b1e-b7cb-b11e4d02db76, 3919 
9175 01609843-376c-4f04-aa47-1a7b6924d317, 3919 
285342 1be17a84-a237-46f6-9a17-7b0c01e8d8c4, 8505 
46735 03a0ab5a-9805-4d4c-8742-3078225941be, 3919 
207915 051b542b-2be7-4037-b693-522372251b42, 3919 
188312 118bc39c-b7b7-4828-bfd2-eb9e3c73e61c, 8505 
93003 2bc9bc8c-28b9-413c-8b73-728290a43e00, 8505 
208109 cc123a29-e160-4723-be1d-fbab703627af, 8505 
182946 207d1208-518b-452c-b706-caec59729f02, 8505 
108219 e9055d67-3b60-49c4-b8ed-73bc153682a6, 8505 
304883 bb63d04f-db10-457b-a42d-f6ab9036b98a, 8505 
36098 8dd93888-3ea9-4a6e-909e-ff8d0642d42e, 3919 
141649 15773113-b760-441f-870b-d09523c9467d, 8505 
106578 3f0889fa-bfb5-4c32-9ec2-32a72169e4d9, 8505 
140991 65705f89-548a-4b91-9645-3fa168421148, 3919 
199321 e5aa223c-ac0f-4140-b8e0-bfdb63b33728, 8505 
3111 a0259961-860e-43d6-b7d6-b7369113c277, 3919 
345095 c9bc64f0-7d4d-4c4c-aec8-d193be754576, 3919 
231024 cf3b49bf-6947-4f8f-bb8f-b32dbe9bc6af, 8505 
272742 f94c6fc6-dfde-4880-88bd-49cdb6f1dd76, 3919 
50753 ee5b48c4-f9c5-458b-8030-87665da83412, 3919 
187117 b275a42c-d536-412f-9bd6-a3e341e2f987, 3919 
335722 c9ff6a3e-2ab8-4268-8d44-505fc46e4be1, 3919 
100230 879ad739-63fd-4631-b615-e38dea354301, 3919 
108206 e1031ce3-c998-4a16-802f-20e400b0da1a, 3919 
90757 d109c2c7-62e6-46e0-af1a-e2f4f2a24aed, 3919 
324516 30d773fd-8ba6-4022-bdd9-62d9c582ab97, 8505 
354154 687d352f-1dc0-49a7-8f74-fc31e72e1fc1, 3919 
261369 197f19dc-00b0-4b94-a52f-27650321b711, 8505 
340483 5be2efac-7f2b-4f91-bc31-3f802a1b0e27, 8505 
141369 18073abb-5b85-4c3f-a362-0b6f80e7cfc8, 8505 
148928 c3550a16-461d-4dad-b5ab-b9c3a30ea4a0, 3919 
316786 05f363e4-3e69-45fe-aee4-a2353dd85aa8, 3919 
165203 d2eaf823-54a5-483b-b3f6-b0c57425e018, 3919 
313388 80804c62-45d8-4c27-90dc-89ea544fe7ca, 3919 
232928 0108e4ac-2974-456c-a397-46270743466a, 3919 
393939 02942401-a819-4877-a82d-024dc1b1a568, 3919 
106191 c24e9e2c-a99b-40d2-ac00-9608b3e504c3, 3919 
211012 a3421370-0382-4936-9ac2-c89ac1efb4d6, 8505 
5249 0358a867-ba88-4f23-9ebd-da8e0240a26e, 8505 
76098 bcf4afa2-19f3-4e85-9b17-d13318181908, 8505 
213314 6ca3a09a-bcfc-43dd-a3dd-03f6fe3c0e98, 3919 
247504 74317e70-597c-435d-a04a-51e970d1880f, 3919 
62827 2af70827-4a12-417b-a9f4-b62c73dca39e, 8505 
327900 dfd133d8-b0fa-4fa5-8ad0-2fa0a30ae35d, 3919 
51986 8ae7f98a-871c-4f62-a84d-b606b6081570, 3919 
84184 c004c305-ae6d-4442-9102-340db378d3ba, 8505 
30769 66e97a2f-095b-4603-af89-8c9808983100, 8505 
360407 fd0a2210-ca92-4d02-baa1-a748d9a1a6ea, 3919 
213400 64ac43d3-43e1-4d5e-a886-c88e303fd2c1, 3919 
237166 86acb907-807a-4b6c-b337-fed9186beec9, 3919 
32959 8d221f20-b595-40fe-ab34-cd938655e158, 8505 
392707 fc8b06c2-eda1-462a-b476-741d1a85bb2f, 8505 
244143 d668ccc0-4737-4b6e-8246-a7f38bdceaf4, 8505 
166196 0abcd601-d2ab-4f3d-9973-40d2312eac59, 8505 
127003 422b335d-d9f4-49bd-b3ab-13cbedf2e0f9, 8505 
217680 d05010b7-da89-4a49-bd35-e82cd7ed2cdf, 3919 
253036 7385c815-1b5c-41ee-a366-34cfe7512fa0, 3919 
53147 a5c6977a-6ec9-4703-895d-c340fbdada4e, 3919 
24490 9b73a971-3389-4ae0-816f-c0e2bd738dc3, 8505 
171905 c3ababc3-6080-4346-aaed-595fdb0bc7ce, 3919 
31479 21290310-ee57-45e0-9964-ad96466bb21c, 8505 
217436 ae5172ef-72a4-49db-9bab-95eee3d014db, 8505 
144799 458ed70a-f6e8-412c-baf9-432f307d18ab, 8505 
213627 e0c38e3c-708a-476e-a072-9d56e30c765d, 3919 
346809 b50bedd3-733d-44ee-aba1-90fe808c37b3, 8505 
284003 c77b5e09-a127-4f63-b422-25f668901672, 8505 
67017 6b805679-687f-4945-8691-2f9b99bea4e8, 8505 
165745 2e97a138-1bb4-4234-9476-6aea786f39c6, 3919 
384804 91e6381d-3bf2-4915-9d48-877c10043f8d, 8505 
265966 cccde7f8-61b9-44ef-badf-e81980076dbd, 3919 
124038 e5abd9dd-8e06-4fe9-87ee-1c65a571dc22, 3919 
173909 e8638e7e-b7ef-475f-a5f2-d17dfc0aff6d, 3919 
343577 2e833e4f-e726-4a93-8d27-286dd81aa1d0, 3919 
181156 dd187270-70b5-4beb-8f34-0d257c903245, 8505 
194191 399af115-e565-41c4-94a0-4a83c7f1159a, 3919 
141034 51e991c5-6382-4216-99bc-fcae9b8267da, 3919 
318928 68526fe8-f42e-42ef-b6be-90ef42d8c537, 8505 
178532 2c34e3ff-ad40-4a19-957f-5f83685040a7, 8505 
158955 fe3f4457-a264-471b-828c-c192ee849ba8, 8505 
34626 4243c79a-a318-4391-92dc-17a6d88f1a91, 8505 
101437 d9d24fc3-fdfa-4d92-a870-bb9c9715b79c, 3919 
304941 2c7caaf5-9d3b-4f16-b227-188125b7e68f, 8505 
210699 ecf66236-ba4f-451b-8cc3-308383e2e7ee, 3919 
43069 a2422d72-c907-477b-8af5-b994a83330eb, 3919 
63319 6a5fbc13-65f9-4560-aacf-3df9f32973b7, 8505 
55788 5c72ce64-f2dd-4b0c-82dc-2d9b5b76c1f8, 8505 
203162 da646b1a-0467-4058-bbbd-547141460380, 3919 
356658 0a95be75-5a7f-4a72-8a84-db1a9b73c1db, 8505 
256483 f6ee55e6-5a81-46af-b097-82a9361cbc33, 3919 
212820 d49caac3-8752-4e38-b79b-eca076492cd1, 8505 
400041 591ac348-f05e-47f3-861e-397f426d1009, 3919 
372238 8d508fd6-a991-4fde-81c1-bd167ccff3b0, 8505 
393360 94e0d671-815b-42f7-86a5-bcd94fd4d0e8, 3919 
380092 6b123dd9-13bf-439c-816e-f62786479c63, 3919 
262945 5f213f0d-34d1-44d0-9d33-5649434ac861, 3919 
74819 c3189359-61fa-4141-9b02-04b35a76f896, 8505 
175132 6a8c797c-ace6-49c7-826b-dead0d8b9685, 3919 
48454 359157ad-287c-4b77-96e7-885bf1349a54, 3919 
174238 337934b3-82cf-4c08-afd3-31eca3ef8ccc, 3919 
275493 a6e9c8e2-7f83-4e8d-aa98-3d471ad04429, 8505 
270936 ee8e66d8-45db-4e35-b45f-86affb3dc9bc, 8505 
345100 dd58e38d-2078-42c2-b514-a29da3e2017a, 8505 
57564 12ff114f-40f4-4818-97b2-9727ed965f4e, 8505 
6049 01fdaa37-f7a2-4ee2-b317-95c852f7c28e, 8505 
22753 97ef51fe-d396-4589-8638-bf791f9e83a2, 3919 
101622 783e1dd6-c041-4395-a5d6-144c2a951aaf, 3919 
77019 569236ba-71c4-41cc-b8b1-18bd6baf8d29, 3919 
133867 fa0b021d-ee5b-4ce0-9d11-8e9807e09238, 3919 
284289 357b6f9a-e215-4a20-bb6b-b7fd2fe6e378, 8505 
317743 f3b20d69-e0a9-48e1-a5f9-acdcc312d7ae, 8505 
197985 421bca40-6af8-42f9-ac49-ec58b4f35d9f, 3919 
184535 5c47c5d4-1e82-4ae3-88a9-239694c3f43c, 8505 
148191 8bf2afc4-9cb7-4797-9618-d8aa55b16691, 3919 
248528 6845a1ee-67b3-4582-afab-7ffa6dea3bfd, 8505 
11851 80d432ce-70c6-4a85-9445-c182c48ae398, 3919 
24420 cfc50a14-b218-41a9-93c3-b680ae56ab46, 3919 
318471 2806e2bc-1ac3-44db-871b-b293ae0cd897, 3919 
338094 b8fcfa0f-b13b-4efa-a3fe-638fa51751bb, 3919 
378977 faa93481-661a-4e3a-b66f-97266fc4da29, 3919 
299621 b4a68aad-981e-46fc-a000-d57e02c75875, 3919 
103183 30a0951d-ecc7-4de3-ad12-9dd6f915d4cf, 8505 
257464 8d140dc2-755c-4f98-bc87-e271d373ed39, 3919 
184283 5066d280-176f-48c7-884d-7f81bc6e575e, 3919 
48920 4184c8ad-348d-4d4e-b721-447d7d8fd3fa, 8505 
317950 eaed53ff-c921-48e6-b31b-5b2f0ef5ee99, 8505 
49681 13ef4ed7-7eb1-49a6-a35c-5d932bb5e9f9, 3919 
35585 affc4637-6466-4cc8-a9ef-c56d8f3e0f94, 8505 
90935 de40de9c-7d0b-47fb-88b3-18c52432b34f, 8505 
173477 ca04c6f7-0294-4c4d-9a36-eccc9ae5f317, 8505 
334578 9ad8ae45-f3b6-48fb-9314-7700c8e8ede6, 8505 
262696 70bcf11d-18d7-491a-a381-6ce34637cb26, 3919 
164615 75689b28-b454-4fce-9251-a4a902c92057, 3919 
196410 94ae70d8-d5f4-4564-b502-c6a0709fcbc7, 3919 
324880 c1686ec2-9be7-4b14-ae7b-f80a98bfea90, 8505 
89652 f46a9c4a-9b3c-4f00-982f-7555cd193be7, 3919 
257324 fc97c49a-b7b9-4886-95e8-92c7b4e984a7, 3919 
125279 8640c133-724b-4f2a-b41f-0b3e15cd91e9, 3919 
54563 a45e3b73-7c8b-4c52-956e-5eec06f77f7c, 3919 
6078 daa75c97-5e65-4977-8aad-50444903e375, 3919 
361678 8a8b97fe-9d0b-4dd4-b4eb-048d38ed96c4, 3919 
273520 e456a074-4447-4ba3-8fee-d88210a31d92, 3919 
256469 922db669-3660-4cb7-aa79-a1c40aa23d8f, 3919 
300829 ad9f05cb-f393-41f8-bbac-480ecaad3376, 3919 
213139 37d913a9-cc75-4573-ba5b-12e95c6c16f7, 3919 
259918 51449da5-2858-4746-b24d-6d98197c9495, 3919 
367690 69b9ef85-982d-4194-8375-160f713be11c, 3919 
274843 39aa9f2a-8de2-428f-bffe-e6913d6c0ed0, 3919 
90597 04fa7929-0bc5-42d6-ac80-75405444e101, 3919 
22721 eacebb3f-eba3-4266-9c84-46d8bf5eeb1a, 3919 
312032 fc3d7c52-1b8f-4124-b9b1-b8ba7ae92309, 8505 
261405 e15c7439-24ec-4a48-ae47-3f6b263e2108, 3919 
260861 56fed00e-af75-4bad-ac5b-d73cb9381b30, 8505 
50505 0ede5b6f-dc24-427e-9413-04ddec70de01, 8505 
380277 f20d3122-73f9-4430-8b0f-59cb22688144, 3919 
87661 bef36adf-5e1a-450c-a966-a45f9983005c, 3919 
373415 1be79bd3-5e33-428a-b8df-0fab2f8f0e11, 8505 
191925 4fedb418-c395-4406-9a23-f1a2d9f2c19f, 3919 
367999 499d9831-84d4-43ce-b055-46827b5c6de5, 3919 
203499 f71b274e-76bd-49f7-a085-af5c6c480583, 8505 
257959 6db49a60-d1fd-4656-aabb-958ac804c9e4, 3919 
174509 f35166ea-813f-45b1-985c-95b5a9ce10d6, 8505 
66417 f53cc6d6-f8a6-4a5f-8beb-7be5d3f2b794, 8505 
1243 60d2a6b5-5a0b-4831-aea6-33a5c0568a78, 3919 
100567 0b354bbc-b961-47e2-af59-b00f350c8930, 3919 
21401 72873a2d-c386-4593-8959-697f2f89f94d, 8505 
388121 91e979e5-9f61-47ae-961e-afb8ee69e7e5, 3919 
47104 066790b5-da4e-4ef4-98f0-4242df573fd7, 3919 
131825 1554e9e0-dfeb-43da-aef8-3404b7ef6192, 3919 
250662 0b50009a-aa6c-4a09-9b27-288d28f67da8, 3919 
341385 489845ca-4dac-4e46-9e18-837cb0fc336a, 3919 
158788 a2f2a901-d8cc-46b8-9ad1-88098be9d32c, 3919 
65220 ade2aa79-4296-4822-8a22-1eb98872e1c2, 3919 
77903 6e50325c-0dc0-4785-9ea2-2d4a4628a5dc, 3919 
297147 76e9e801-f659-4157-b102-a024a0f5101a, 3919 
157942 f7adcb23-3b77-4796-aadf-a25ba6ed5a6f, 8505 
3386 7a8ad053-ba37-402e-89aa-d8634c1bff00, 3919 
214674 29b2d650-f49c-41ac-ab9a-1199274f1b89, 3919 
44865 f11dc63c-28ec-4cd5-b6f4-10756f195888, 3919 
193243 061e18ad-f662-4369-bc14-cf66d478a4ac, 8505 
332962 873994ff-841e-4774-ad84-2c8e19da6ae2, 3919 
102028 a3290b38-f7b4-4a65-bd70-8ec95ccb55ab, 3919 
84381 7db88316-956b-4641-af9e-1f9f97d60d38, 3919 
148210 7f363d6c-e353-423f-b1d0-3ddbe4dbcabb, 3919 
162985 1985edf1-8602-4343-ba19-5d291ff57110, 3919 
259411 0c7f94fd-8dd2-42d7-a850-3a8d76cb71ee, 8505 
11658 2588bebe-6f30-48cf-9cb5-bbc3d58a0624, 3919 
176349 d87feeaa-1ee4-4e30-8f6b-4586613dddf6, 3919 
135848 61db7616-6755-4315-beab-44a3b984787a, 8505 
193260 fdecd004-bd22-4fce-ae3c-9747ff757f48, 8505 
39815 ca247ed1-6c70-49a5-9987-8296596563c5, 3919 
23628 48985103-2bab-4810-bcda-3ab6f6cfe871, 8505 
6369 de25a732-d11e-4456-b035-021048e16c2a, 3919 
121702 f5e52ebb-c3b7-44d5-b8c7-ad01607f7af4, 8505 
16309 6026b0c0-a2e2-486e-9fa7-ead10e7cfffa, 3919 
44038 dd1707ae-5ded-4cea-aa49-99ae32981dbe, 8505 
279042 d8f88cb4-d617-4977-84fc-c8aa077aacc4, 3919 
188031 22abcc72-9001-493e-8d60-9512169407cb, 8505 
117147 1341caf9-fe21-4e8d-827b-25b364931b0a, 3919 
25648 2a91e122-480a-44e2-9ec6-796b3be083ee, 8505 
211753 a321cbac-dfed-4683-839b-6541cfc5cb32, 3919 
56803 22ce284b-68b0-491d-ba72-61cbc3ea804f, 3919 
5121 609589aa-be39-4c0b-9aab-18fcc0852d18, 8505 
128760 1093c0eb-00fb-4ed1-b91c-38135fe21982, 3919 
332812 27371ad6-b6a9-4568-9c9c-f64dfc2c2da4, 8505 
400745 2f0d3552-dcc3-4c80-b6e7-52d8249b273b, 3919 
124156 f651d650-c358-4598-8d9c-b7a148fa5f7c, 3919 
226453 63d33c9f-b5d0-4a90-9a86-7dca14b23981, 3919 
297137 7b92b7bf-b721-4bdb-8d99-26ffb5a85a9e, 3919 
337525 927d3503-4c39-4a5d-99c3-6fe0e91e1228, 3919 
268410 9f5c2a22-cd16-47a9-9707-7826551359a2, 3919 
363402 00a1922c-1893-4e54-bcfa-e4ce4533d395, 3919 
18658 9ddfd4c6-d45b-4cfb-8f25-989b0852f18d, 3919 
284246 2073ff70-54ac-4ef8-849e-fd49b2a9a0b3, 3919 
80628 bce13152-780d-430c-b66e-bffa8c60696a, 3919 
158891 b7a1ebea-7910-4546-bbd7-f60bd6a73945, 3919 
127573 91e7d5ab-df2b-495c-bb80-1cbba6dc2fcd, 3919 
125250 ec1c5423-5fb8-4aec-a91b-291c5f974397, 8505 
334908 96b4648c-c17d-414f-ac48-f474de97382b, 3919 
117682 e0fabe4d-3b05-4cd1-bbf4-339013b65b8a, 8505 
216475 16c57943-c2e1-4cb6-98b9-183becc2c384, 3919 
57556 aa4defa2-501e-4863-b550-5755799c2f35, 3919 
369321 6b64248f-5941-4692-96a5-cdd68a89d163, 3919 
244588 3cb575c0-d495-4b32-827c-095b74e2c770, 3919 
13051 c8b4fe29-bb61-464a-ae44-6c2dda86b57b, 8505 
310094 59b84be6-0af6-4ae3-b079-f0fad84beb3a, 3919 
97423 e4c5ca85-c56b-408f-879b-f06a2effb709, 8505 
256855 a29233d5-1288-4d18-8530-363af7309d71, 3919 
367834 8a7068b6-c29d-49cf-adb7-f12a61925e0c, 8505 
348822 389f062e-5288-4b8b-870d-5bae36648bde, 3919 
305249 7f548c10-e0eb-4f5d-98cf-e6e590e19fad, 3919 
59116 08564be0-0fcf-4188-8795-ef8188b2fb03, 3919 
23798 e2f36e48-debe-4d67-8146-acdd690744ba, 3919 
292974 a3500bf4-312b-44ba-8d0c-19eb723c0d4a, 8505 
195665 6301107d-6e5e-4c75-80a9-a418f003fb76, 3919 
122628 03b8d051-fc68-48d3-98a6-b424d69c5e9b, 3919 
315884 8941ff01-b469-449b-bdc5-5caac3a5722b, 8505 
159520 9f7a33e0-120c-4175-b40e-2502c1d45b1c, 8505 
215843 7255916e-32c0-42c4-b2e6-a47a17a92347, 3919 
357974 92f977dd-d2b5-4fa3-aafa-2bb27ee6aa9d, 3919 
369880 99a9214e-0844-4fbb-874b-33747b5e9b09, 8505 
117930 5ca2e93e-7bc1-48db-8b13-78646b842e2d, 3919 
124449 ff9208be-4036-4338-958e-ebc5cb93e041, 8505 
106340 ba77d0ed-f68a-40e0-98b8-9d93417705ef, 3919 
129677 f92d11da-a303-42eb-8d8a-4adf93319c6b, 8505 
129207 d4a3bd56-ab46-4064-8dd2-59ba79975c22, 3919 
41418 be13f0a5-a07a-4d6e-a63c-13f3c0908249, 8505 
280164 053657da-6321-4520-921e-7533bfe764c5, 3919 
388078 7126732f-64b5-42cf-8687-93f70f034666, 3919 
257547 e62406fe-2851-4200-a4bb-31f74cd2edbc, 3919 
126993 d09c71b4-53f8-4cf2-bce9-c2fa25d47e2c, 3919 
178770 10b8d1b5-8a7e-45ab-b582-b7ddad23ef62, 8505 
60493 360bbfe3-9ce8-48c0-80de-25e6d51bd236, 8505 
256084 0980f174-dab0-4df1-9db1-88d8308ed6ee, 3919 
294271 46a60c49-73f6-4113-87a4-e3fa988f650b, 8505 
403168 ebe56370-0f78-4423-bbd9-0d14b21f38bf, 3919 
291220 38514f27-dab0-46e0-a52d-d4257f91c0f2, 8505 
7626 660ca632-bbe7-4623-a49c-853bd34bbada, 8505 
280427 f856243b-cc6d-4684-a9ee-7c138e07a654, 8505 
118332 97e1f746-af9c-45a4-988e-e703a764fef9, 3919 
120359 4c18b864-c794-419d-a138-465fa8d76389, 8505 
235379 6855a55b-f787-4c7e-94e1-703fe92b3e0b, 3919 
291069 43f74bdc-bc41-49a1-99e4-8c75553ea129, 3919 
72235 024f7ab8-4fde-4fad-9dcc-7c1e696a4f1f, 3919 
158691 6b4e3c5c-b1bc-4fdf-8a60-c9a8a8509309, 8505 
204565 243c0df3-de61-4936-9530-118a113eb46f, 3919 
161060 27e2fd80-d3f8-42a2-9e96-d13b938b227b, 3919 
132091 d498b0de-8a1f-4e73-bfaf-7e3c64b237d6, 3919 
25766 8ce958cc-eab4-4593-9667-afefea2534f0, 3919 
18489 ffc730ad-abe8-4207-a0c5-0f08e9ae88dd, 3919 
173537 7473c5df-5a1e-4930-95d9-74a2f19c1185, 8505 
360209 609e98b9-c38b-463c-bea6-fd5b8351376e, 3919 
388552 3a03eaa7-4276-4623-9f0e-9e6d36ab7e9d, 8505 
178612 654bbb88-9c27-4b22-877d-594baf57154e, 8505 
382687 2c0bb04f-e705-4b6d-b445-cc79b4c9ce77, 8505 
104658 7462ae7a-7568-4f63-bef1-f421130e4a28, 3919 
59358 133e5bd3-4651-43d7-949c-24d5aec4c29d, 3919 
19174 7ff23c69-8e36-4fec-a5bc-4a59169656e4, 8505 
341664 deec45cb-a9af-4c0f-8be2-c8c058685896, 3919 
61824 d68289dd-9e7a-4a4c-946e-7600d1ce61eb, 8505 
305840 e8439fa4-83aa-4ece-9b86-c97413f0d4bf, 8505 
99667 21bb7795-a2a6-4f8f-9e44-70af4037b054, 8505 
358023 31689475-efb6-41f8-a3ca-3669483e0e12, 3919 
99521 aaeef0c0-fba5-484d-b892-65b1a5b24b23, 8505 
307055 c114fbbf-d9cf-44e4-b5d6-178001540477, 3919 
125392 dfddb2d9-3cff-4edb-beca-bf75fafa90d8, 8505 
367680 f8df31c6-afc1-49ba-a9e1-13be55f6e485, 3919 
345384 7fc4274d-724b-433f-b167-eba3c94f3457, 3919 
107612 06a528fc-dccb-4083-b376-db1bce87a2b5, 8505 
219547 7d9b9687-f204-42e3-aac8-ffbcc931c32b, 3919 
201829 eeb9d63a-c207-4ad2-8b59-1bafa9707993, 8505 
53976 c8ad7a92-5422-4c16-8b71-bbec0ebe6346, 8505 
83516 05b56348-c181-4c7c-9fdb-eea2b0e99354, 3919 
296048 7e02275c-6953-4812-b967-8cd1ce207e86, 3919 
363062 67211f58-4597-4ed8-aa19-b6f7e3baea7a, 8505 
83688 b1de660a-e12b-45c2-b1c2-cf07504a9a71, 3919 
364717 b6d62900-6396-4fa7-bd8e-036d07080c87, 8505 
335558 e8b3f48f-7ac9-46c9-b274-6dda936824a1, 8505 
10608 699c537c-200f-4f82-9d3e-9646dcb8f4a2, 8505 
287275 c58d624c-4954-477e-8155-6fca701ae686, 3919 
220189 27b475e3-5eef-42b7-ba8c-0b26a655d72c, 3919 
108723 d58e79c6-da63-44a6-992a-8f07afb66747, 3919 
281179 f080be6a-e9c3-4277-b6b3-987f987f5935, 8505 
278137 ea03a22b-5772-4a80-9cea-87804c9b2680, 3919 
370770 22eb1d2d-e54c-44f7-8023-e03ef24148c5, 3919 
247210 6d86b9a6-163f-452d-a3e8-05afae498449, 8505 
22349 ba1df59c-bd1a-495a-b2b0-d19c4b820445, 3919 
73841 7123ab38-4c4d-4658-9f84-b9919a2c7bd2, 3919 
270598 e806b9af-1f50-4c7b-a255-f3f38329df8f, 8505 
96082 c37cfc62-f95e-4173-9f17-a6063b054eaa, 3919 
299210 43ad719c-56a6-4a7a-a6f8-53506645210d, 3919 
272915 6bc93f72-b75b-4a2b-8f6f-f4ef1e37d84c, 3919 
167395 ea77a2ef-9342-43d0-a5af-c08daf6408d4, 8505 
2730 15a8e15e-72de-4bd5-90ff-18c7dbf8d6c0, 3919 
182112 47935822-8ece-452e-b198-4a9a004adf9b, 8505 
329421 c1dec622-f1e5-4bfe-aaad-65b460d40bc6, 3919 
362035 f340fc4b-58e8-4efb-8e3b-02d797872e7a, 8505 
376924 3f6cf857-bf1a-4b36-ba29-1e8065434fb6, 8505 
191493 4deb78c1-8143-478a-9277-5eb27b330374, 3919 
266852 b0681622-c10e-45ca-84ac-b56513757740, 8505 
186805 df2d2fd7-9a9e-4a91-9c35-3015bc0b9de6, 3919 
263663 cd92926d-c16b-45fa-ac1c-c59dc23192fc, 3919 
38966 e0b8a7f8-d9cc-4e4a-847a-a012e1bd1a0c, 8505 
304318 d94eca16-9e14-46bc-83b5-2e9b51c7e215, 3919 
198904 729d3fec-3e13-46e7-b54f-45fa300f680f, 3919 
85908 33bc5d12-f6fc-4e8e-bf13-73e5a4d87035, 8505 
270712 aef7c21f-e082-442f-b477-6aa53639cc3f, 3919 
69316 cce21c3d-ea92-4dd3-87be-10f907d7f436, 8505 
185123 e70d5837-bcd9-4d45-9815-076d16fc1ec6, 3919 
343286 54e97b54-372a-440d-909f-623cd0fd4024, 3919 
78236 5bd21ff2-7900-4b72-9307-bf84ad6d8a59, 3919 
162852 d6678ad8-1434-4783-9967-13d1b3fdcf15, 3919 
300058 00beb192-2c4b-49d4-8119-17301b18e35f, 8505 
119114 082ec84c-1f70-432e-8919-4a5e3142b5da, 8505 
278198 6b5881c5-aa1e-4448-959a-eac9a0f3d2a3, 3919 
127582 cf83c46b-dd56-4637-aa30-879c8a3efe60, 3919 
141930 0f646981-578e-4a40-81ce-6ea83cea04f3, 3919 
236961 3d15a310-79ec-4b0e-9adf-65736ee8ffa0, 8505 
177671 c4d50b9c-07f9-46b0-896c-8a914f275188, 8505 
172885 148c0d4e-b894-4f51-9b2a-b78901d7cf68, 8505 
280998 cc8eef89-d429-4d7b-bad0-dbc57eab11da, 3919 
279134 4f31c1a9-478b-4d94-8fe7-27102ce8f2f5, 8505 
367720 ac17e320-e14b-42bc-9332-e2427b1e3906, 3919 
316495 12d7b288-60c7-4508-8541-b325f2376661, 3919 
205690 75ec16da-b1e0-49f1-a5ac-342750f7932d, 8505 
365483 e563bf9c-5a31-403b-a051-a77368a51673, 8505 
197829 566e5f79-2262-4d29-a98c-5ade54ddcc47, 3919 
345401 bced44b7-ec89-46ee-a244-421194691cca, 3919 
236137 6c278c06-ac45-401b-9d71-6435e75f53dc, 8505 
240820 9a6a0c23-0725-45df-a6f0-fc3f8d2fc771, 8505 
202592 df739ac2-6423-4e12-90ba-8e41c3521c37, 3919 
22159 d50d7ff1-4426-4a3f-a42f-d36735b7c844, 8505 
299374 dbd5601e-a300-4d40-b031-334756e3b692, 8505 
44416 7ca8b7c1-3ce0-4173-8438-77ac0c836ac1, 3919 
172464 74d11261-b752-4c4a-a498-6e81e77d7172, 8505 
89968 0f72e266-d648-4470-bbfa-ce665289e23c, 3919 
55026 14f95f7a-e6c6-4667-9da8-a25e05dd3e07, 3919 
275777 2c3c093a-c5c7-4174-a14c-dca987f49a94, 8505 
147762 607ef4ad-a7da-4cc0-a400-7459f8d02026, 8505 
102509 d170723c-1027-464b-95ba-1f9ab45e1737, 3919 
387352 d1432d17-5b32-4721-8d93-86e8c7341bd5, 3919 
390794 5c241881-721b-4e04-842d-de465a907d5f, 8505 
164462 92540b55-d8ff-470b-8b16-d592fbd68c66, 8505 
40152 f059b70e-4bb1-47d7-82ab-1adff6f27ab8, 3919 
78424 7f68241c-2436-47d2-b3f1-1a098e172a14, 8505 
233892 bc0d4235-ae63-443a-8faf-58e30b4346f5, 3919 
85687 7875892d-3b98-4a00-aa9c-bb70dcdcdd31, 3919 
345423 df9b5310-74eb-46f3-bbe4-afb0b8ba7ea6, 8505 
314224 27fa5dfd-dbc7-4812-b420-348020c1a423, 3919 
332099 3b104fa4-f529-4b4b-9544-d9307cbc8952, 3919 
345411 2d397723-b60d-4567-9d60-ce62a19119a6, 8505 
327280 a6f27074-3e29-4f5b-af75-b2deb219e6fb, 3919 
52686 7d5fbdfe-9eba-4c11-a1e5-2a41be804d86, 8505 
401859 10d7a2f7-83a1-4df4-a151-8d82585c6333, 3919 
261925 91070b52-c884-47fb-9983-252a5e661ac3, 3919 
285328 eaabb83c-ccca-40b2-9c30-aa2d2fd92899, 3919 
95343 4bc21725-a168-40d7-8a67-d1534200d1a8, 3919 
304575 821617cb-6863-402e-86dc-466aee725927, 3919 
337282 f9ee46b5-f101-4702-89ca-80d1cef54f93, 3919 
320484 6eb1f58d-6a79-4856-a6a9-7e574c797f06, 3919 
148115 b3282d6c-f74f-4f10-b20a-4536448b29c5, 3919 
146529 e36d90fd-5043-4075-ac0e-830d2bfda92f, 3919 
321148 b714a95f-096f-4708-9d25-d06cb2ff0ffe, 3919 
279001 40093a02-2138-401d-b61b-a9ae023b0ded, 3919 
264955 a8febe49-9513-43a5-837e-7b83bde6b3d5, 3919 
138688 b53c71a1-5690-4786-88ea-3c702e244a36, 8505 
151646 63483f52-cdb9-4dfe-ad39-7aa347278267, 3919 
343199 f6358f74-16b9-46de-b3e1-8392216db599, 3919 
190138 5cc3a59b-25d8-4440-88ff-21a93da46f92, 8505 
298401 1d99288c-8d0e-4232-86a3-f190f2127ece, 8505 
202068 f1038fc4-686b-446a-842c-0e0d99507cbc, 3919 
239739 1e4d7b8e-7ca8-497d-9aaa-1abd40258ce6, 8505 
52165 d092955a-6e2b-4cfa-8ffb-80bc14f51454, 3919 
402789 b2081241-8afb-43cb-b450-6ffbbcb09cec, 8505 
268027 852ac273-4a24-4e32-b4c9-e42fe993dcaf, 3919 
266601 0f22e3ed-10ce-46fd-9c79-b1a51f9b38a5, 3919 
245422 9e7e4561-2489-4360-9125-f038cf5b207a, 8505 
37139 5a0eca75-1971-45d5-a84f-19000b55637b, 3919 
283416 bb8f707a-363a-49d5-9c4b-e837f3372631, 8505 
180295 e6a6cc76-09ca-4f79-a97d-5f54253b3151, 3919 
172305 44cbc78b-a292-4e55-8981-786b8f5fe6d3, 8505 
160715 fecedd1b-264f-4878-8dce-57d47b67ff3b, 3919 
357753 9e72edde-fff9-4044-bed3-f2dfbcda13ab, 3919 
305691 d142ab2f-79cc-44fb-8216-998169590540, 3919 
310259 0be0a38c-12c8-451d-9caf-ea529837b14e, 8505 
98243 5ca881eb-4b2b-4616-bc01-188345cd7040, 3919 
181790 97ff2a08-0491-443d-bf72-7e65c9b9dbc5, 8505 
186328 233e4ace-317a-40e0-b648-51e17a9c548a, 3919 
377178 ff84e92b-1f1e-4601-b877-7a658cddac3f, 3919 
261790 8f58b492-2aab-4814-9a7e-4a95fdaf5f3d, 8505 
332413 fe48f05b-d1b5-4a52-a077-0d7abd11bb1c, 3919 
292171 41564236-a942-4660-94b3-7c8160213b2e, 3919 
131577 5797fad5-df52-40c1-8450-fdef15aaa107, 8505 
269591 5a9e16c6-453c-48b5-b5ad-ee95c7ccf12c, 3919 
241671 85741b21-9c5a-42a6-8b6c-18ac56a84ff6, 3919 
239371 1866a9ff-958b-4ab7-985f-aaedc8d05497, 8505 
380864 0345966c-db93-4486-b240-a2a41a7cb5e3, 8505 
87528 b0c70c86-30b7-424a-8379-f6f8167f81bd, 3919 
53332 145893f8-8961-4aac-a8b9-003c95e8922c, 8505 
147987 e47d84e2-0f79-462a-9d87-b8f0c79f49b0, 3919 
201480 c0d0d2c5-82ba-4286-9533-5bb6baaff92e, 8505 
301301 660e482d-7d57-4854-b1b6-f69b9afb46c8, 3919 
47190 2f27c439-431e-40b0-ac60-a673319215f9, 3919 
168363 0346a8c2-4dfc-4bc4-a7e5-320610bec218, 8505 
110474 f3c849a4-0345-447b-9663-2abb96404882, 3919 
208702 5fe4b3bf-7c2c-4cbd-958b-957687096774, 8505 
333698 abf91835-f7a9-409e-b43a-87134280f3de, 8505 
392123 60b854fd-a20d-4cb2-9807-36739104fcf9, 3919 
284990 a9035ef0-7246-47b2-8acd-e2c105a02662, 3919 
162071 e8728411-620d-4f20-8522-55ed8207031c, 8505 
105649 09b51005-e69a-4463-a37b-de97df824a09, 3919 
193740 c223cf7e-c5ef-4c9a-b87b-5aac6e1187be, 3919 
361170 c853b5d7-48cf-4b9a-9d91-33e6ff6d6c75, 8505 
155609 1c5071c2-3e71-4b0b-abc4-260e9a66d740, 3919 
332835 9757a346-6990-459a-a4f8-32874e345383, 8505 
191542 37fa6a54-d2ea-4b67-b587-87d21eab141f, 8505 
84771 45cc5d90-2362-4304-95e5-d27a5bf7ee68, 3919 
264696 a2954f86-2ebc-42b3-83f3-eacb206ba175, 3919 
189325 27f4313d-f144-4655-88b5-9462ffa3713c, 3919 
57124 f4299080-e3ab-413d-9fb4-c009d1fd720d, 8505 
61562 5af7ac86-1df5-41a7-aec3-d65cbc235b35, 3919 
217772 1d29bb95-bda8-4d02-92e8-c0689ff7f3e6, 8505 
227533 e20f102f-52fc-428c-a6ff-78d07602be78, 3919 
205968 9a475e5c-57ee-4a14-b69e-b92b5d92193a, 8505 
36994 18969406-55b6-4f74-8f66-0ad3c76cd44e, 8505 
190632 c613d759-257d-4706-bdbb-a9e7b68a7b9b, 3919 
72238 c346ac13-fc60-412e-9e92-5bc00fa892ed, 3919 
79884 00be4394-5f79-4e93-b5df-80d40ebc554f, 8505 
342783 d49516bc-f3f2-42d5-a00f-492b010c91d0, 3919 
179991 d80f347b-5ba8-4ea7-bc8c-341da6a71614, 3919 
155637 419d4374-0a00-40b7-ba12-f3a0d918d247, 3919 
134789 2f2a785c-4982-40e4-a1e4-68bc7f443925, 3919 
372844 abb12ab2-b3d3-4d36-93d6-e597d132638f, 3919 
229175 77020663-9ce5-4057-8075-3865cd3e8c0d, 3919 
122126 ee447263-b9de-41fa-bd01-f3499e575514, 8505 
364039 bde77881-fe8e-4996-8623-47fb0425efdc, 3919 
258252 d45cf66b-a5f5-40dd-b10e-49ac3bc91815, 3919 
227360 5655d577-21b4-4f7d-92a6-cb5ab3ac9ec1, 3919 
331993 6cc8dee0-26f2-45f3-b68a-984c23f6b9e7, 3919 
298241 d1d489d9-3f13-44a2-87e5-4fdcc4b8dd8b, 3919 
371485 cc13ed78-9dde-4cc7-ae8c-445f1e87dea7, 3919 
289309 fe957cd9-189f-4d78-9286-49afbdb15ca3, 8505 
130718 3fc4cca6-5ac3-4fb8-8873-e6a3ae3c9e0c, 3919 
338382 b0147915-7450-43a1-8565-3ff68b197e40, 3919 
322411 0fce585f-2c5d-4457-848f-b8fa3428def1, 8505 
298132 583e6907-55f9-477c-9226-42ff88f46479, 8505 
63647 fe299c67-0b24-4d9e-9dbb-be99e8ab175d, 3919 
166671 294d91ae-0cf0-4e4a-9feb-17b8456495b5, 3919 
52618 da622d21-0fb8-41d9-817e-a21ef29504a0, 8505 
224355 9f7c2cb7-21e2-4253-bd37-ab73097678f1, 3919 
135945 3869c7d1-6e0a-4241-a7be-bdc545b766f1, 8505 
197523 be84481c-4da9-4da6-81a4-55b747b5c2ea, 3919 
258414 2c03a588-cf4a-41f5-b66c-46381f340c8b, 8505 
94601 5b4a1a0f-0629-4963-b832-c77d227ae6fb, 3919 
37864 b180191e-2b2f-4d4a-b614-eecb8069470c, 3919 
171357 fef1255e-a9b4-4367-89a9-5632d30dd481, 8505 
388944 bebdb1f7-0d7d-43f5-8bd1-6ce15a1f9074, 3919 
276055 cb2e7b87-e4fd-420b-ad1a-14ac5ae04737, 3919 
328668 c1ce788b-6049-4e07-894e-380ac88b1be3, 3919 
358722 b4131738-31e8-4536-aaac-bfebb00cc2b7, 3919 
329616 10c5de7f-9298-402c-a756-330ebe24cac4, 8505 
76252 72e83067-0c6c-42da-9315-74fc51bc68f8, 3919 
287995 b0e5a7bd-4875-480a-a2ff-ba577712d175, 3919 
196810 3fdc63d3-9103-48fc-85c9-2500c1bfa082, 8505 
62169 4271967e-f420-4563-8001-4ee9361bae6f, 3919 
319831 55e59a51-f753-4b55-b3c1-5b02d45ca391, 3919 
80939 80903cf6-939a-4fd9-9fa6-3e0552203655, 3919 
322958 2a8e75f1-71bc-4479-a019-2bab7bf2bcab, 3919 
295659 0d6322ed-2496-4fff-ad70-71efb442af14, 8505 
389814 3a78bce2-104d-44c9-ade1-83fcbcd2b826, 8505 
116911 1fd30411-d631-4a05-8834-8c14dc842af0, 3919 
1225 f30d3a37-2676-479d-a627-a9ad2e774841, 8505 
320602 1704dfdd-73fa-48b1-b83b-f332a6e0fff5, 3919 
14561 022caec0-bb41-4cef-811a-ecee0ed3e766, 8505 
349501 03902af9-4825-48a2-808f-30025e694173, 8505 
387869 e4eb2d88-5999-4cbe-bcba-92177ab4b899, 3919 
291498 b5d02673-b302-4448-b902-780e08acc19a, 3919 
171460 cecc1c75-aa79-42c9-aa1d-252e902dbaf8, 3919 
366488 e8c83f44-9bf0-4324-9d79-a8d1b7436f99, 3919 
249724 c6e96894-33ba-43d6-b0d5-38c03c40deac, 8505 
276756 b04b9bb0-8848-4265-afe8-fd2f03722898, 8505 
66473 724b8c24-706d-48e5-8e23-64a69f641057, 3919 
323748 9dbfb4f6-05f2-4acc-9bb3-01a698325143, 3919 
68930 ed0e0fa6-70e9-4bab-b05c-a06e29a8da7d, 3919 
284421 127d9b61-8490-4cbb-939e-83b77783c04d, 3919 
369964 d6405c3d-1401-421b-aace-17a90bb5c52a, 8505 
68872 d377e21d-697e-4ecb-bd15-362ba01b8298, 8505 
304571 9e7cac58-7d9f-4afb-b3ff-b415317ddddc, 3919 
302725 2e798984-bc7c-4149-93d1-fcdff9df9f24, 8505 
343436 30ce8e47-92b5-46ae-a589-8626a23030c2, 3919 
156822 082a3aeb-f2b8-48b1-8457-68e7b442ca04, 8505 
135840 17aea475-6fef-4fc5-9ac3-14bfe375c6cf, 3919 
84762 23bc4a21-f7e5-4d81-8ddc-c299d4073471, 3919 
44771 fa5f393e-62a8-49e2-aacd-b17936758760, 8505 
265414 83c75646-29d1-4791-b205-fe6750390552, 3919 
4129 e5787a8b-e003-4ab6-aec6-014afe3f3275, 3919 
309233 7a94a557-6359-4f14-9a3c-60a704962b60, 3919 
332285 55e06f12-eb59-4da0-98e0-e70a144d7485, 8505 
61401 777e6406-8a5b-4d6d-9522-c2997bf5eb5f, 3919 
110504 936a058a-dfdd-45e9-9081-55df60385e91, 3919 
306981 8f53063c-ae77-42de-9b7f-30d53368e1dc, 8505 
55634 fd7de9e7-e5b3-4bac-bbb5-4ce184920ee6, 8505 
247428 aa65abf1-db1e-4f68-8d7c-2a5907e0c424, 3919 
23199 0229f396-f880-40ec-9da2-9c746bfc8f56, 3919 
204400 622809cc-b11c-4cdd-8e7a-edafb754b2de, 3919 
290016 80b36488-8d33-4aa7-9d4d-f37deaac8cfc, 8505 
40693 62e3a876-ca5c-4752-8a36-5c388a81e446, 3919 
336684 4635ae97-4225-4e36-9ef8-784906199451, 3919 
381701 92c18827-e833-4975-9ddb-6b9b420b5d86, 8505 
273309 cde5cac4-e093-4fc0-9807-55042b48f7ca, 3919 
66518 92bff761-48ac-4466-a6b1-d65881b54a3f, 3919 
289018 2f41eb91-6024-4b79-b7d2-b1ebc993bb98, 8505 
357133 41edb66c-bdf7-4b00-94f5-4a0a68b8fb19, 3919 
280562 8ef0ec10-e681-408f-90cf-71b9cd35660a, 8505 
56229 72a7b1cb-194d-4250-b727-55b1aa92a527, 3919 
93894 68b0832f-7747-49d5-9528-69059e4b6e7d, 3919 
403677 fa42fb92-fa41-416b-951f-25690f2275f9, 3919 
187285 b21d7ced-c711-4d60-a3d3-347f61aa1291, 8505 
146388 aabb9529-7889-4cf0-b042-90f83834ab2f, 3919 
169215 5e01ff37-ba36-409b-9685-47155660beab, 3919 
84637 b08b8be5-f876-4229-bdc9-e107ce125498, 3919 
124882 9df75242-14a2-4f04-9a55-8e6975ec728d, 3919 
65027 4efd5760-ddb2-4ca8-8176-5077c23bf04c, 3919 
353540 6f1d3dfc-a801-4edd-a46c-914e63a725cc, 3919 
322305 71266ed2-d55d-41a5-ad51-8865e4266c3a, 3919 
310993 08ebdfaa-d773-4f38-b694-ecf7c8c2a46c, 3919 
145332 bf94f72b-63a8-4acb-89e7-08e7821a14a1, 8505 
5630 59740ef6-d547-4c7f-9b6e-b0728382a467, 8505 
214799 a40a1d99-200d-45ef-bdda-29ef1468cc90, 3919 
111670 5095338e-d8c8-451a-a8a3-da55bca5c68d, 8505 
194856 0a814acb-068a-4cff-9015-c45f5a852ab0, 8505 
36435 40b2bb1b-f093-4ad9-899c-4ce89f05b9b5, 3919 
338498 ee066b96-8e41-4461-919b-9d35ce91e2f2, 3919 
242295 8bc9156c-d1d1-4cfd-9fb5-9ef6fb9190c8, 3919 
56523 f42aa246-1e78-47fc-90d8-2339ffd53736, 8505 
72578 78687ed8-ed2a-4cef-a037-d705b48f8a97, 3919 
305870 1920d6e8-6b2b-4918-a1b2-2e81db6fea0c, 3919 
391884 5dcd0bc6-da02-4957-8396-d09f39e9a23f, 3919 
10579 0136f54e-88ec-48fb-b848-b293e3f56ef2, 3919 
276104 1dea7ae8-1ac7-4658-af55-21d24541dbff, 3919 
185926 c5982a82-92fe-4677-a758-74b13b2a9728, 8505 
48649 e5444a37-7a85-42fc-9a8c-009f4daa309e, 8505 
266309 90c71302-ae7b-48bf-bc38-3c55bf2b1e19, 3919 
247724 3f5de541-e581-4367-92d8-b0422493fa1e, 8505 
213668 3f07502f-5a9b-43b3-afc8-2a43a3a90f32, 3919 
98154 50e87737-e89e-4899-8519-ce075b70f659, 3919 
356700 ecd0dffd-e123-4a10-b9e4-e037eb08b8a4, 3919 
70296 eddd4668-5bf3-4dc9-aca7-1b6c0bec88d3, 8505 
140948 47a7ee19-c6ed-484d-9b52-6928e9bb6670, 8505 
294638 f0a29658-bc45-40e7-8db8-1dcc20805708, 3919 
343838 031fd965-531f-4721-a215-c69cf88fbf4a, 8505 
218538 08487255-653d-48ce-9a3e-85134351b3cd, 3919 
69989 7b674da2-38f4-49d5-9c47-5ae4eec8cb07, 3919 
279568 fc1f1608-7c3e-40c2-b0b1-b86cc2414a71, 8505 
236205 9cce67f8-9766-4bc8-9bcd-2db5d453570c, 8505 
218308 0387a468-20c0-4ed3-8d76-c0bf217ca6ce, 3919 
283180 062924dd-2cdf-4efa-b7b5-89edae8d3c5a, 3919 
238914 0dc5ff15-2c24-4c9d-ab7e-18e2a52bbec1, 3919 
37518 20f69862-d4c4-494b-9fe2-e86a3e48a526, 8505 
191319 94a6c44c-0d0e-4c94-8bcb-d50967901116, 3919 
86987 056eacfd-3a9a-42ce-8c33-9d67e44bac6d, 3919 
313629 ebb23c1e-04bc-46c0-8a35-da742724179a, 8505 
112393 8b11cf5a-ff9f-42b2-b104-0ad4f446a1f0, 3919 
101073 3ef1a1d2-969b-4a62-9870-2a3395e67cff, 8505 
255562 4f5ccde2-a3cf-444c-a690-3a8d1dd6df5b, 3919 
65810 4a636f25-f6b7-4070-ba89-6d7b15751d60, 3919 
150815 2b2cbba6-4693-4304-aff6-e8c925d803e3, 8505 
121146 9e4299a1-f35a-4c52-8c85-8058b6e83b00, 8505 
396651 eae03c0a-207c-47f1-b33b-85029a24eda1, 3919 
198203 c59e21be-dd20-4ee5-9e89-a956ce0be137, 8505 
222036 f01d6158-8f8d-48ee-9ac6-a9e97e7de4ed, 3919 
211683 f8da606c-924c-427e-90f6-3fe0cf483e73, 8505 
16589 0a050d15-4ca4-4054-93f3-c8890bedc34a, 3919 
166345 01e405da-c3d2-441c-8105-101da6e4c722, 3919 
355675 a056a0ad-f533-4337-bc9c-fc0b96cd7b5f, 3919 
118395 3eca1c40-8bac-4933-826f-3cb78ac2486f, 3919 
129448 d6f0a130-a0e3-4d91-9312-6a8503ef2373, 3919 
368287 687536d6-4615-4204-a35b-5e17437568a4, 8505 
206297 a5100d86-8374-4490-94bd-61355549410b, 3919 
149080 ef323773-2ddc-4f30-b7c1-bbaa60aee593, 3919 
287374 a6244b8f-bbe9-4324-8ecb-a38b057d83c4, 3919 
288109 9ad2e28a-36fa-4a88-bbf4-a1ebaa7af850, 8505 
38742 d8755590-f83c-4a47-bcce-604fd1118426, 3919 
187379 0ded54c5-a18a-4cfc-b781-53e3b44af9a4, 8505 
238464 73e2b623-0040-4e49-805f-0a60dd8b7020, 3919 
50464 3f601cd3-afea-4a1b-b5f7-a70520d859ec, 3919 
221531 74c3937f-7269-4aea-9eab-7a9676702b35, 8505 
93058 15d76afb-c1d3-4a5a-bdeb-042414db0c53, 8505 
30986 eaa2aada-6ea5-4c90-b59b-116192650192, 8505 
307061 bf4d996c-c73d-4297-a1f1-cf8e509e1450, 3919 
111602 5175bd3f-f3ef-4f20-957a-7c2cb295f633, 3919 
385524 4906d7fe-8105-4c60-9e40-a21d1427e93f, 3919 
22252 f2c1e299-43dd-49dc-a47e-a6c43c8957cf, 8505 
156431 c01354e2-292a-481e-b2ec-58686393a770, 8505 
293996 40ea6ff7-f4d2-43e3-99a6-7edb87352739, 3919 
140219 4e0dbdc7-c5f7-4f51-a5ae-a0adb8ba9bd2, 8505 
401207 bea517ad-d64a-4e31-bdd9-4fc014fadce0, 3919 
233694 561f6f4d-07fa-4c47-8ce3-201d5e66230f, 8505 
392759 41670ddb-57f4-478a-b04e-91d3f6d0c81b, 3919 
231481 9f16920b-a148-45ea-8356-ea331c842411, 3919 
349918 64cdd353-0594-4c90-9d9b-c5a29a03e0de, 3919 
80106 2f64e929-a6f5-4c75-b0bf-a0b8a894395a, 3919 
234163 36f1656f-7429-4aed-9ed3-0124cd281d18, 8505 
287944 e0893449-ce35-497d-8188-44c0d9fe0eb3, 8505 
361553 2da452e1-dd38-4177-a869-b6d0a7d2c602, 3919 
304966 ac07275d-f40a-4a16-94db-53456ef6f494, 3919 
139011 f107bce5-f1f2-4761-bb69-9750fb39368e, 8505 
85080 c42ce743-6dcb-42b0-abe9-be0f8a9a7d7a, 3919 
92877 20c82080-cdce-4993-854d-4194e59b5e52, 3919 
50433 2a99cbdb-5880-486d-814b-144f0b83bf12, 8505 
1563 23e235a7-bcf8-4038-a2b5-5e45a814b6e3, 8505 
97913 534af696-f1e6-441d-b1d6-283ff0bc440d, 3919 
71662 f547ab55-6cd9-4eeb-81ce-1f061ed4cb68, 8505 
91207 a328cb01-458e-474e-ada9-0fb179728af5, 8505 
134316 fc1f1033-f42d-4ee6-b117-edb198b30516, 3919 
104101 a9442287-1072-4f85-886c-d57dc7eb0d20, 3919 
78993 4639d5a6-f907-4d03-af5a-d37d7be99de4, 3919 
244351 f4fcbf61-6844-48ff-aeed-23bb62703813, 3919 
96763 b0952055-d873-43a5-b429-96af4f317fda, 8505 
230957 71aab692-c8b0-427e-8755-8d1dd4e909cb, 8505 
78876 75356f6c-dfe9-42fe-beee-f29278963eeb, 3919 
260578 c1a738a9-03e0-413f-87c2-c4199a68fd2b, 8505 
227175 553c5eb5-4d57-49c8-b6de-262184207b4a, 8505 
164938 3c45034e-7cfc-4800-b56d-435be98a9059, 3919 
81253 a11e4425-5324-4ad5-a281-b69a99da3f6f, 3919 
362412 e457e08f-58ab-45db-8712-0d60a1a9da43, 3919 
315915 20db00c8-9706-4fbc-9089-01010fa742bf, 3919 
390700 b6ce683e-dec8-4a16-ab5f-865d50350835, 3919 
268529 f8a85150-aff2-44cc-aa0a-9a6dfdd43858, 3919 
264061 ff34b648-d154-4c85-aec0-f7eb79fda945, 3919 
96270 82431a91-8ed0-44f0-9bf1-f22393bf2963, 8505 
387631 89208ba5-dd1d-421f-b1a4-754bb720869d, 8505 
15526 bb3e37fa-f74c-4fb1-8148-3705776d0d0b, 3919 
313964 1172a009-7692-4fc9-a543-41aa0430ffdc, 3919 
350402 784f5d2d-7764-4344-8e63-1f32251a323f, 3919 
198853 b87b998c-8d43-4157-9307-f65d4d90099d, 3919 
280943 477f28c6-3c58-41f2-9660-18f48c5f0f4f, 3919 
256195 2c431cde-1809-4bd9-bbc5-86127d8a9253, 8505 
246728 9da39670-4f48-48ad-8a2b-485c1ecdae23, 8505 
211540 74ba4190-5eb6-4df2-a90a-88703f5ee8eb, 3919 
252163 92c5140f-4581-4e90-9df6-539627d38273, 3919 
380120 afdd8f80-e845-488c-aae9-213e3f4c86e1, 3919 
15722 fbd46ff4-3c0d-471e-985e-858741d092d6, 3919 
360071 5f2e472f-6272-46c3-b087-021bd9c04aa9, 8505 
247169 07da76f7-32f7-45ea-8f13-0c2a99d63021, 8505 
76578 21cb5075-f1c4-4172-88ea-33b4e1de47dd, 8505 
226482 a956a358-1184-41b0-87eb-89c340a67a3e, 3919 
324878 1897a232-9156-4ee5-a531-7469c01dbba7, 8505 
235871 bb12f4fe-53bd-4a9a-84ca-149825b99852, 3919 
160813 0a2dcb46-d16a-4a3a-bfd3-0b68cd75962c, 3919 
140759 522ea81b-ce8d-4636-96a5-aa7856fe12d4, 3919 
165312 80ea89d6-e410-49d6-a2fd-fcf74dcd19d7, 8505 
109196 89364283-7410-420a-843b-ac310ad05987, 3919 
268804 2365fbdf-70a0-43c5-9594-e563aa8c56f4, 3919 
311730 aa988797-7210-487b-a767-cd2f4cabfe67, 3919 
388219 41d4abdb-1250-4809-9d12-8bd3fab5e0c9, 3919 
350602 75cc505d-b9e0-4bb0-9f08-43ae3e55b62e, 8505 
263277 a6aadc3d-d82d-4378-99a9-abb42a42d04e, 3919 
58376 a2e79a75-527d-4941-aa05-684697929dd6, 8505 
137775 0adc59e6-a48b-4867-96e8-edadf3b183b8, 8505 
326601 8e7ba679-3947-4985-b7d4-f143c68c6758, 3919 
86300 10c6afb7-f8d8-4345-9210-ed785b5c6432, 8505 
312941 983f000c-cc68-40c6-a0d2-7f6883c2e8c9, 8505 
180816 ba5ced53-ce9b-4e65-83ba-9af2a157acc8, 3919 
199992 5e93ab59-0d87-46eb-b364-895cee912ec3, 8505 
324097 dd050387-7d78-42a6-85a2-c3ae36b216dc, 3919 
285620 5ba4a34e-36cf-4c1f-82a0-c14887082f05, 3919 
207198 a4d1171f-e59b-4eff-8289-68c3210d21d1, 8505 
337354 fa2fdc35-7c8c-4288-a875-94d5e5f8227b, 3919 
265490 45257373-3742-42b6-b968-b8c81d88f3a8, 3919 
295504 8d1ebce5-7651-4d75-90e2-8a76d42e453e, 3919 
182378 8221ed2f-58e1-4e60-b387-07811a58dbc9, 8505 
121020 d9232d07-f3ad-44a9-8062-9de337cce6c3, 8505 
366831 82bef5ab-01d0-43fb-bcea-b9a8cbacf7c2, 3919 
126121 6de7398b-d080-4348-98bf-0c1dcf968886, 8505 
247344 8ebc311b-9b1a-43d7-a882-a4d38e12526f, 8505 
205479 e7d33c04-1dbb-4643-a0ae-5a0295bc9368, 8505 
175884 0fd42288-23d1-4e39-b0dc-98d773a466a5, 3919 
23248 e7e3b149-2ce6-44c1-8c55-4a77981e26ac, 3919 
304074 c3797d2a-30d5-46a4-a849-09531d8fed47, 3919 
146775 6f1ecb95-340e-4e8b-bf94-58d65e2bb6bf, 3919 
385517 8a0f346f-b334-417e-ba59-9a54a54b9923, 3919 
256798 b43a2edc-35c6-4c8d-a922-a68884b37398, 8505 
113726 7cd1dd5a-466a-492a-a63a-6fec031f983a, 3919 
143729 af188ddd-4774-435a-8f6e-e2ebaff0a631, 3919 
49503 c23d29b2-200f-4b5a-8751-615cc0978c93, 3919 
46077 5abc9f00-764a-4c43-b44a-438a93e86a29, 3919 
325536 174995aa-22b1-4d15-814c-a2af2d56ea15, 8505 
306172 5f1ea6b1-f108-45f8-b5f8-a53fcb398349, 8505 
337786 03ef25e9-6255-4145-9871-add91b94d24a, 3919 
291629 7e478fcb-9871-4c4c-83e5-b4f0c12dbb44, 3919 
119689 f3451cc8-6975-440c-a61c-7bb816d40f05, 8505 
29300 d850630a-e34e-4e6f-83d0-51318c06fb5b, 8505 
296148 a192845a-6346-47ad-8657-8f89895dee95, 3919 
291601 5121ad06-620d-4cc9-ae25-aca8f62d58e0, 3919 
379251 8c240cf4-f68d-409c-b8b8-2ae13aff2e49, 3919 
51056 38141251-fbee-43e6-9f9b-c5b6f727c042, 3919 
308105 18a2ec00-db39-45ae-b226-2492fdb94eb7, 3919 
283579 26a77656-ba70-4b8c-8ee5-fdc830aefaed, 3919 
10479 ecdf4186-03a6-42c9-8df2-3a4ac4e3e7ae, 8505 
33956 5a0fd660-f6de-421d-a2d8-2b045e7df89d, 8505 
256546 4127b1d2-2c0c-40e6-a8a9-292503e62b56, 8505 
203465 87aee36f-7a84-4bb7-bf71-594a6028bbf5, 3919 
22802 468f2a53-07bf-4aaf-a305-b3abde0dafb6, 3919 
404206 cacae29e-0d09-4c0b-99d7-ef865ac0fb01, 8505 
265172 490b0119-ce46-4f87-89a2-53c013dd3987, 3919 
45985 8e3c0d38-0555-4aa6-ad6d-8d85f6ba338b, 3919 
370707 5d66a2e8-a2ff-4ef2-a520-f2a864077f3b, 3919 
44141 8c71c27f-ac1a-4750-a29f-37ed9ec6afcd, 3919 
105759 e84c276a-69dd-4abb-847e-f96cfe624714, 8505 
333858 e8ce1b58-9bb9-438c-82fd-0353e13bbf07, 8505 
59659 cfb7b165-983b-4f09-9da7-3fc01eaab8f2, 3919 
344916 38a05557-417b-4328-8511-dee63b3e56b6, 3919 
279126 0f718b88-d94f-41dc-b2da-ac11103d4621, 8505 
189595 4075dc6f-6919-4970-8a47-330b11e12a9c, 3919 
140910 93cfa387-53a5-4152-9b53-f179df7a533c, 8505 
122689 65d7cd1c-0319-4174-ac85-0f092a305d58, 3919 
371182 5e5aeafe-d4c2-4261-aa5d-b2d420e7c644, 8505 
309063 3f10c95d-0e26-4923-a38b-cd0436846c73, 3919 
271308 c9e48113-ed46-4686-9895-7c341a32c95a, 8505 
81682 78f44429-5628-4530-93f6-66a58d8333d8, 8505 
270955 66337de8-b1a4-4560-8f02-55eef7e9e859, 8505 
403411 86425617-1f93-4d08-aab0-1b36c3f8edd4, 3919 
5830 73c47218-45d5-439e-853d-e9476c2e46ef, 8505 
97866 14f802d8-fc23-4974-b28f-c4c789f1bc78, 8505 
323246 6546831a-12b0-4156-8c40-4d5bd68d1cab, 3919 
399766 6fad2b59-fadb-4eea-b244-8636cb0b2dd6, 8505 
324138 198e6648-7476-4d87-9700-97d84933fdbd, 3919 
261395 1ac9ba5f-d5c7-41cf-8c6a-d88340629dd6, 8505 
363108 442496a1-fffc-4a2c-b007-3af8e1a4dedd, 8505 
81208 1d8c55fe-ef79-4ba9-93db-6bf6ebb79d69, 3919 
327759 04eb2400-9c35-4a22-bbf7-e7480a04a64e, 3919 
1188 2aaa314f-3bf7-4380-9163-999d66d888b4, 3919 
246965 ced4e90a-7402-4e85-a82f-c628e68790a7, 3919 
251613 9910f205-648e-4acb-91c5-0dd783e6546c, 3919 
60296 ca02e857-cd6a-49c0-a1a2-bf23056ebee9, 8505 
160131 30cc5900-f250-4207-ae4d-d4e04123704d, 3919 
95511 cfc66af6-6a7f-4915-919c-a1c34db2c5f3, 3919 
321160 d0d30f98-7570-41bc-afc6-7096aee7d967, 8505 
40958 a6b47b4c-3ead-4bdc-bafd-c010b43feac8, 3919 
366480 5d40cf32-7699-4f78-84de-e8bb97dc5d9d, 3919 
168664 6c1d8dac-3899-4858-9af4-add5ffa3f1a7, 3919 
200993 a0e38b52-45bf-45b3-8ed9-7a356269c9ac, 3919 
38287 4c7d54cc-21d5-4680-a407-0d69224abd46, 3919 
233013 17dd791b-2a6d-47f5-815c-1562e779d79f, 3919 
185665 e51e9b32-1c5b-48e0-a3b9-b906d9c7b120, 3919 
256378 333ef7f8-74ed-4b93-9f44-0da359261648, 8505 
296230 fcdf954a-baa0-48f6-bc0b-5f9026e04670, 3919 
58797 01e9cef4-8ec2-450e-8eda-09ccb9b6ad76, 3919 
148510 6f1fd2d9-d6ef-44f5-a5e8-883d4a534a48, 8505 
328177 df340595-b28f-4b8e-8314-bd5f51009206, 3919 
263640 ef1c0b1b-2a8d-4a99-b6de-1d289e25344e, 8505 
361329 e39e3924-de4b-4cb0-9e47-a9f3b0bfb029, 8505 
47485 892c1a15-4ea1-41cd-a9fe-02ab31ce2ace, 3919 
53285 397f60d2-7169-4fcf-b9a4-7aaeddfc1133, 3919 
18265 c3b84053-9b95-43ec-b2c9-444eb9474d9e, 3919 
319251 6bef6b97-7cc6-4633-aac1-ffef5e68c9f6, 3919 
39443 2fe5e047-3da1-46db-ae8b-7bdc0ed18055, 3919 
309127 58b23202-f1ff-4fcd-adcb-22580847a609, 3919 
15606 12fc5844-3c34-4cdc-b842-ef5b60d8c8a4, 3919 
160580 f3dc0f47-adfb-4536-a387-a2325605df53, 3919 
21610 9971c1f3-47c8-4cea-988f-e65a398bf72d, 3919 
186042 7f36bdb6-54c2-4010-ac9f-ba58642d6233, 3919 
3740 d82f37fe-b314-48a1-aa3d-9915fb7f8588, 3919 
343773 7c6eb385-8077-4f19-84a5-f6ae1fb5bf4d, 3919 
375652 2078e23d-446d-4c22-a0bd-842d9a700e6d, 3919 
258333 8344c6d0-cdc0-4f41-a293-97afcbdfcf07, 3919 
84619 a4da77f2-4c6b-4dae-aa39-46bd9ee34c51, 3919 
349676 410a08aa-a40d-4f6c-bd48-72c983b3db47, 8505 
276504 e8a5d2bd-7798-4306-81b9-1aed2696d3a5, 3919 
376770 ca356eef-b9e4-40d5-b4e5-0c41098a0f7c, 8505 
397683 e65d0cb7-62e6-4703-a80c-cdac8f18a62a, 8505 
341933 05e8a051-03ba-4a1e-bb06-76837bed10db, 3919 
334820 9098aef3-e830-47c3-b0f6-5baf8736a1a2, 3919 
55251 6427edf3-b820-416b-9071-a0f042905932, 3919 
76088 448a6a12-993b-45f4-a85d-bb8a9f1873f1, 8505 
195402 d0a346b8-4bb3-46ef-9432-e289ddc3351f, 3919 
230563 101cda11-12c9-4d4f-9461-e0b1cc55b94e, 8505 
253636 73e962b7-6da3-4496-8e00-50f731df03c1, 3919 
232269 77980bfe-57d6-4874-8ca4-74484a181d06, 3919 
284631 023106f4-a37a-404a-8597-69e79b7db5a0, 8505 
302346 6420ef2f-375d-47de-aec5-5d52cfb6a1aa, 3919 
265105 772decc3-6e5b-4cf3-acde-dc69dbda7a8a, 3919 
11661 9c97e7ff-fe12-496a-bcd9-32d468ab56d0, 3919 
284367 c4ac73ee-0466-4d39-9490-afb50efbf1cf, 8505 
150619 b3186433-290d-45c1-b790-6ed570381c44, 8505 
298662 2d15c0f4-6a2a-4e6e-af25-28c96181d1a1, 8505 
162350 444eac22-2a67-4509-a24a-6b1b09dd3241, 8505 
128308 e25eefb7-7480-4635-ba49-036d4e9dc08f, 8505 
296179 447cd6ba-1541-4305-af6d-8be8f79eb8d0, 8505 
67649 468b3ec1-a090-4f78-83ff-65f11476205b, 3919 
220124 5dac6d5a-c8cf-44ea-9504-2d6238ae9e70, 3919 
218518 72a26c7f-7d86-43f3-9f91-a9ebcdf230b2, 3919 
187085 a7f37ad7-d5c6-4ae8-b5b0-10e336c04f30, 3919 
29882 4fdb572a-2f01-458b-815b-cf988b47d82d, 3919 
30584 07404dde-9bef-4621-ad24-168cdac303fc, 8505 
295911 d5d6a9d9-78fe-4fae-a666-fa1bce58a5a4, 8505 
182969 e3b2155e-60ef-47bb-82bf-d5c31f7dddd5, 3919 
311379 57214be8-6072-456b-ad2c-6935e887cc1e, 3919 
211887 5cfb0dc3-5216-4249-b212-e7654973a490, 8505 
337274 3c20b4d2-10dc-4b24-a65e-fc44bcb8412c, 3919 
332780 0e0cbdee-75e7-420e-81d2-654920ba5e7f, 8505 
8674 2e6bf612-39e3-4d41-a23a-af490a945a37, 8505 
289527 8af1b097-e990-4e5a-80c2-37376fca605e, 8505 
141634 597531c7-0e12-42e5-90f1-73a46e8a8537, 8505 
333587 8120a681-ada6-493d-b1f6-a6651ebb53b2, 8505 
198852 60c6e315-4869-48db-a6bd-fd319c98140b, 3919 
122857 c832fae2-f138-4ea0-a246-ec657a099d84, 8505 
149440 8ef4f215-b229-40c6-b605-20358040f325, 3919 
243305 dc471a60-265a-4c48-a395-9800b1bbb4f3, 8505 
137761 2764cb1e-028d-4618-9884-e6d4a8db6dff, 3919 
95226 aba5d3fc-37d7-42a6-856e-835d22bb5d64, 3919 
128994 e78ed185-581e-4303-acdc-9ee406fb38b7, 8505 
388813 2fa81f47-16ae-49f0-a814-a06130d4d710, 8505 
402591 6f81c351-8fe9-486d-969f-c315a7913bb2, 3919 
56665 bb6d352b-e60f-492e-93b9-43675287cc4e, 3919 
139466 cf8742e2-6ffe-4934-961e-8faa83db5687, 3919 
305103 ed3d1740-cf2b-4deb-ae12-71c862945608, 8505 
279117 90164690-deac-4fd3-b5ae-67eb39b2bb09, 3919 
241817 1b102c38-32b0-4366-b01d-f6cd6da0ded6, 3919 
30972 3ba69b11-106f-4e05-9c58-1b44b6acb784, 3919 
402575 54729f43-acb8-4753-aa22-cd0bbde00a14, 3919 
297891 05f09c73-be44-4e92-8355-9a54e8ee8f33, 8505 
384601 9f9dbe4b-a25e-4c99-97f1-1c6abffd8180, 3919 
148001 4347ce07-8e19-4b30-8beb-e7c35c86565b, 8505 
305290 0e62bee3-0e47-4389-9b27-d0a3d1862222, 8505 
399333 c50aa5ac-6730-48cd-b429-a408ff0b355f, 3919 
217850 2976eaf2-645a-45ba-a026-a02a889dd40f, 8505 
351298 39a74966-cb09-44dc-9db9-b5ea6be136d5, 8505 
59206 c1d0b98a-8203-46d5-bd08-78834c6c20ea, 8505 
30446 aa414406-5623-4922-bfc1-02feceb6b156, 3919 
120972 5b0a0115-50f7-4584-bc34-1276649d28e7, 3919 
210383 466cf1a6-e844-4af2-a424-c5f524804d83, 3919 
76137 eb0452b2-227e-4808-9724-012a36f3f0fc, 8505 
322976 f5a77a68-4a5f-4447-9c4e-2d86b8191654, 8505 
369189 633f5a48-cc0c-4121-b5de-07f257d90489, 3919 
183085 e2ca6aaa-bfcc-4f59-ba5a-a006ff1af1a1, 8505 
191847 f086f0ed-e030-4426-a490-9e54ace8dc65, 3919 
294412 fa92f487-29c4-4b7d-a95e-7d059abafafb, 3919 
40007 d19aff4c-45d3-45e1-8d39-503789119647, 3919 
293266 6087f13e-0b1b-497e-a6b6-b84419b7990c, 3919 
387242 03ae3383-6f77-41f5-baaa-d69a211080da, 8505 
84488 41609e7e-7ad6-402c-a803-680b2c8d8980, 3919 
396842 3fa400cd-eddc-4043-ace4-c28c1655e2b5, 8505 
60276 b5639924-c292-40a2-8940-715894b00c9d, 8505 
240456 dbc97f9e-f2d9-4e2a-8daf-be6ccc724a45, 8505 
75624 2e431d2c-f90f-4751-9160-cc1ccc597adb, 3919 
129048 f2eb47f9-aef6-4200-8539-844617744163, 3919 
258419 02a8ba4f-ccff-40a0-bcfd-abf35f9a3fd8, 3919 
59831 c30f315f-2568-42d5-8113-14cf46ada888, 8505 
335303 9d3e8007-3c20-496a-9e3f-8e466a48fd8f, 3919 
214603 d789b5dc-ed44-4ab7-941c-c14db3d611b0, 3919 
46276 b9623fe5-d99e-4f70-9fef-ab7d2e0c7b25, 3919 
394551 d6a2c48d-acbc-4ef8-b009-98d82219ecb3, 3919 
207523 19be72ab-4d3f-414a-b0b4-a23f6046429b, 3919 
69349 e27f1b15-3195-4e05-9f41-b6308ac7bc5b, 3919 
23922 ba6ef0d2-159a-4462-9b25-3c4871e4e9e3, 3919 
63629 41ae4d75-24eb-415f-93e5-18cf66d87048, 8505 
321548 e1eb2e8c-b505-4d00-a4b0-120da1204e6d, 8505 
355659 d5f2a306-383d-422d-9f59-3469ca45bfc5, 8505 
265262 a346a5ab-afd3-4e66-8334-5b6285f29c54, 8505 
385834 a8db4c07-2882-40e1-bcb9-36f107959d05, 8505 
380078 718c64e9-a8bd-459b-b460-221f0c612640, 3919 
272774 469eb4ef-b8d6-4411-a2e2-9936a28eb117, 3919 
196581 475ae2b8-355c-4d5d-8fc5-801fd76dd632, 8505 
290545 79bdc6d8-b34f-44d8-99be-e935603c1147, 3919 
400982 238a0e82-8c96-43e5-b1ca-611d875d48be, 8505 
45811 e7f95ae0-6ae2-4962-832d-4cdd57fb4b3e, 8505 
156748 3aa5a482-395f-4d43-b99d-e486c3e12c1e, 3919 
385108 33b53c8f-b42c-4238-8db5-849ea25016ba, 8505 
179213 88c970af-6ee3-4205-bae8-752ecc608ced, 8505 
26222 bd93d5ef-691b-4aea-a13e-28800509f92d, 8505 
125431 07f78241-5bfe-4920-9a15-7109c4530b2d, 3919 
76990 7e3d1a7d-27ce-4d14-b781-37d763947e24, 3919 
54151 a2caa9f4-fd1e-4a4f-87c9-14566830d59b, 3919 
160462 991a1a61-e95a-4ceb-97ad-a050ba8ccad3, 8505 
158478 6dd70603-98e7-42b3-89e5-47e622c72e29, 3919 
174254 bc52e8e5-1144-4808-a817-a7621ff499f2, 8505 
148943 20254083-be49-4591-9d97-2fe7b8bb76ef, 8505 
128650 5e96c121-53f2-4ec1-a814-3bcebea53350, 8505 
271509 d81b9f2d-e534-4779-a41b-e5f720ffe090, 3919 
136909 bb617010-c02f-437d-a36c-d2772c47b801, 3919 
315601 7428980a-84d5-4153-8966-707fc3f22e0c, 3919 
63521 d260fa53-5e0f-4faf-a3a4-6a5052d292d7, 3919 
191616 b694a790-f359-45c0-8b1c-f69f16bcf3e9, 3919 
262080 f73aeac1-9bcd-46db-aefd-9a11885bc670, 3919 
314321 2a2cb3b2-1d08-4e93-82f8-3123f9f295f6, 8505 
69759 c3fc7419-fd73-4a84-8819-9672c98cf850, 8505 
363366 88ef8030-8ca0-42b2-91dc-c764a56cbb72, 3919 
197129 23e15cab-a178-4c42-a74a-64cf3bb4b86f, 8505 
9883 3f54e57d-ba01-419d-b4d4-1d1285650993, 3919 
322246 feac7e0c-8704-498f-af36-fb00401df707, 3919 
290941 3dbbed2e-d0c3-4c75-8da9-8f216ffb0e75, 8505 
378301 137869e9-a80b-444f-9e82-8fcee5cbba0b, 3919 
232172 0ba65852-585b-436d-b555-53b098983711, 3919 
134881 7b694402-4751-4f7d-8e40-a37a6e703053, 3919 
206844 83657521-4de9-4bf1-b20c-92434d1199b9, 3919 
46882 9e719ef2-461b-49c7-85a3-d09a3e742c07, 8505 
107509 55d1fd88-3444-4d0a-8850-7de2a483e427, 3919 
381788 b03b82e8-43a3-4e1f-928b-47b96ddb16ab, 3919 
320927 8b79cbfa-a1b0-4f70-b670-3e92fac01285, 3919 
155380 0b795d3e-33a1-4f9e-ab54-5c39214c189c, 8505 
318375 d0a65731-16df-4312-ad38-a4b23c0b96eb, 8505 
106972 8e9467d7-18ef-46b5-a3c1-2e290b4708b4, 3919 
296683 455e9af5-54bc-4424-90dc-17165b3c66c8, 3919 
111369 dbf7bf74-296d-4af3-9150-06a15c4248cf, 8505 
360451 f437ac30-7262-49df-b5f9-d9b9e7401acc, 3919 
323109 4f17fa24-96bb-4cef-ab37-dafc8f0b904c, 3919 
345141 8b45d0fa-9701-4783-a4b8-d37231b1861d, 8505 
164371 ac93d2d8-28af-43f7-926d-957819125777, 3919 
371574 efa97aa8-e89f-4157-ae98-25049a5ad93b, 3919 
71606 ccea6473-feff-47ed-905b-54db7e6b3eeb, 3919 
213661 c4836dc3-d087-4057-9e30-47735dd80bf8, 8505 
372526 3640724f-ba83-4281-87db-cf4c91c273a0, 3919 
327831 88e19bfa-071a-44f1-9a0d-552fdc92eb9e, 8505 
350039 5fd5d5fa-7d7e-46f2-b7e4-b8bc5469deda, 3919 
145533 3df00448-9daf-4893-97a9-eaefbb881842, 8505 
373305 085a3515-05ce-43d0-9131-f226232e5466, 3919 
56761 3ef5aee6-4c87-4e88-8c95-97641afa2797, 3919 
393087 891b8214-6cee-439a-ade7-373d65100c9a, 3919 
212898 cc798142-b2a4-4ba5-b2c6-1647c6f0027f, 8505 
223893 e3c7843d-db11-45b8-a9f0-4ec8d1e19789, 8505 
35160 0425588f-2ec1-40a3-9178-5e905a26f793, 3919 
197640 a7d472de-e57a-4480-b416-27126a09d573, 8505 
140485 3267c24e-20af-4378-9be2-763d149048a3, 3919 
375660 37300696-a014-46cb-8b36-5cce0f0fd06d, 3919 
147689 2caad4f8-59ab-43d3-9964-36004804cc1d, 3919 
289938 7c49bb3e-c058-421c-99d4-0c62087fd9fb, 8505 
392037 c3e26716-a6e5-4a30-8906-5ae98a4f682f, 8505 
130915 d2659b23-a931-4173-a32e-900b6267f6a9, 8505 
182455 840ed90f-c8ff-458d-88e1-736fec620d81, 8505 
389070 031d8a0e-cb4f-4c1d-b27d-13bc9f9220d9, 3919 
99641 ae9cecc7-9b36-4ea4-8a9c-9d5c142d8feb, 3919 
333041 13fcbcff-f0f4-4db5-af2b-bab91ce24d4c, 3919 
338727 48562af1-4cb9-4138-903e-c937d63f3c7a, 3919 
351439 72dd8297-56f7-4481-850f-176a2061bd22, 3919 
114565 e2659e10-edc2-407a-8218-d96d6b82d1bd, 3919 
27462 3a1df85f-60e9-456c-a799-13c387c19da3, 3919 
255830 01d32659-3f54-463f-ba4d-6d5f05c2b115, 3919 
85672 1bf3156a-c300-43ba-b8a4-c67846bcf7d1, 8505 
163386 d251c04a-86b4-410d-9295-248d86608dbd, 3919 
168877 10e06285-98d2-4e48-82f0-fb3bcf95a2ff, 8505 
82076 a6d9ef5a-ad7d-49f6-a429-14572fc49337, 3919 
36951 b686a3cb-3547-46df-8407-78ba9600da87, 8505 
89158 8d282ef8-ebc9-413d-8bf1-7a92a21fa5df, 3919 
85610 8a0540df-8fc8-4f7f-bd19-929923bdb053, 3919 
284755 ff5c1f6b-24b1-42d5-be67-bcab8bf5f2c7, 8505 
199654 02fe82e7-561e-49b3-9f04-5ad5e54f3488, 3919 
156973 23a71ba3-547b-428b-92ca-2bb41b17df31, 8505 
59614 f19dfa62-df0b-416f-b66d-b9e91bab831b, 8505 
116812 4818752d-1ed8-4fba-9767-065e7dd92442, 3919 
146390 cfd00766-a1eb-4c0c-a150-674512df4fae, 8505 
292875 91a65f83-8fe9-42eb-8889-2d5ac21e0c72, 3919 
167920 df9a8b74-b18f-4c32-a798-c47e3e6f6b95, 8505 
190305 ad4311db-040c-4961-8547-22249e8d5cf9, 3919 
344166 afecd5cc-37c3-4baa-a0cc-bc9ed313e91d, 3919 
251270 002683b3-0bae-456c-9e5f-63d006be3f5e, 3919 
53234 85ceb136-9dd0-45ea-95cc-7dec0986fbbe, 3919 
359200 120e4d24-0218-457f-b3bb-18dee784ec86, 8505 
66364 8e835bc7-f9b2-4cf5-a4e3-8826d0d58f90, 3919 
365249 6cfae83c-54e6-4df5-a7ff-9ca1af8793dc, 3919 
27120 2c73b217-bbe0-4432-a531-31811a522bde, 8505 
226229 a148a653-22f5-4a35-8fba-ad3b2e5857c2, 8505 
266816 6033d7ee-d0f7-4f19-8def-b0a65b404711, 3919 
106381 ba017c17-a4e3-4613-8136-465b077b101c, 3919 
315715 bb83ce0e-f4c6-4c12-b33e-371224afa86d, 8505 
300839 15af4236-515f-41b8-bb84-08d1c3e141a7, 3919 
353929 425e48e8-4847-4f2b-aa20-08937e9285db, 3919 
5700 73fd45b9-5e92-43dd-8856-57d62ac2f9ac, 3919 
213803 7718cad5-362e-4aaa-93ec-b3938ec3995f, 3919 
147092 3f980714-2741-492b-a0f1-323a784d3bb9, 3919 
50136 c6ce7f9b-ff2e-49a8-b8b2-30b5f15cdeec, 3919 
204399 53f57536-1337-435c-b80a-b8d441810290, 3919 
156707 42de1d8a-7d6d-4ff4-9aae-fd2ebbb6d83a, 8505 
159955 bb6914cb-59ac-4319-a08b-b04f6217c35a, 3919 
366447 936dde36-f2c4-4869-ba96-1fdb13eb2517, 3919 
400584 9dc4f1a0-b96e-4ab6-b6d8-cff8cd56e914, 3919 
53123 db95d721-d5b7-45e0-a561-98d8a2f29692, 8505 
50870 436eaa8e-f1b5-4a63-961a-8ad09dac9e57, 3919 
23716 0b040939-3441-452d-8d4b-6ae906c808e7, 3919 
272365 b7ea5f4b-5f4a-4b60-85df-f2b8f44bde30, 3919 
263695 4f9b3d66-f828-49bf-9c80-762a1f09924e, 3919 
346552 f9ef2178-832d-4f0f-9876-fb74e886bcd1, 8505 
388185 830ceb1c-2565-4b9e-b10d-aff4fda050dc, 3919 
52166 1413b9c1-8d2f-446f-959f-a02e81fbf379, 8505 
388714 9fffc52f-6cc4-4dd7-96a9-fa913318eb85, 8505 
318444 1763906d-a3e5-4fb7-9d28-1f1ae85b0d22, 3919 
17695 dd94e90f-de80-4484-9fde-9c85c7229e6a, 3919 
371803 49c4a295-5573-48dd-996d-0b5779f4e090, 8505 
277696 30ebae51-df16-4dad-8135-ac1f92e31ba7, 3919 
49066 52ddcfbf-30bb-4411-af50-733d8ae6d2a0, 3919 
60888 9af52cc9-ffd8-427a-8d23-0c277c89e3ee, 3919 
196113 2167214f-8009-425b-89d1-91700de4fb6e, 3919 
321299 221f5ead-b823-457d-b3fc-0efc79e81288, 8505 
12567 a2b06a83-0d67-4e6e-9725-1c1f78cbaf31, 3919 
228441 f3c262db-7edf-488b-b851-4dd148aa9649, 3919 
169924 6d84d533-3385-4cf9-bad6-47d5e7aac90c, 3919 
21551 08557338-29e8-46b0-a3c4-b987add7ce6b, 3919 
262476 77e7793d-df41-436e-b69b-7bd1c6a8ee7a, 8505 
297109 795add95-9b46-44a3-97e1-c714209cc3cf, 3919 
289698 4bd57696-5617-446c-be6d-86fbed4cdfb6, 3919 
392257 af957162-05fa-48d9-8463-2040b14be0f6, 3919 
229913 c853d537-219f-4bc4-a58b-25153e204379, 3919 
161191 498ab503-4a22-4dc0-8f37-32a04efbc701, 8505 
241063 b7023fe5-e0f4-40c6-8ab5-de41ba81c4dd, 8505 
176547 8e349ea6-f1fa-462c-817e-c087b8d2fe4a, 8505 
2651 2585a963-51f6-4058-b6d2-f5aa1721f568, 3919 
373728 b84f9ca7-fda8-4061-ad8a-f169901baceb, 8505 
37212 916a6bd1-fa91-4882-a211-e4a0ea7ad33d, 8505 
57255 a6a25a1c-3a01-4421-8058-29c76629ca8c, 3919 
284772 803aa1ee-a964-4ad4-beda-cfab55ed383d, 8505 
290293 4858d963-4733-4f8f-8ee8-429cdb4abd7b, 8505 
306367 3123c19b-7631-43c7-9846-5414456b3e5e, 3919 
279348 28f80ac9-03e5-4f1b-8e79-cd6c06e2f0f1, 8505 
312040 66e0b6a6-72a5-4888-bba2-d5af98f4ba50, 3919 
152078 d2f8bf8d-fba7-4269-b9eb-9f1fbedda0e7, 3919 
20746 bbb6801b-873c-4527-948a-bf491b5dea25, 3919 
121904 563758f2-528a-4c48-836f-bf78f29062d2, 3919 
34942 a6980de2-a89f-4e23-a011-eec4bc7e772e, 3919 
255240 d3ad5687-254f-4d21-9d6c-6f5733f1cf22, 8505 
393589 a7259be8-7a07-4ed8-962f-608860367d33, 3919 
141573 9774586d-df18-4544-9209-6fb79069ec79, 8505 
208473 97075df2-06c1-41d1-8e78-2f70297ef35a, 3919 
360915 365b8589-d03b-4b02-bb38-fc8dd54b81f2, 3919 
138919 32caceec-66c8-447b-945c-17e25af1e1e7, 3919 
185103 96130bd1-9bbe-4b03-a8aa-a90d131e37b9, 3919 
129237 ca83cbb8-3a54-4c05-b9c7-76e82555747d, 3919 
93298 a6e38c91-04dc-4a38-a067-7bd3a3a11230, 3919 
43269 b7d33027-d8db-4a58-a5db-3de9d0c1aa7c, 3919 
74340 9657c3f7-1d1b-4068-9c99-4d65aa3012c3, 3919 
53415 be588567-f0cf-4397-9cca-d082e3dc67e7, 3919 
314777 14569d30-a9fe-480a-b902-f1b83e3962cc, 3919 
77197 30105770-3f6d-4c01-bd00-dbfc2ffafe02, 3919 
245472 36187b8e-c165-4663-83d5-5696712c6726, 8505 
307825 0acaf9e4-bbca-4834-8665-adf043197554, 3919 
333760 30cef3f4-807c-466e-a952-593fbd18ae19, 3919 
296659 cff4ece0-a621-4dcc-8dcb-d4fc391dcbb2, 8505 
9635 96569f95-dc60-4be2-b69a-55590ee31ff8, 3919 
147616 c6453401-3ffd-4ad0-8c53-510f9c2d6e94, 3919 
393230 ca7b397e-d885-44fa-a8ff-677e4dbead22, 8505 
157618 f5dbc9a3-24e9-4fea-a150-747849b4a785, 3919 
208578 5c7c29d9-04cf-4832-a9ae-68123e933af6, 3919 
62862 7ed46143-7d2a-4f6e-a1b9-47f173f1c9ba, 3919 
111227 f1f22a83-3f39-4c8a-8284-f271efa4fd1d, 3919 
380602 d500d1ca-bbcb-42a3-9200-a0988c9d2339, 3919 
355552 37a8cd6c-3191-430d-9c94-297c5c641001, 3919 
306784 00da48b9-7030-48bc-a93f-14d2eea58d20, 3919 
67469 3f3bd04b-8723-4ab1-b941-f4cb9a61f30f, 3919 
368480 b5bb49cd-1f65-412d-b5e3-c51c11458321, 8505 
257487 9c28f865-9f77-40f9-a817-a9bfa0e0430a, 3919 
280092 3e702eb3-ee46-43c2-8e0c-e67aac5bb7f8, 3919 
303919 00e2bf42-486c-41d6-82b9-84465db80fdb, 3919 
380259 fc382076-e8e0-4e84-b2c2-b66369129bf5, 8505 
160685 7c671ad9-4d2b-42a3-9e4f-663cc594f631, 3919 
28840 a61e44ed-4845-4c8f-a41e-70aff578b1cf, 3919 
230656 6ec63e1e-1595-4583-8c1f-57b3ffaa26a2, 8505 
181830 25dabc5f-25a9-4b2f-84f2-3a3ced33efee, 8505 
280902 99c195b0-87e3-472c-9a88-97fc64bdd423, 8505 
105235 e8b00db7-9a9f-4d5c-8159-adf6992d2ae8, 3919 
389925 89d82b78-a9cc-4449-be14-fa6ddd5afc41, 3919 
309324 caea130a-9412-42f6-bbd9-13a0a41abd8d, 3919 
78164 88025bcc-34d1-43d9-93e8-ca06bd203088, 8505 
159388 4a70bd2a-60a0-4f08-944b-f8e824fe8a84, 3919 
62989 5a58cdcf-ee55-4012-bc67-a400de7b4777, 8505 
248599 ace5d9bf-f232-4203-8600-d224613b233e, 8505 
150358 d5da1ec2-670f-4cc0-a9ad-3ba7e606c951, 8505 
347182 54fad0da-1f18-43a9-aea1-6bce32959488, 8505 
119259 86514e72-62d2-4b7f-95cc-c07b0044542e, 3919 
85916 1565fa8c-037a-4a45-ae45-a3acd166d49c, 8505 
207622 c128ecf1-e3ee-4533-9d21-55f523e0b2dc, 3919 
226924 51c14a16-accf-419c-988f-54ce58610de8, 3919 
227825 9df4371d-7564-4e03-86ea-17bd7940520f, 3919 
264772 170a96a1-a709-4ded-8fee-3f8658809575, 8505 
110563 373361db-daea-475d-99c6-6f267f225b18, 3919 
78481 41fc0fcf-1e89-44bc-b157-ad0c31f696bd, 3919 
356558 d14b4379-9d1e-4d8b-9e61-a31a4a8ea7e0, 3919 
213748 015d68fa-e143-4165-956c-c6bf661063bb, 8505 
74755 b80c4104-6fe0-4d7e-b712-97f8f87124fd, 8505 
251695 03ac5f59-bc6c-43d8-be12-d1f48a816017, 8505 
223487 6d728721-c61c-4e46-a276-d41ce8e759c4, 8505 
244769 a6a736ff-4f63-412a-800c-4411b30cf9c3, 3919 
399927 3b7e8d6d-57c9-4759-bcf9-fc7241a228da, 3919 
180854 669359e0-ff6f-4237-9b89-31f568d93fc8, 3919 
150368 187fbbac-60c7-47ea-97b5-1de612d115ed, 3919 
220679 35ef0749-22ad-478e-8e7b-95abcbe97910, 3919 
399916 3c477c5d-ef65-4e5a-8579-8dfa5262bbb8, 8505 
69247 4d1d9fee-4416-4cfa-8774-0cf1c7fc9b7d, 3919 
300482 22e4d945-e2c8-40c1-a2bf-f59cd28eae52, 8505 
201001 39871b30-270d-44c6-9a2d-802b5d9dbacd, 8505 
377228 63979fa4-08c0-4f67-9387-cdabc7dc28b3, 8505 
37385 7950cafd-46e1-407a-bbed-7c3e48c9a03e, 3919 
76916 c99bbe48-069e-4f4d-a833-0e576acd9e3f, 8505 
376702 20a48be4-6555-47d5-bd7b-60c2bd860b44, 3919 
141272 a914b91a-5982-4385-b0fb-e1b6527b1da6, 8505 
169651 2e8f137a-f13e-4cb6-96dc-bc38f2e8232a, 3919 
55324 ee37af5f-7d7b-4ad6-915a-23e3a883855f, 8505 
199475 765ceb0c-afe9-4602-b2ef-12de263749c8, 3919 
223814 e5ffd474-749a-45b0-aa94-476d351de713, 8505 
133099 ce38565a-37dd-4931-96c2-a96da6c536ee, 3919 
225119 d1db5824-ce69-4e33-8e1b-349aa55695ab, 8505 
297287 03bb0231-96e1-4d01-9d90-03ef879325be, 8505 
169734 815ff313-2c25-4bad-bfed-8b2a040441a0, 8505 
341518 b8d17b17-c46e-4d08-ac91-ab1d6d55d08d, 3919 
316873 e67d3aaf-d5e2-4054-8892-ecd4c443af60, 3919 
123659 d4f160c3-4dd3-4a52-8b65-f2a990c26c0a, 3919 
336256 3d2a2405-92ca-4097-9728-4d8b4a7f1076, 3919 
375261 b6869ea1-c42f-4a21-8403-acbdd17cfb8f, 3919 
127598 89c9d183-4095-4abd-8d81-98ad5fb39572, 3919 
362507 85a44a46-20ee-4306-8dea-2198c4aa7cf5, 3919 
26496 3c94ef0c-ba6d-4fe4-856f-5a9fb06a4b78, 3919 
382904 f1992452-336e-4103-9333-e95a429cfb5e, 8505 
859 5989a3d6-7ab9-4c97-bd28-9ce657b8b4df, 8505 
292064 615e2677-5150-4acb-814a-3d8378cd9ff2, 8505 
154969 b84ce607-3222-4dfb-8ef0-438257aff1fa, 8505 
169015 2827f2fa-6217-4e70-9dd3-8dd896d7108e, 8505 
219159 245cc3a1-5280-4f72-9c03-8d7efcf69a9d, 3919 
138922 61332c8d-42ff-4fa9-8d69-e509cfd9a825, 8505 
159705 da0fb1a5-c870-407f-9689-bc07288f9d55, 3919 
3282 c8ab465b-0651-42ba-8bc8-dd89155bbf24, 8505 
294927 37c621ab-e6ea-489b-baf3-b019ffb12662, 8505 
1361 81847d02-7b58-4852-8c9f-cc5af1b7d225, 3919 
96903 76ca3ffa-e19d-47a5-b6f0-2504f66e0acb, 3919 
232097 0a67ebcc-e47b-4adb-a135-3a2278489450, 3919 
329939 625ec7db-eb8d-4421-bd7c-1649e2634ab5, 3919 
285291 9d924f6c-bf32-4ee1-8800-59aff6e5d389, 3919 
202889 23e8a499-83b4-42fb-87bf-2161e272daa1, 3919 
401015 c870ff3f-79e9-47ca-8619-a0210c6137e4, 8505 
292941 1933861d-bbd0-4194-93a3-14940dd831c0, 3919 
108890 46ae29a3-f428-4f64-9b1c-095dd46aa248, 8505 
73094 05972753-7109-4adf-8b6c-a5c453eb72a7, 8505 
51956 533f8659-535f-4c4c-9323-fed7e7fe1711, 8505 
330335 49b3016a-d10e-4aa1-bfb1-2a2e5daf9d05, 3919 
340674 ccbd7df9-141b-4e53-bc21-ffd3ecb841d0, 3919 
251594 ebdd6098-2e44-4b4b-a8ca-b971f25768fa, 3919 
314725 455f8cad-3ace-45fa-a528-0de035e95ddb, 8505 
380459 61fe3b3a-6c03-43b8-a4aa-7cc7266b8ffb, 3919 
196851 d983e86f-12b8-44b8-8e59-787b36f1e3f8, 8505 
18264 143f9993-ca52-49c2-b9b3-8c562faf9bbd, 3919 
283830 bde3dcdc-b506-441d-9dbd-5242550c618c, 3919 
278780 4407fe84-43d5-426f-bd67-f5ca8eadb468, 3919 
141104 1e6f38f2-9e73-40ea-8f04-5b0d4490ffe7, 3919 
25951 65ed3222-1938-4a17-909f-48c91e0bad5e, 8505 
238265 79dd01f8-4cb2-4577-938d-1cd99fefaa7e, 3919 
108834 a883a0fb-8a1a-4fb3-88d6-71845291e5ce, 3919 
283422 6346fd43-7c13-4a06-97f5-b63b4387bac7, 3919 
119875 906f00aa-7aa1-4017-a9ee-a665336b4b0e, 8505 
198113 77da0791-a657-4640-8710-14457cfb850e, 3919 
221817 a4a6000b-1b3f-4571-9fd9-bd000106f6d7, 3919 
194147 66348ba1-1cd0-47ef-8491-973944a4a27c, 3919 
200157 eb9a71d2-ef98-4ec4-8d43-45e85da5d84e, 8505 
71230 d285d895-67e4-48ea-bc6b-0138f1cdda08, 3919 
94548 c2e0e7ef-9a99-4fe3-8aa6-bbc09c74f70f, 3919 
233241 d99dd3d9-cf9b-4ffc-b1c2-436e3aa56327, 3919 
135135 a37172ec-47cd-469e-a4a6-7d91e14b7e21, 3919 
47677 4e621c6b-fc3c-4ae1-b519-3857e2d8a027, 3919 
147510 94cf7332-cfbd-41b6-9b26-94ec56bcb761, 3919 
105803 da2f9bed-56c0-4583-852a-8ea6ef466b11, 3919 
267904 8ffd62dc-df6e-4223-bca8-55d93c6a0468, 3919 
337944 9fa0aa10-fede-422e-b339-353d4d09ed1b, 8505 
56516 fa4df3d0-51e3-4ba6-aed3-c5585582a1b1, 3919 
193071 ba87c048-f751-4bf8-8942-bedcd3ecebc3, 3919 
315057 ca3464a9-8470-4622-97d9-55eafad94083, 8505 
2506 6b4ef93f-f3d4-4d5b-8595-44243d5caa2b, 8505 
270466 551bf687-4fda-4de3-a468-8af5016cab15, 8505 
163280 8648b37b-837a-49b6-a71b-3add54eb68d0, 3919 
23617 6974b72b-7a06-41bd-8c4a-3d57b335dfcb, 8505 
75130 6d08dc90-1838-40cf-9bbc-b12409c4e7b2, 3919 
31455 5e447da0-39f5-4459-b67d-366e4eb41882, 3919 
304953 1348579b-0949-4cee-bb41-88b5ee679a4c, 8505 
245180 e5377a55-2387-4ee6-9a6d-2e11169ceb27, 8505 
148243 ca0ce112-bc63-4728-800d-74ef244d0278, 3919 
298758 cb847544-bc0b-4067-a7dd-04331b6a3b9b, 3919 
241677 fc3345e3-9bb2-4cac-a708-20852f2b9860, 3919 
89258 621f893e-2bb8-48f4-9ae8-cb67cfef0459, 3919 
238238 5dc3abf1-60b4-4288-9d5d-a581bbdde7c7, 3919 
115122 f7df6556-e289-4753-a102-4e74189b1e3c, 3919 
346224 6b5da046-7137-440b-bce6-402b808e97b0, 3919 
57288 b5627277-c61c-4eab-a327-10cde26cc0da, 3919 
201063 4dd83026-9ade-4cbd-8e6a-f69035d2f2e6, 8505 
381449 44c0b786-6b61-45a0-b605-5bb75c6962b2, 8505 
52 335cfa7e-3eae-4835-8a73-3cc08027129c, 3919 
95059 817079be-7a8f-459d-976c-bec8394722d6, 3919 
115030 edfeec68-e98f-4129-8bb9-07b4c8cbb39c, 3919 
73362 3b833ede-860e-483f-ae51-0eedb9edafce, 8505 
251696 57a3f5e7-8ca2-4413-85c4-7247fa9d624b, 8505 
263718 b155f655-0b1b-4f79-a77f-88a031707b88, 3919 
52584 94100e12-af72-426e-a09b-959e4e0f4524, 3919 
18604 8fa9b5bd-5a4d-4278-bec9-c955cd5d3e6d, 3919 
326152 f5b73926-5b4f-413f-8ad3-ea296b564c14, 3919 
98626 5869e3a8-0bc3-4f42-a57e-5306a2484217, 3919 
36763 bcf99c50-7836-43c6-b551-97db44270e10, 3919 
113001 5743cad5-3ee6-41fa-8fec-a9bf8420adee, 3919 
107852 c717509c-123c-455c-8c96-47ad86a4bf83, 3919 
132624 056277d2-8aa5-4d0e-9011-2d54faabf9ea, 3919 
372911 0257ec93-84d5-4001-a17d-66abbaf55a3c, 3919 
223340 aa405039-fa73-4d6e-be9e-1d89148d8d44, 3919 
360519 0f64b9f4-1b06-47c0-ac1f-c1c06ac5532b, 3919 
365561 e46e90b0-0dfd-40cd-a042-0a7daaa04107, 3919 
284762 3a4a83f2-db5f-44c5-80cd-73c9a348e625, 3919 
114062 874e6cd6-324b-491e-98a3-e44596e06051, 3919 
251685 e4f98fde-061e-4407-981d-b161c6b941b1, 8505 
307894 816e301a-3c4e-4fdc-b1c2-d0ef112f5658, 3919 
132672 3edac0ce-b804-406d-bc1e-fa6df139d29d, 3919 
339654 907aefa9-da7d-41e6-abc1-c4f069bd9de9, 3919 
232160 aaecf728-17c6-481d-9771-75ea065a48fa, 3919 
311388 60ec5fca-826b-4e97-9056-c5101f09240d, 8505 
133348 fc8faf9d-f54b-49eb-9f07-128f4c52ec8c, 3919 
108290 efe2d0d7-c3e6-49a2-8bf8-5538ccddef81, 8505 
327134 76ec5ee9-3997-4ab2-a7e6-3e708192596c, 8505 
197568 c0d199f6-8be9-40dd-acc0-d8554d36bd1a, 8505 
87378 c08581c6-e242-40f2-9856-1c87004a6294, 3919 
51196 d706d313-13cf-410b-ba93-648d6671bb86, 3919 
122788 5c4cb519-6ca7-4c0a-ba2b-5a98b9227b11, 8505 
33047 e76c8146-168e-43d0-8254-85ec8ff24161, 3919 
67538 f3e018fc-1602-46ca-a519-d69595e9f109, 3919 
217834 09c6274b-bd16-44dd-b3b0-503dcea4e539, 3919 
381808 b0b36076-e65f-4c82-a59e-2aae2f7943bb, 8505 
26695 9b859a3e-724d-48f2-85d6-14d883612ed9, 3919 
279934 e966cb8f-652f-45d4-a24b-21731fb3b5d4, 3919 
338255 e275814b-1604-4bb6-9165-34f7d51217ad, 3919 
184716 a3759492-c01e-4a30-94a7-3a25aa1f8f76, 8505 
98289 f92d2cb7-00a1-426c-b027-e0c16f1099be, 3919 
44627 0e318dba-0eb9-45bb-8c1f-70b36807cbec, 8505 
338862 14758e56-7428-4863-a3d6-711b6a3e2ab8, 8505 
306954 ac194b88-151f-4020-9f23-1f7530e797d9, 3919 
219969 89d6c2b2-99df-4808-8474-7d1e22cad32e, 3919 
311780 576283c0-5200-4356-a9c7-e3891d4767c4, 3919 
100983 0c04b509-e3e1-46ec-9e1f-e1c8ba2000fd, 3919 
200198 63164558-c44d-4a8e-9d5b-7af42e71d1f9, 3919 
354330 e4d6bfeb-4d86-44d4-a72d-d97b44582f25, 3919 
63084 e35c3720-0257-4e32-8156-cdfec348ee5a, 3919 
33775 b0cb9468-43d3-4193-acb2-d01b3e1080ab, 3919 
375701 3b8a9603-6a3d-4b58-86ab-f6e2eace8aa7, 3919 
119519 0af10831-34bb-4783-8207-b0ef6a8a7e1c, 3919 
388633 5ab475b2-9adc-4535-af62-0c1a46b174df, 8505 
248238 747eea28-25d9-459a-aa37-d247b25b2c5e, 3919 
339196 227ce855-cc2d-4b54-bced-d64965d1769c, 3919 
292384 f71eddd4-9d07-44ea-91d3-615ca78b0add, 3919 
256232 66d9dc6c-e11e-4257-a32b-971c35553078, 3919 
134644 80c66840-5c78-4078-b0ee-f57d788e89c6, 3919 
165752 fa32cba3-4b37-43fb-9866-2378e7d4d9fd, 3919 
22277 3612fd0a-7ccb-423a-bb32-e00c074ec7a2, 3919 
146601 96221d84-49ae-4479-be9f-98ae8e8af595, 8505 
276879 80639b95-1e04-42ac-9606-d590bdd4efdd, 8505 
307081 17d420e3-4ab6-44cb-b65c-2e6e6a29a07e, 3919 
124973 6032389f-f42c-47e9-ade9-4f4bae9f0d63, 3919 
168082 c42f10e4-1346-4911-bdcf-1d54fe0b92ef, 8505 
76240 20eeaab5-e780-4be2-8388-f64f63bbc616, 3919 
123477 6ff0dc56-c88d-443b-81d7-ef73e5e47b9c, 3919 
88793 9e54c6d1-baa0-43ff-86e4-306625e241c6, 3919 
251859 c6d4b0a1-70bb-44f3-8d7b-f9a7da16f686, 8505 
202908 6cbdbe0e-6d7b-4520-a904-6970cfad2888, 3919 
337034 8be27cad-a262-46ef-8c18-e4b28dd182e3, 8505 
149889 e4fa8369-639f-4d55-9a4f-2a2327771c21, 3919 
262035 fc147577-cf0c-428f-bc0f-2ff11ca3c9b2, 3919 
215170 ec0ccab2-409e-4712-ac16-ea8fcc8a9698, 3919 
105881 cfef4b20-1a52-467d-b562-dd8ddcf78805, 8505 
43053 5801978b-0691-4033-9589-849998481cd3, 8505 
193743 e29bcb7a-dc3e-4e97-a4d9-308697421abf, 3919 
322860 5bb8345d-e1fd-4705-ab14-3cd2444aa1d1, 3919 
271496 7b8d84b3-4e16-4adf-92fd-8156003fbb80, 3919 
330615 b00ad0c3-3753-4965-9877-889fc2ecb379, 3919 
249179 4106f896-54ca-43dd-b4b9-eba6a5808732, 8505 
358122 7e4916e5-6dbf-40d6-a4c9-f4518d39a00c, 3919 
238624 e111e79d-4a62-4c92-9bdd-00e8b2071673, 3919 
55930 b3d746ef-a215-44c5-98e7-d2c6d63f6840, 3919 
313707 9715e500-bd43-4460-b50e-f6c1401bd303, 3919 
285999 838e9919-e6af-4808-a5d2-1296be7a8cd8, 8505 
330568 c6ffc6fd-2de4-4c04-b3ae-3a4cfdbab5dc, 3919 
110881 b4817934-0514-4fcb-8f7a-85aa774237c6, 8505 
326299 315b84c4-9d8c-4358-9354-54ce915464ac, 3919 
109565 a5ad52b3-514b-4af5-a98f-537da879fdac, 8505 
315860 30ac2e88-050f-4746-8776-bf14de17a28e, 3919 
335805 d8654614-ad45-4575-b0bc-53fcc4450178, 8505 
163543 debf2d35-0f08-4679-b459-7c36d1351c4a, 3919 
381404 92b1c043-98e0-4b2a-b8e2-14c747d790f7, 3919 
73498 1e285d5b-e900-4e24-a7e5-bba0707441a2, 3919 
248299 d993a952-a5d0-4123-b8fa-8934a033bd6b, 3919 
357303 13b2ed53-23fa-4694-af48-4d872c1f4585, 3919 
138815 a2d00658-1c58-4a78-b164-3bcfabeeb5b0, 8505 
236157 9bd2b8f8-cfbe-4787-a754-d8e9d2d25e6a, 3919 
71201 0204d24b-a1d1-4b64-aa3f-607a13d27364, 3919 
308890 9d6a9ded-618f-4557-a3cd-47ad05a92e40, 3919 
148653 93806dae-0976-458d-a6c2-efcf76519188, 8505 
181962 db9f1483-618d-4ac6-b3a8-b9eac06d4119, 3919 
105096 e339b2ea-33b1-46a3-a04b-e050f8e096f6, 8505 
346358 7843a884-b298-4849-a968-6385373df135, 3919 
172463 e6e0bc84-3a5b-47f1-8e5d-1e0a17901973, 3919 
244093 7293d189-2a6b-44b7-bcad-c209bb08d60b, 8505 
358999 84eaedc8-ec01-4768-b18c-14445f37bab4, 3919 
377846 d1dd4b10-ee08-4303-ad47-3bc703b13946, 3919 
232794 72064e68-230d-4e49-bebd-b235914224ab, 3919 
67018 e3a1a332-ea7c-47b7-b09e-71815c9360c6, 3919 
53832 3ae9fb82-711a-49eb-b319-3a8504eb312b, 8505 
377787 ad798e16-0c7a-47c1-842d-796be244af4c, 3919 
402384 2cecd5e3-3c80-4e38-9dc3-d3e06dd80765, 3919 
293452 a5102903-b318-4a8d-bddd-2ad5eb1cf801, 8505 
22352 a4a6ed52-6a45-4e9b-99f3-9bde8dbb23d0, 8505 
325235 55f41e5f-11a4-4b2f-bf2d-cc4c6d5f97f3, 3919 
224753 6a501f2f-401a-4fd8-abe8-4d45c886f9d3, 3919 
213140 4d30fb94-0c29-4846-9293-a56700bfa18e, 8505 
31770 52c49697-0487-480d-93a3-bddad53a2c09, 3919 
123021 5656fefa-4e26-442d-b039-fb3cd837eef6, 8505 
172164 b0219f60-be8f-485d-ab7e-9be324df4551, 8505 
160662 1c6ac674-345a-4c85-afac-e8f715f1fd32, 3919 
69275 422d9548-8ab2-4c5e-bbe6-ecf49fdeec84, 3919 
174785 e59b58ee-3977-441c-990f-a0ed0b6c0399, 3919 
207825 9ff05ac3-5f59-496c-8ff3-06d75fc7f8e4, 8505 
230984 c9e0b48b-5a74-47da-bc92-6653f13ea363, 3919 
210675 d70f11ab-adda-4b83-99a2-2246b6278862, 8505 
395608 4b968a92-7e7e-422a-862c-cc99f9eaa69d, 8505 
172442 6b9f3588-c105-44b6-9067-7a59c78ee752, 8505 
268960 0af60576-906d-4a2e-a370-4aa8a8fd615a, 8505 
290459 2b6ee2ea-2c8e-441c-b465-30d550cfb142, 3919 
266861 a3257105-b70f-4827-9461-caf545a8c245, 3919 
67231 d22579e7-b15f-4c79-af5a-c3feb6a680f3, 3919 
263049 f2d1146c-20a6-4137-8de4-ab071d2789ff, 8505 
653 45e4f8ee-b167-4000-98b8-fd3176b868bf, 8505 
349692 db012f26-639d-49e7-b8a5-0dd0e72a9f16, 8505 
73535 1d232574-ece3-44e8-ab70-dafe876db4a8, 3919 
148485 69c0903b-ea14-4492-b50e-3bbb9e7bdf1f, 3919 
96722 aaadf957-769a-4961-8dcb-31bb14fa8204, 3919 
120149 bba31967-7bf5-44ea-9301-cb972ff92d34, 3919 
6655 3c40101f-920c-4009-8497-eaaaab9cdf9d, 3919 
139908 d8f4d130-77ff-4f58-acfb-2c98c6b93b5b, 3919 
171948 e1639710-d984-47f4-a7ae-2897f59c8300, 3919 
331536 8cec5899-2745-4247-bc7d-95eaa0c3c4e4, 8505 
142660 dbd38998-f1e5-4bb7-820d-9115b41688fb, 3919 
325011 ae50dce7-185a-4acf-ab92-a1e3fb4c464c, 3919 
263529 b3f84023-2a87-4c39-b5b6-2e6aa37fb7f1, 3919 
294227 722696dd-f41f-4ff0-a895-37bc87af776b, 3919 
84737 62d7822c-d95d-48ae-bf37-4674d3f3a502, 8505 
222981 4dcfee80-1886-4ecf-acf5-04a67cd369db, 3919 
198842 fe301321-ec9d-43de-b008-7f64ea019e9b, 8505 
297895 1c0d1ec5-f816-4b04-95a2-8754b6e51670, 3919 
120004 75a0a15e-2d07-4eb9-9a7d-bebe5f6ee62a, 3919 
182654 c75765bb-4140-46c0-b627-4a509c8c71dc, 8505 
336655 0bf3482e-5f7d-4785-978c-10b78065b5db, 8505 
66109 9248e491-c9df-47bc-a62a-0eb82d9990df, 3919 
325621 69ff45d7-4264-4b64-9443-b0eb04135328, 8505 
317695 98f38c7a-4c8b-455c-a7bb-fc385a65ae2c, 8505 
123771 69ca5794-28e9-4fe8-b66a-e0a251e8f32d, 8505 
2494 994e45f0-c14f-4f2d-be6c-f1e3f7544518, 3919 
346964 ab18ac2d-0607-439e-adec-c9b37d52035b, 3919 
90538 68cdb4c6-def3-40d6-8380-0afe46ec59f6, 3919 
111147 ffa76627-6016-47e7-b43f-8c444644003f, 3919 
6630 4924a4a6-d71f-4033-b7f8-4bacd2232af8, 3919 
379444 c8c96bc2-2a67-414f-92fa-f5893a83dbdc, 8505 
169562 e0825bb0-c4cd-49c2-bca6-5190a1d04ea3, 3919 
313646 fb1c3a27-3722-42ae-a87c-6532c04c50ab, 3919 
132873 9dd252ab-389a-453e-bbb1-4a9b727edf21, 8505 
291521 20023812-d948-4cb7-8335-7e6da77c7541, 8505 
48936 1776c1f4-9329-4b58-99dd-048c555eb657, 3919 
214476 a1369f0d-edf0-4b3e-9bab-8b33219453d6, 8505 
56944 76ec3b43-38b4-4849-b753-b46ccc989417, 8505 
315806 2f312fd2-46f4-4b0f-8c9e-9a5ba6a41702, 3919 
158315 51ffd93a-02f8-4680-a86c-301c7fc1f832, 3919 
119426 033e9f55-6432-4210-b5f2-ce84784f7b37, 8505 
313736 9a46a723-7471-44bd-bcc5-45cbc0c77b36, 3919 
354039 9c769d9f-897c-4103-bcb6-3078d9df1c65, 8505 
63927 3aa82327-32b3-41a6-b51c-3da19f86798c, 3919 
189462 7a95382f-9d79-4eff-bd94-d1d67cb7f854, 3919 
162612 c8054018-4865-494b-8570-42f7699b7b4e, 3919 
4968 c5bc6524-99e6-4bd0-91ee-9ae04ac500f9, 3919 
99843 c4f52c75-0222-4eab-83a1-aa6e3264a912, 8505 
22789 e22e8bdb-1cf5-41ac-b74e-f8c0b50ad781, 8505 
57758 b05a4a4a-daeb-40c5-95bb-cafa37872613, 3919 
214931 6234085d-f881-4877-9a9e-051b204c904b, 8505 
119243 2962c803-fb09-4e67-a617-34d9eca5ddca, 8505 
243673 cd8677fd-d12c-467e-9de4-b1cdcc9d7349, 3919 
370388 cdda6a62-a21c-436f-b971-3d14d4f97c1d, 3919 
222018 d4690d12-f52d-4aef-85fd-a556d9500172, 3919 
45123 bf3d0070-b812-4800-93f6-e5c8090c9b8f, 3919 
76562 f55ba304-eae1-4d5a-96e7-7acb4456f608, 8505 
337309 45daabd9-dbf9-44d7-8070-0eca331393df, 3919 
247341 249d07a7-7028-45d4-a511-8de84545c7dd, 8505 
156695 35c54edd-e450-4d8a-b068-80031f61c92d, 8505 
226547 df6e5bb7-353a-4180-aaf8-5d8133ad2eaf, 8505 
41459 59f70adc-bd93-4225-b8a4-751a0e4c4a8c, 3919 
17349 2128b561-046f-46ce-b3f5-c25ae5f8d899, 3919 
292239 8272f777-bb54-4f2b-9e84-920591130438, 8505 
157729 ca704bc0-e4b4-43c8-a7c2-ce7dcd58ae60, 8505 
54658 32623a56-b0bf-4491-8403-911cd3178166, 3919 
6932 4ef651e2-6b75-41d4-9b19-4c0b7e96ab6b, 3919 
200080 506641cb-2267-4df9-8f0d-ec63b0af83f4, 3919 
338135 fd312fab-0c47-4706-aebe-d4682becd72d, 3919 
253065 1f473c99-46b6-4496-87be-5aed4bbc528e, 3919 
284480 51efda01-8519-4188-a95d-9c026d355477, 3919 
99430 c4331eb6-6f77-4ffc-8eff-194b6e1ae3a9, 3919 
136236 a2ae84df-7973-45a4-8518-43510bd21032, 3919 
95758 cfaad434-fb4b-4c23-b21f-9d49fc99961e, 3919 
19205 b57f8018-83f9-4af9-9ea3-e51d67931006, 3919 
267912 621a6c8a-2fe3-4f65-b79d-18ae9c52206e, 8505 
79499 45c707ff-3379-49db-b8fd-0323c61fa6b0, 3919 
191334 0b04799b-e0fe-4beb-865f-8fe4809da779, 3919 
374766 e977b399-b003-4aea-8264-e8d8510f455d, 3919 
119217 cefb77ee-d87a-4faf-8ee4-4cca93653591, 3919 
191819 b781a1cc-a99c-4b3b-ab20-9302bded543f, 3919 
13827 f6f3388e-773d-4f42-b74e-a3b3ff582337, 3919 
382522 e45eeee2-3c85-4040-9277-bfe55d92bc0c, 8505 
104991 5fee5e90-0bf8-4e74-a89c-575f9443b1e3, 8505 
346810 2189b203-75b8-48e8-8bd9-070d035761f1, 3919 
50087 0eccc50b-8617-484e-856d-559112c3d78f, 8505 
135972 7dece692-4509-4cc6-9d4e-e66ab476f5c5, 3919 
5740 ca5048df-fd7d-47a7-b0b8-6e276c6d6612, 3919 
68052 3cd86dc9-54a9-4007-9d77-c280c6496539, 8505 
380147 741d7304-f7f1-4569-a26e-18da65aee945, 8505 
307124 3b586a9e-98e0-4598-9a58-4a19f79f8d93, 3919 
232946 5cd45144-b0db-46d1-8a49-b189798fbf27, 8505 
310872 923fbd55-4f5c-42ae-8890-e46f521d1f94, 8505 
343322 b0fb2fc9-2c33-4a62-8f90-fefea415e266, 8505 
193538 06a26661-945e-41ab-b123-93bd42165967, 3919 
206195 5c3a2396-fc9b-4c55-ad9b-331b89c95016, 3919 
204916 f7f5c5c3-1857-411b-b5c6-072ef068f41a, 3919 
293960 122d49d2-05ba-4694-9a72-73c0c9ddceb3, 3919 
231951 3891192d-e58f-4e5c-abc3-fe41e753b636, 3919 
42320 fba610cf-ca0a-4ef2-9779-23530b6ee12f, 3919 
30697 bc1ecb75-b7a5-41da-b207-53bd4b6e99e7, 8505 
132762 e608338b-e308-4c90-b038-88db776ef0a7, 3919 
136637 b5c8460b-2fbd-4a16-8e7a-ff83234ced2b, 3919 
201972 90d6cace-2e15-43f0-ae39-10f8c14e9928, 3919 
138512 98d58fe4-0236-486e-8b4f-609664205f18, 3919 
241941 0304a94e-c67b-4d4a-8da2-d6a24decd3e7, 3919 
212049 232638ff-969e-420f-93d1-d8519d918f79, 3919 
153017 bdbf0d6c-3a17-4ba7-a003-19820244d936, 3919 
24875 1c636f5e-a72f-432f-a70e-3101088d0850, 3919 
367444 316754d6-8a78-43d9-a5d9-5f904c414f29, 3919 
210562 cbffe88b-4621-47c1-a6f6-3570c43f5cd3, 3919 
350507 2843e9cf-b404-4b76-a5a3-58e8580a1271, 8505 
163985 d8f7a3fb-b49f-4c80-8d3a-6d8d56c15f8e, 3919 
364080 66b8c6a4-0f1a-493a-b4b0-552338461d60, 8505 
17071 ca3bc431-9f6e-4ee6-867a-0c62a21a21bd, 8505 
163523 a5bdc1d6-6900-4f7e-8376-29b05ba253ad, 8505 
216737 2290c65b-9258-4009-a3f9-747b372622f2, 8505 
128241 a7f19ad4-76c3-4dc8-8230-d41fbb73d5dc, 3919 
366115 2bc2d87c-4fb2-4133-be37-3300ed62e9a6, 8505 
187431 a17a85e6-0182-485e-95cf-0cb01821ff99, 3919 
195906 562cb7c7-c699-4af3-9215-f718f119d09f, 3919 
336895 2cb3da25-ab7a-4085-af67-b842e69fa0aa, 8505 
402312 85ac526f-f825-42cc-8596-50720f2597c9, 3919 
189369 47050194-3a7f-4c1c-b525-ec36be953a33, 8505 
47488 332c7a00-3379-4370-8224-0004b1c65b06, 3919 
183914 f516e5f9-3315-461d-a976-5076471b517d, 3919 
304396 825a7b41-4fdc-402a-b3eb-e3245820a8a2, 3919 
114163 ad1ae437-982e-4484-9180-55b5eae7f538, 3919 
255254 28f962ac-0a80-4938-8346-94843a79c522, 3919 
223740 f0a33bb3-852d-458d-a762-5ce8c6c16d63, 3919 
77340 f13c454f-e1f6-4110-bdc3-d9b634fef053, 8505 
304486 15fd87f3-53c6-44e0-92f5-c394138950e6, 3919 
205277 1ce55b29-5438-4523-959a-621d3ad3981f, 8505 
88959 3670806e-ee54-437d-b8ea-0546a45a2c7e, 8505 
386513 fc945a58-bebd-4ac5-b561-5faf985b463a, 3919 
259882 87b247d3-45ec-4ecc-a817-bdecd2bafd46, 3919 
242484 f3c5b5e7-93be-4b9c-b1d9-b740e8a4055c, 3919 
251080 766a9771-2732-4eac-8762-562d4248cae3, 3919 
92851 d41f3b99-126c-427e-a3a4-2fd455e762a4, 3919 
402215 8bbd2673-7986-4009-95e3-26a7617bc0e8, 8505 
391634 199e9ddc-2d38-4d09-a828-b12ecb5d8bfe, 3919 
159650 f7034395-cfcd-4f57-9931-0783f122825a, 8505 
186024 4f984e8c-0ab9-4294-9a68-bd30d0dcff2e, 3919 
70517 ca8da506-abad-4072-b4fb-95e8fe288258, 8505 
114528 b1ef4207-d34d-4c66-8e48-a51fd3828062, 3919 
62267 df409c94-bdd3-43a7-9f99-af0d6fb36f42, 3919 
158895 ef24d834-e8cf-4916-a354-fa3a1afb849b, 3919 
48955 081a9fb9-fcb1-40f9-81ce-d78f809897f2, 8505 
210299 8631b8ef-a722-49b8-a786-8f85c92c8d9b, 8505 
264715 ef572d6b-c5d3-41ef-ac5b-e0d9c7023836, 8505 
215998 2ea16ebf-3839-4aff-8c1e-9693ded1e0fa, 3919 
366262 940be95d-bf0e-40d8-a373-dbbd122be9fb, 3919 
320466 a11df4bd-bd06-44b7-9555-e68c89fbb7c8, 8505 
398402 086173a5-b96f-4f21-bcc0-dfb9fdc266ab, 3919 
271191 b0deb732-ecc2-47ec-abfc-ff6f5801ff05, 3919 
66800 13fb1764-0894-46c3-99e4-1f88706ea38d, 3919 
216100 74c70715-c140-40cc-9f3d-a378a60b03c4, 3919 
186967 a880a153-c98a-4977-bd39-36e70e386123, 8505 
44542 1cc45d32-4382-422e-98d8-fc1640582364, 3919 
63676 8386eb8c-ce59-4f66-b761-e7fff4b9b95d, 3919 
234156 e012071b-9a31-4241-90ac-16b83cf03a40, 3919 
382490 304ca36b-39ef-4a21-baa9-0f04c9e70392, 3919 
247185 ccc8259e-c872-45e0-a116-03a190320a1b, 8505 
89922 174f46f1-6c0c-4b51-91c7-e905e69968ce, 3919 
118258 63ce3322-8796-48b7-8ab7-d911b6a4485e, 3919 
358766 e73af081-3673-473c-a31b-17dbb07f458a, 8505 
75482 95ddff6d-5a94-4f35-9ea6-c581a24c16a5, 8505 
108253 35edbf55-bcd5-4fea-9551-58d46d11b8b8, 8505 
383202 28e69703-a124-4995-8616-2615948c3967, 3919 
168943 73d235be-eec2-4173-bf1d-a95699bd73db, 3919 
119811 b6bbc5ca-079b-4e29-9688-6d2f7ff988a6, 3919 
300017 568af33c-ab99-4f40-9650-ed6caff4c411, 3919 
267628 d367bf74-937c-4889-96c9-c73c5433c57e, 3919 
163183 4344c10a-6407-4c3f-86ab-c02217944191, 3919 
362824 fd27853c-796a-42b8-932e-4b068de2940f, 8505 
317268 a849b556-6f36-4b2f-9a54-bc9ea098aab3, 3919 
400665 5e5a3c10-db29-44ee-9414-b0e1c0d40f05, 8505 
314604 1ce157d7-3cc4-41dc-aa97-d576d4ae450f, 3919 
233934 4d2e8550-3d97-4fa8-a89b-4b05dc5a3e5f, 8505 
157006 1d329547-7733-4627-9221-5189ec7cf649, 3919 
210977 cc7eb3e9-7732-49f5-a57a-6cd82f30e10c, 3919 
402604 182e24f5-8337-4284-afaa-3ab2914a18d5, 3919 
82748 c381790f-1877-48ae-bca2-d4dcca7af481, 8505 
141289 0aec0553-b356-4075-a5e0-3f550dcaa6d4, 8505 
63351 e03062ee-e291-4692-925e-1d4077ca6aaf, 3919 
85507 770c1733-f2ae-4d5e-9209-fe5efbb2f56f, 8505 
184023 5c186285-5ce5-4770-bde6-895677c62d9c, 3919 
237070 471b3403-910e-49b9-90e4-ecea746ca384, 8505 
30688 92a0f769-e9dc-4dca-a5ad-55f5b803c8f0, 3919 
175329 35e641bf-be77-4b09-a51a-3e3392f4846f, 3919 
357206 dc6245ec-20b3-4b5c-998e-7ed7dd736266, 3919 
342590 c2a64374-dad3-4d74-a925-c84d5030b0e3, 3919 
45250 9f5737e9-a401-479e-bb8c-df1f9d1cc902, 3919 
48224 c2044611-622d-4afe-bb48-6a8a31b8f8e7, 3919 
69499 61c17f2b-c278-4f12-be24-22e273e8f80d, 3919 
221913 1c4ae5ae-a9c0-42bd-b5b9-0fcdfe55acae, 3919 
356836 8ad7d3a8-c20f-4967-a7f0-13a3b977e948, 3919 
138653 1944649f-343e-4b27-b403-ac9054752ff6, 8505 
174865 b8b828f4-44a3-408e-bfb1-788ff15dc454, 8505 
84579 b42669fc-baee-43f5-bcc4-c808bcd63005, 8505 
350218 aaa8c9b3-eb7b-4c03-8ae1-8f9c821dae8a, 3919 
179092 a890219a-b177-40df-b781-a5c03448896c, 3919 
3214 cd876a13-1565-42a4-b973-192c814e92e5, 3919 
396900 3dae0a9b-88f8-4ef4-8362-596f38956543, 3919 
114212 0736ecf5-3e28-482c-90b1-ebd9da011cb4, 3919 
379635 23572275-098c-4635-95df-299a1912983d, 3919 
347242 333d091f-0010-4d75-a035-f6c0a246d71f, 8505 
187800 db5529bc-3acf-4274-9f95-3124f5c39c5a, 8505 
216708 538c227a-0e67-4aa8-b67c-6f1e6f3a86f5, 8505 
159998 023971ab-ad9a-4e50-8dd2-bfaa58f541c9, 3919 
77141 0c972296-679c-4b03-81f9-1a1ce1d02f78, 8505 
126738 c59f2f55-6bd1-4ce2-9382-3ef0fbf77e15, 8505 
108899 57d3a9b5-a61d-41a7-9da4-0eac03e82689, 8505 
31748 e3e1626f-47a6-47be-a182-ce0b971f9b4a, 3919 
146156 25f7bc0b-f4ed-430d-ac11-6335c23c6d55, 3919 
154661 e998fca8-fa47-4e6a-b737-1bd1723ad82f, 8505 
307888 8245e71b-2625-40fa-a815-176732ef2291, 8505 
372351 0cc4576d-49e1-46a0-839c-171d5d8f97fc, 3919 
208555 d4c7d820-83b0-48f7-978a-ad4cf9463f52, 3919 
191516 47d719f4-c3af-4795-b514-c58509793f6f, 3919 
151599 fb0bc4f0-6294-4070-a7c9-dd82fa53cfd6, 3919 
75398 e16f6f94-2b3f-430d-af8a-013d4b52834b, 3919 
87102 9c9d3436-5314-4e0d-b814-526097189961, 3919 
180449 9451c022-fa37-4eab-81d4-941939af740b, 3919 
191256 0a886fbb-cde3-4206-b615-3b2a2abbea71, 8505 
256345 2c90cb92-57f2-4a55-b7a9-f2f20fe8f8cf, 8505 
93070 6a9d5abe-169c-4cdd-96b4-fb039e3f6986, 3919 
269934 449ef42e-835a-43f0-b226-615e6953b4b4, 3919 
175061 b9b55cf9-0500-4444-8d2e-d078289f1dd9, 8505 
326661 a9e82aca-4f73-4ac6-acfd-44fb268343de, 3919 
369583 4e205a87-b145-41cf-872f-d289ec3ddee6, 3919 
69352 f3e0bd25-c4dc-4739-8832-477af60c4939, 8505 
235826 b57dd942-3307-4154-b9a1-92013bf9fd7c, 8505 
82229 5c3858a5-aaca-4b65-b1e4-d860c7038844, 8505 
382479 0c889338-ac33-4490-93f4-b74e2e590b15, 3919 
280819 5c137362-6ce2-465e-a4c6-09523b83829e, 3919 
356602 97fa2ba3-5079-440b-971c-99cb6e88bacb, 8505 
270640 7b7009e2-3402-4e2c-a830-3e442c121234, 3919 
256173 a6c1a0d4-eb05-47bb-9971-69c0b98f0eef, 8505 
285871 2534f579-50c6-4857-b195-1e3ada493cef, 3919 
263412 66487175-8cb9-4d38-86d5-d9255a8778f8, 8505 
146089 13753826-ec7d-4cef-998d-b4c9c90723a2, 3919 
218898 f7e5c786-1de8-4015-bcad-ee4f46b647e5, 8505 
324599 198d1b44-16b3-45d7-853d-5ae99b7a17c5, 8505 
378179 1e4d4ffe-1ed8-486e-8523-4bdff2170122, 8505 
138951 3b43b58d-4e62-49e7-83b1-5465bc1f57b9, 3919 
102225 ea97ec3a-e206-4efa-9497-81f37070e7e0, 3919 
8695 2e1db05f-3796-48ce-9407-c794123dbaae, 8505 
340560 f43e86e3-d085-437a-906b-84c34b1e20ed, 8505 
6391 23b7e992-a63d-4b95-b3d3-994c1d1f4b9f, 8505 
75280 5f01c963-e1d5-4038-9628-79fc81d959e3, 3919 
319891 2de7b128-7523-4db6-9cb3-da815b985c45, 3919 
46 5d52e9dd-ee52-4512-9b08-bc87ca15f89c, 3919 
319843 b5a95ba3-3f20-46e2-b51d-679dabacea58, 3919 
274818 d9ffc748-11ce-4744-a4ca-0b26b6157c30, 3919 
304620 d9b09b52-0710-49e5-b5ab-8e7b44c4d8db, 3919 
386319 1c1ab9a5-273b-467a-99fa-f485d0a360b5, 3919 
133137 e84bfcec-3e68-4f3b-b757-f9bfa190a180, 3919 
180040 8390654a-5535-4f6d-95fe-b06b8a1c7062, 8505 
135248 cb956c23-e3cd-4b70-ad3c-ab92b993b8ed, 8505 
245456 973eeaae-598a-4a75-9653-2c0e8ff2f251, 3919 
94883 ad9610a5-163d-46fe-aaa1-e546badc718a, 3919 
156825 14fee98a-2c5e-4b9c-8586-fbc379326e87, 8505 
363524 0d4bf1ad-b1de-4188-afe3-dfc623e2a68e, 3919 
17928 2a41f394-65e9-4e4d-afb8-c20ef30dc40e, 8505 
334414 0b5ebcff-b1c9-490c-8700-85c7fa4f0065, 3919 
44915 474b703e-6c76-48bf-b630-02a2334c14ea, 3919 
337976 3554feed-e0ec-4af2-ae8c-c654bf7c57e9, 3919 
59068 fab6224d-8cb2-4a8d-9c98-1ebc66eccbad, 3919 
45668 a7ff8bee-87e9-4b50-bb6f-f67ab6e0dd61, 3919 
393341 dce6d5df-214d-461a-8a2e-25ef8b8cb89b, 8505 
336715 7fc25d77-9763-42be-af76-7b6c7e1b41e1, 3919 
72823 88fce817-8948-46d1-83ab-08cfe3c0bc3c, 8505 
256973 b616068c-b077-4d3f-885d-4b959e64a93f, 8505 
384530 d78bafbb-7040-4979-80f9-0133ed4c7b5e, 3919 
132997 2bb6c4dc-9628-4f5a-b6f9-68b8a73d9f83, 3919 
42690 0f9bd7df-d948-48a3-a004-9695ebe787f6, 3919 
130247 d312bf54-9982-47c1-a6d9-d240437c3c00, 3919 
182571 c7ed518f-80a6-466a-84c7-eace51a1eeaf, 8505 
218387 5811077e-084d-40d7-a95f-27ff0200451a, 8505 
90800 4c93b5eb-2b0d-4737-b8c5-45f94166015a, 3919 
247704 9f664005-933d-4aa3-ae10-d592004c1055, 8505 
347682 43a5fb4d-89a0-41c1-b175-3afab3157a82, 3919 
210328 7b23ac43-558a-45d3-a498-0923b3b5cfec, 3919 
332095 1935b49c-659b-4b3a-a356-a4b55fe74ef3, 8505 
121863 01ba45fd-d7d9-4488-a21a-6384e02bb1bf, 3919 
47948 47ddeca3-1b66-44ae-8c03-ab9a31cc20dc, 8505 
248490 6c2bf633-48e2-4fa4-8260-c528c9172811, 8505 
44617 de7eba6f-c4d5-4761-9cf6-c3699e1ee7d1, 3919 
169854 b30c5c19-8d20-4f37-8f5b-66347e0a264f, 3919 
37574 61fcdd40-7e9e-44eb-a3c7-fa4bf8c32988, 8505 
302736 1ebeb6b3-8dcd-4d62-9be1-f804e065c017, 3919 
127281 53af8056-caa5-4809-880d-33e204707e6e, 8505 
170114 726634b3-de5a-4797-9170-8357c083747b, 3919 
287161 839dde5c-a3b9-45da-9f47-27a937e314ea, 3919 
13897 67e7c3a3-2a13-405e-8a68-e7655fcc0862, 3919 
293406 4c12caed-43cf-4334-8118-53603f4c5c39, 3919 
135788 de23666c-9fed-4fad-ac0c-26bb13640e92, 8505 
99658 5f3bcca9-ec4c-46d1-a2c5-3d8e6f36868e, 3919 
225757 a5c6595f-e5a1-4cb0-8502-27382d47a448, 8505 
295316 9e9f251e-de5d-4a98-9879-5803d8013856, 3919 
292511 3a0ad2f8-720d-45af-8871-51825165572b, 3919 
344235 d0fd0136-85b3-49ea-a7b1-789a06281336, 3919 
178098 d4c99940-d059-4b66-8d00-47d75118c6f6, 3919 
230783 ee96d93d-9157-45b0-9d6b-5d6a62153557, 8505 
127752 47875442-5231-439a-a208-c04de193a757, 8505 
33103 3a5940f7-9d38-4bfa-9bbd-f0ee6905d999, 8505 
29584 b50d5118-cf9a-434b-b0e6-697473364057, 8505 
160671 69ee217c-29b8-4c0b-9b03-f90a82f1eeb0, 3919 
262589 ddbed208-dd77-4e9b-8aa1-24d2eb6d0e5e, 3919 
93842 5fbe6e48-19c4-4b41-8c42-3b05ee3c24bb, 3919 
300666 b8fea99c-015b-4c97-bebf-0566caf63751, 3919 
104810 fd8c9056-2b2d-4af1-bfdc-5162155323c1, 8505 
356432 4a2498a7-da25-4b63-ab5d-bfec3a4cce94, 8505 
12794 0a9505e9-0f70-4809-8a36-ee851d9115ce, 3919 
358523 856b9600-2318-4e5a-b96c-2bfc90c37d21, 8505 
259364 7ec95818-9990-49ce-8ddc-3fa7e125f44b, 8505 
79440 96538f08-eac6-4123-a1aa-ef57839d6143, 8505 
252609 5ffd18b4-5b7c-4b0b-8fe5-aa7c8a23e515, 3919 
66553 8c39c7bf-0be3-49fd-84b4-e42dc3c40559, 8505 
254469 5211bfa1-754e-4c90-a0dd-04e79aafcaea, 3919 
71568 3e32d1ac-63cc-44a5-be28-6d5d7b57240e, 3919 
164097 ed738a16-4d5f-45fd-bd9f-0ff70b70674a, 3919 
397591 a9f42b98-4247-4bfa-a9f7-6055439930af, 3919 
177348 17229181-6815-499b-8319-384b509f8e2c, 3919 
25299 22c8e71c-3ccf-4fd8-89e0-5771451545e7, 3919 
93164 7151b882-14ce-4b67-93de-a9b66ed4a77f, 3919 
177366 f0efa2d2-809e-4a76-b6c4-8b4096515d0c, 3919 
204167 253ad560-8bbf-4531-ac0a-f0fd12d117c1, 8505 
148184 44d022d0-3ff2-4000-aea6-c0596c079692, 3919 
328462 90a2acf9-70bd-4e6d-9825-e165abc4e7af, 3919 
258890 cdc4ed08-c288-4315-af59-9c1e481b1f34, 8505 
99739 7819da64-03a0-471e-8fb4-10d30e111dbe, 3919 
252113 6a608dff-9ce9-48f2-8779-3badbc6f677f, 3919 
242651 f4f62b34-f2be-45d9-a573-af3642ae3819, 3919 
294712 27ebd50d-60e5-4782-9798-54fe2253d818, 3919 
32975 d9fce700-ee82-490c-bda7-0a2f612ec301, 8505 
255192 8c139e77-7dd7-4df9-9b3a-d990cef43cde, 3919 
116284 0531792d-7b85-49b5-bfad-43f6e8cca841, 3919 
64780 a8e52caf-718f-4ad8-bcc0-8ab766c81114, 8505 
121049 a4f61c32-787e-4b6c-931a-374d7d444286, 8505 
226622 c142f823-6c6c-4bf6-bae3-cb078e896a27, 3919 
268228 775087e4-ce70-4fc1-95cf-998835760a28, 3919 
318050 7f190da2-c765-4c51-a9de-a0add3c7de00, 8505 
276816 03e45791-2624-40ee-936b-4193596615c5, 3919 
256865 3f4587a7-b999-4f06-9148-b84083095548, 8505 
242824 fd9ca5de-6b08-49f8-882a-134735cd43f7, 3919 
130788 a6b28a1c-66fc-47e3-aa91-f8f5c7ecb307, 3919 
160103 12cd8df7-f356-4a09-87d7-8be090b5fb0b, 3919 
252354 a42fdbf1-3d4d-4b25-b5d4-85748275d2b4, 3919 
152709 aa15d613-d1ab-46ae-abc1-3dbb8f3c60e6, 8505 
208136 3c313bb8-c898-4e23-b1d3-f06a56752bcf, 3919 
188136 c3f60e00-4ffc-4921-8402-a8b20c5ca453, 3919 
117407 e599e909-17e8-4fff-af8f-2fae4f7e2d55, 3919 
222462 c32e84d1-c806-443d-ad5a-fc6809ad4e72, 8505 
91638 9c524a8a-833c-451f-b1f7-a1f6702b628f, 8505 
378107 3b4ab6ad-0cf5-4c70-8e60-48ff33e1940c, 3919 
13087 4637eacd-8078-48b7-b3d6-41d7180de2d4, 3919 
103874 b66b502a-b722-4776-adc4-7e4852f0f3ac, 8505 
349585 d677e6c8-8d21-4be7-a65c-099917569b43, 3919 
251145 efd24d6f-73df-4e0e-903c-ef273fe16614, 8505 
330261 0b57f96b-3c3d-49c3-a25c-78b2c6cd7dda, 8505 
261077 be378974-0b8d-41cf-8267-9fce081962ba, 8505 
233397 3e4cad8f-ad9a-4d3c-9d7b-9c1724237a50, 8505 
175838 aec34919-caa1-40be-b4e7-3124029ebd34, 3919 
277454 dea64be4-f87f-4bea-969c-15657f833ac3, 3919 
12829 b2dda16d-a17b-44ad-98b8-25754023bd74, 3919 
223785 f68dcd98-c31b-4073-8d87-c8a70e9f2a08, 8505 
383538 710d2ea7-0bcf-4707-bd72-9a0cdda144e1, 3919 
159350 b3aebd85-cbc5-436c-a93f-2e762dc50081, 3919 
341189 21300f3e-9892-478c-8556-1f65c3ddfd9c, 3919 
100572 195d7b9c-84f7-4e29-91b6-29129e531d02, 8505 
292151 0a54ad30-d2f5-47d6-ac71-9354051f2da8, 3919 
366589 5585bd48-e8da-4c81-b814-ab2dad8d8a34, 8505 
349719 c3b7cd51-c06a-4e75-85cc-a1c8056ded5c, 3919 
36299 3f70e40e-445a-4344-9d8f-8c467fa29906, 3919 
326204 89175094-9ac1-47c3-b91e-2e44bb27d1de, 3919 
340909 5f438b52-7ff4-4567-a6b9-d9e003768d2b, 3919 
396329 02585b9c-6a7c-453d-a675-9684b3f49df9, 3919 
18067 70948257-5f4c-4c0f-bc84-fa9359231e61, 3919 
305627 2b575342-dace-401a-8757-e870feb34473, 8505 
139945 978d307b-8b90-4029-b34c-d1f10b938092, 3919 
184636 a6e10745-0c42-4063-8b8c-ed45651aa4e5, 3919 
352318 556170ff-2079-4096-9f02-f173f47fde68, 3919 
264528 6a04cc90-501e-42ba-aab6-c110f128997f, 3919 
248917 1ee9b72e-6f21-4c90-b97a-8aa9940a6e3c, 8505 
283913 8a17e4da-567f-4a03-a60d-09c62ee8bb45, 8505 
242153 d790a180-d2a8-49b5-ac39-683ef74c1a67, 8505 
23219 e2491686-1a54-41a1-9fdd-d20445faa796, 3919 
205719 1461881e-57fa-4dce-8a5b-ccad4626648e, 8505 
256949 50d0c936-58b0-434a-b86b-9a2d663e06df, 3919 
329736 463b557a-ad5a-474c-a839-1071593b77c8, 3919 
167236 ad3573ac-7e44-43b0-8279-1330947beedc, 8505 
210099 95db4fb2-c745-4970-bec8-0a0a1c7b2d3f, 3919 
173727 274b4b62-178a-4d37-bda9-f2d669dc6ddf, 3919 
99047 1f7af690-e8bf-4abe-9899-563ab070c43e, 3919 
367397 3925fc69-6a6a-4232-a002-3d654751492e, 8505 
349330 f3a14a71-4ed3-459c-bc28-5b6ec7bf994e, 3919 
298578 569e9326-6a4f-4a63-adf8-22e7ee675d0d, 3919 
173814 d839063d-3682-4720-9956-9e50b23cb77e, 3919 
131422 d386efcb-45e0-462b-af00-a3ae1820cf22, 8505 
374665 d132a23b-cdb0-4e05-b760-78701c10530c, 3919 
251505 89cae1a1-3a84-481d-aab9-c2479a18704d, 3919 
348755 9fa2dbc5-ac26-460f-a115-f5a143ff05e0, 8505 
399170 d49c61f5-1aec-47be-b72a-e607d980ac46, 3919 
392214 3f2c4a1d-41a9-40b7-97ab-33e45b5d5869, 3919 
147562 027855f4-59ee-485d-9628-ae752e099228, 3919 
77163 97114dc3-b153-4451-b222-aceb8d9f340c, 8505 
348072 94993a42-a9e1-4167-a738-30beae066e48, 8505 
373947 697696ab-53c0-46d6-bc7c-03e63471b144, 3919 
217517 4a77b263-44f9-4f69-b3d0-c9b7b37310e3, 3919 
307404 f9b9d14e-eb14-4bd4-8436-1957dab75d2f, 3919 
53841 43f38ccd-9936-4547-b05e-2ce7f9590caf, 3919 
288393 9185b7e4-6a00-4de0-a4e5-8240955ff433, 8505 
193129 05a9fc98-4f2e-4866-adb7-f76a8379bfb3, 3919 
88702 61ce1c5f-1aae-457f-a5c8-4b2849427ef2, 3919 
179394 a57b1b5f-a529-42ad-8874-415c17428e0a, 8505 
224926 e6566864-16f3-4f07-ba20-0ec23ede4791, 8505 
36569 8c053f76-6c2b-4680-b864-4cc5657a0eaf, 3919 
276205 edb6f003-8d37-4561-a215-7844ad37873f, 3919 
196648 fc265d8a-9cfa-423d-8ca6-a11d2c0ea102, 8505 
109923 13247bde-9d41-4631-b738-0dfc1d278242, 3919 
384994 ae5d6898-eb0a-455c-aca0-62549fe9b14a, 8505 
27902 a2a66d3b-8ad0-4a66-9c79-4b707be24a5b, 8505 
52904 f3e9adb9-9637-48f0-88a1-1c4866d044b0, 8505 
213262 806722f1-eae5-4f64-8d47-b71b3cfb485a, 8505 
15357 f5f3e603-29c1-48ee-8109-891432f45ce9, 8505 
232092 82a02e8c-edc3-4ba5-85aa-f5224b8cc9e9, 3919 
227348 09a0ceab-c0d3-41b0-9b4c-3e6fb1b093b0, 8505 
306683 50ea2f6c-d710-401b-9cba-4490e25a0223, 8505 
83685 7cc3f0ec-da20-487a-a1ac-19797de4f4e2, 3919 
302865 4e148cfd-3145-4e68-8f38-5c96a023808f, 8505 
245863 d2dd03b2-3c8a-4fc3-9d4d-4185c999c6ec, 3919 
261536 5194aab6-0254-487b-83f1-21bef43e738a, 8505 
72593 17440146-adc5-46dc-bc15-8f2e38296f81, 8505 
293809 4ea8a70b-3565-4bc2-823b-f1e05c932dd6, 8505 
282279 08fe4a52-437e-4e1f-836f-85262cf2c0d5, 3919 
252971 20a7b884-26ef-416d-8597-f24fcccf93cd, 8505 
81493 8d66e722-9148-4016-a2df-c8c1b8fdaba8, 3919 
98018 a5f57640-619b-4dde-acb7-ecfa29de4ba4, 8505 
308149 63ca953d-430b-4cb2-8fcb-d3a389b24ad1, 8505 
363818 6ad435f8-9fd5-462e-885a-2e440f10b9fe, 8505 
202301 667f9e58-1c2a-4614-bc87-b5f75110049b, 8505 
140686 e26ef7b8-2cad-42fe-80a8-4cf95c453af2, 8505 
332851 1437464f-473a-4358-9f33-88737286876b, 8505 
271026 091c55b5-f7db-408a-b076-d9eae9c86ac7, 3919 
251289 85a78f4a-1943-457e-b83e-d4f77ee50d73, 8505 
160582 3ab8410c-7a84-434b-adbb-a04bf53e35b7, 3919 
227603 7ddbaf2a-d7af-42cd-9887-2b208e8860f3, 8505 
314699 ac8c2a53-18e6-4477-b0b4-fc97097ff78c, 3919 
190678 a7047e41-3ffa-4b30-8944-35c32b6bbcf4, 8505 
376584 8c33c110-1967-4bbd-8dee-9957a763bb23, 3919 
327311 4e294e38-d68c-4e2e-9cfd-bf728e1f5974, 3919 
30942 7e1daac6-6590-410b-9812-4e692aa57c17, 3919 
156643 470730ad-ad52-4b00-84b9-bbb82cd56eae, 3919 
297569 cca7fa56-0f68-4d92-8445-b669afe2e243, 3919 
350144 652e5e97-82a5-44d0-82f3-f4c940fb0e56, 3919 
339751 a7b4c0c2-bd32-4427-85cd-19678234cd66, 3919 
235934 29228bbf-da4c-48ae-934b-c79e41459cd1, 8505 
108137 d5b95a44-c1a7-4619-add3-07c5144ff9d5, 8505 
400359 57c62a95-c82f-4fe6-ae7a-93abdfd99de1, 8505 
13918 bdc8737d-34b5-4524-a364-9893abc72415, 3919 
54656 0d91c4e2-7b79-43b2-b45f-c8303483b143, 3919 
274834 514c698b-d507-4e71-a289-e1c4e9b9fe65, 8505 
120566 72c880b1-06d7-4a0c-9a2d-fe4157383ab0, 3919 
334228 966b17ce-4406-4781-812b-7a9aa8f27ba2, 3919 
305694 d0cbfc06-436d-4528-9fa2-214e7a9a6175, 8505 
129517 17bf6d84-dd78-4276-9fa1-b6869d2fb2a1, 3919 
390617 b9fc7343-fca7-496e-805e-76c48cb3dde8, 8505 
150141 b1e3c171-e71b-4250-a7a1-b31c35901ac0, 8505 
47060 c59d2a3f-9efd-40e3-a7f3-0b0d6641a4cf, 8505 
130558 9a1c6ecd-454a-4fc1-ac88-23a09d5bee16, 3919 
169315 bae230e7-e100-4b89-bd5f-69784b67d3cd, 3919 
253804 69d47207-364e-453c-80d3-a51316848e41, 3919 
93009 e60e49b8-bd15-4083-8e02-af44f33279a0, 3919 
100975 ce6114fa-48fb-41d4-bd33-5b63f083c516, 3919 
368344 ddec264e-dfca-4cef-8129-bef56fe92c41, 3919 
395072 379fd591-cec4-4ca6-a96d-6df79b7fca9a, 3919 
11469 d3afaa68-1309-4b64-a566-fca736b507ec, 3919 
164111 d3874f99-1597-441a-b214-364a3172aa78, 8505 
198837 e0a8fb6d-f2b0-4972-8462-9cd65f90aa75, 3919 
12155 4f8ac797-6a2e-456f-bc27-cf32ae89dc15, 3919 
263797 aa560619-982f-4104-b41a-448ad348723b, 8505 
108849 cb714f34-c286-4db7-b97e-58edd948b507, 3919 
368664 03266963-0e84-4bfd-bc27-1bee3040f53e, 3919 
379812 c6cddd88-d323-4460-9360-169b61a1898b, 3919 
102047 b9aa386f-b628-4700-a4fb-fd6eacfc4112, 8505 
12652 1a6678eb-6743-4252-bdd9-14018244a74e, 8505 
384001 7bb968df-a96b-4539-83f5-93b9f7aecc68, 8505 
320117 4952c4e5-a681-4dec-85d5-b6e9a74e3168, 8505 
274021 4fe6f4a2-db24-4046-a680-ca533e34d84e, 3919 
157287 0c7cca5e-bfaa-4c7b-b532-43eca4b55b87, 3919 
362004 87b04e43-2e54-4516-9f4d-7190a8ea41c7, 3919 
21122 44ed835e-db27-4e72-b8f2-201f581e8def, 8505 
54615 16b93982-806a-41eb-9a6f-c3ec86b2ba14, 3919 
67905 b16a8100-70ec-4fc2-a579-0017d6a81209, 3919 
319419 eefb8506-d7b7-458e-877c-45d88f8bad62, 3919 
109682 a19c83fb-89f5-4a98-af5e-8bafd4bad657, 3919 
225043 ef05a676-8ea5-4679-9bbd-ab4367e33390, 3919 
332777 ca29fb1a-a888-46e3-b238-8c170e972691, 3919 
10299 8365a9dd-081e-44db-993b-c6bfff48f7df, 3919 
347038 69494877-6a07-4bbe-8a14-dec821bb486b, 8505 
68313 e12bc287-0d8b-451a-baad-5f5c2a51ae86, 3919 
79482 9bce9de1-1a9d-481e-b595-4e9da7a6fd6f, 8505 
368884 cc17593f-c084-42c9-af08-ee6516019fa7, 8505 
206824 8cddf3bd-597d-4b7a-97bb-511cbf9b16f3, 3919 
90691 4e46c0cb-e365-4784-8f97-f4f1fa563d18, 8505 
111533 c3d5af47-c144-4578-bce0-2719c813291a, 3919 
13151 449a3868-c96e-4652-85d2-bdced9fd3bbc, 3919 
29103 079cf95d-349b-40aa-8aa7-adea0798f547, 3919 
245862 3e34d26f-c405-48f5-8faf-05a043c72080, 8505 
112579 7e673022-d430-4102-861d-cd9bcdb247a7, 3919 
257934 5e83ae48-918c-48e7-9133-5dea1487dfc7, 8505 
24640 64f61b09-2513-41dd-9e7a-5f642c3270b6, 8505 
251580 b03b1250-db05-4e20-b390-bf4537d85443, 3919 
247167 266e86e6-f3f2-4dc6-a8da-53b9c61f8e50, 8505 
342328 67713d2b-8605-47a1-a589-85612f3e06f1, 3919 
202117 fd53def8-8d9e-475f-8a6a-bcac9d316f17, 3919 
187287 4db1f7b1-ca82-42f5-85c1-8c0253fee097, 8505 
259500 66f30b4f-0645-456e-b602-7514a0537ee4, 3919 
213615 7c67f651-ffb7-4f22-a087-74171792e857, 8505 
370292 7cb29f53-3b95-4675-8939-820eadc72661, 8505 
12930 6efff8a2-1b1d-4f18-88b9-bdb9db2cdd5e, 3919 
310081 9d2778a2-3d10-43cb-93ec-f6fecb67ef02, 8505 
341401 130a628b-66f2-46dc-860c-a167bbe3da9e, 3919 
396604 f0dfc3ed-3e87-4380-a6a5-3083200112be, 3919 
84373 7dcf9ed1-31d7-4ab2-94c6-53f308a60431, 3919 
259322 b06738b9-3489-4e86-bb06-b41a7881bedb, 3919 
52098 ac290bdf-57e0-45f5-83ee-a31815fd9417, 3919 
237040 b16c0b06-60f4-4118-b609-5750329de52a, 8505 
9136 0db74c30-16b0-48a0-8b83-0464be5c70f3, 8505 
218389 4493390e-6241-4d92-8071-11173af6dd3d, 3919 
313060 811c0c5a-2fe9-4d4f-b7ce-a407d06bc442, 3919 
20482 894aa242-31f2-44ce-8e7e-b327c8df8e22, 8505 
317720 6e7df99f-71ae-4dd0-a2a7-635d6f3934eb, 3919 
119886 c6536f52-f410-4ca4-8884-d0de947d1d8d, 3919 
245968 5eb72f6e-b07c-4913-8eb8-a29c3c701e45, 3919 
124684 f6e92029-a154-428b-b321-20b33d42c12f, 8505 
200505 1aef0eb6-b6fc-457f-9644-78ad1ea2a539, 3919 
263238 0b16116a-8ed2-425a-bbec-d687eeb6a3ff, 3919 
237415 4148091d-f9e0-47c0-ad62-263143fbb66e, 8505 
293837 fea8c550-a5f9-460e-b4fe-eef1ada87167, 8505 
226159 eb000d8c-b506-49e0-b420-834c42a60ddb, 8505 
149132 9ab20b92-2c55-4e1d-a9a4-d78f2ee60e4b, 3919 
91544 0b05e43e-069b-413b-942b-d0c09a60d857, 8505 
356764 de18b37a-0b47-419e-866f-6a39c521cde4, 3919 
137238 3082835a-4d59-4d3f-8c67-c4e8b69569cd, 3919 
268348 c17c6fe7-bc0b-4c19-b148-ceb39f0d152d, 8505 
193774 5d7117a9-0b9f-493d-a19e-7fdce7186cd4, 3919 
81124 83a71c49-e758-41f8-a0ad-26f38581a5b2, 3919 
83656 0a42c7de-735c-4d26-a5c1-4dc41366d578, 3919 
242828 1ac26a28-581c-477d-b7e9-865b6a01065c, 3919 
42929 339c7612-c777-43bf-88ae-e7f461631f8d, 3919 
190903 942f2e3a-a0b2-4ddf-8597-deb4e9834b91, 8505 
232124 20a9f332-0537-4422-bdc9-5d3a3de3a9da, 3919 
365250 f6426dd1-25f1-47a1-bba9-5c3b5a63c6c1, 3919 
63610 f4943733-50aa-4133-810c-8b4fa0407ddb, 8505 
73183 4bfef6be-494f-41e0-b203-4aad5a0ce1f1, 3919 
25812 36f62599-b746-4825-b7fc-0e04047eb1c4, 3919 
106087 8d1da515-a481-42db-bdee-dd1f3b14276e, 3919 
164708 e1a4288c-f312-42a0-9051-caf6717b1bb8, 3919 
55976 bdb72092-71f5-4ad7-8fe5-a94874c0e005, 3919 
338254 89237340-c03c-4c17-8965-4d1ac44b5fd9, 3919 
355546 51cf97b9-68e3-45bf-adcc-34a342db1f4a, 8505 
9039 d79ffcb7-6d82-4ae6-a194-4d46abcb6f75, 8505 
146429 72191dc1-abb0-420b-ab5b-cddf076060f6, 3919 
35939 71f90184-20c3-4d90-87ca-894cbafc543e, 3919 
35514 39e791e4-a164-4785-8e91-e766a6ff42db, 3919 
288218 ca9efbd7-770b-4cc5-bac5-82352e1cf7e8, 8505 
181724 03d1893b-5d7c-4a5c-b89a-51e49371fe33, 3919 
72792 336a0536-c3ee-49da-a9bb-e6491dc768aa, 8505 
339668 b8a79ee1-46d0-4ff5-94ec-a91d600b1966, 3919 
104031 01aedd62-b1f8-4131-a844-4f410ecec7d5, 3919 
257140 a3033636-0cb0-46d5-81b4-06471bb8c939, 3919 
117721 12d87607-6c3d-40f6-a3e9-829a4382edf9, 3919 
311955 1b4f1567-b47d-4491-a59d-20e0e7314693, 3919 
48535 dcc4cdce-e4e3-4961-b9d7-2be05ddba4a6, 3919 
171700 b8ecac0a-6bf6-41e0-a258-34d0c8811fa6, 3919 
387197 e4d2168c-a186-4bae-ad69-37fd08ba407d, 8505 
862 a157a28a-77f4-4cca-98bf-c9b4e0a927f9, 3919 
296159 2cb191b0-7bfc-4706-ae02-2bc27e5f294f, 8505 
332685 8f48d406-c2cc-4d72-aec6-178cec67b9a7, 8505 
143030 1d14f0b5-3f55-436e-8f49-f0df1c14de70, 3919 
228065 47a714d5-1db4-45d0-b47b-dc8d22d9dc7c, 8505 
130341 b5c8a9b1-283a-4afd-97d2-e8f01add2738, 3919 
139689 821e3ebf-7841-4d4d-840e-0f897eff5bbb, 8505 
385148 99672624-c40b-45c6-baa6-23f46b327c21, 8505 
341476 c9a25e35-505b-4fc2-ad74-df3e44be9f4a, 8505 
134797 6b277ff1-91c9-4dcb-b1e0-193afeed0af0, 8505 
401455 d60b08d8-eb8a-4f4a-a422-0af24d2c803a, 3919 
283859 a8af871c-2122-402c-9ed6-de07adfe1a39, 3919 
291533 a9ee6939-7344-4ef8-88c9-30bea20cd051, 8505 
347265 686dcf6c-517a-43b9-bedd-2db349f3c162, 3919 
122530 adc83803-3e94-4af9-8396-8f9e97214e9c, 3919 
310001 a86f4c96-9c14-44b6-9daf-d7ba9c7b6189, 3919 
60825 4acfbfb2-d8a2-4f2f-8710-0bfe125cde55, 8505 
181892 b2469145-31eb-4e01-a7c8-56fc9ba7f1ca, 8505 
382607 2720d8cf-4de5-4572-862d-2d50729a727e, 3919 
81390 47084629-8241-4d1d-bb7a-2abb67c360b6, 3919 
143613 46e1b331-f677-4b46-809d-633226a4aff1, 3919 
5921 05e876ce-2d46-4a05-8fed-5af28d30f63b, 3919 
283486 d341f51e-c67d-473a-9890-5335a8942582, 3919 
121253 0e0947ed-2a82-4d32-8cbb-d31b5315001a, 8505 
309321 dcbb8cac-5eb0-4b31-9a3e-dcfbd9742b72, 8505 
386252 73991c1a-0285-4ebe-86c6-f260a20985bd, 3919 
103189 a8b0ab8b-5710-4dcd-88e4-464e8a195029, 3919 
162170 8abb29ed-8c8d-4418-b8dc-cb3b5b633674, 3919 
254532 6cf1f325-f5fd-427a-8475-6fa3b3da95d7, 3919 
168724 c9977d87-8b69-4888-8231-5f75cf1eca05, 3919 
336964 94815e85-435f-44df-af5a-075479187169, 3919 
200420 11680b4f-fae7-4b96-a30c-32bfab1432af, 8505 
167679 38ed0761-d306-4cc6-86bc-2177b2163093, 3919 
251468 69f52693-48f8-4b9b-bc72-b6825fdb5515, 3919 
290987 bf7cd769-99ee-4b16-a81f-d278fe1e60ee, 3919 
102161 90c91dfb-74b8-412b-9715-67e03147baee, 3919 
154312 5fce17c0-f4a2-4d43-bd3e-41a5c90713f4, 8505 
367776 49b86668-9391-4a2d-845b-2a30e90d2718, 3919 
194255 b33d730f-c803-48db-8f01-42e898433f13, 8505 
146149 7afeb188-36e5-4fae-a748-d3f78e4d6d64, 8505 
272087 b342a5ab-c3e2-42c1-99d5-b0034dc5025a, 8505 
277337 1b4089bc-f887-42dc-96af-987a95b2f06a, 3919 
138043 ea5781cb-99f7-41ce-b989-11d2c82fe441, 8505 
145341 68fd20c4-2603-47ea-acf4-5700d873bc56, 3919 
204643 f2570e72-39e8-4bf6-a9d4-9ab4d0e79b5e, 8505 
285096 03aa0d90-3f49-4229-b33c-d2163da31984, 3919 
370298 ed884ba6-a636-4537-ac52-e00c02fee7b9, 8505 
305362 c43f04cb-42e0-428d-8004-b1f64e6e9238, 3919 
52497 ff4f4196-7560-436a-967e-868685eb8fd3, 3919 
357145 9beb45e4-c769-448b-9e8c-7d1a3e352017, 3919 
360871 d847191b-e771-490d-b414-17d145e44a7d, 3919 
16190 08ae0620-08a3-47cb-b885-1f2c403b1f66, 3919 
38553 ae86ff63-7436-42ce-9f6e-7ba89a6c74ea, 3919 
383300 21b42b7d-dec1-4cbd-bbd2-2b35ac4c8ed9, 8505 
374633 e04865b9-962d-49d2-bd51-b240a2cf9696, 8505 
73102 bb250d17-b8ea-4238-a06f-4d83bf2c0ab0, 8505 
295419 c3913747-59cc-4928-b81e-af6561991656, 3919 
86324 e1947ff6-9d5e-4eb3-83f9-6b156e432935, 8505 
113900 16595025-d4e7-4d31-8537-240f4a47bfbb, 3919 
224865 abdbdce5-80f7-4cb4-8c41-8ffd2a40b2bc, 8505 
83796 8bd9d037-29ce-4fa4-a372-b6faa94d1858, 8505 
323229 ac1dd635-7920-41a9-9262-86ddabbe4940, 3919 
91973 91d123f2-ce66-4c7d-bbeb-01c91cff185b, 3919 
116395 4c0f9f09-e0fb-4f84-96bb-1aefd93697c2, 3919 
317802 f23baebf-7813-4bbb-832c-65b2d0e19677, 3919 
140245 76cfc2cb-10ad-4d95-9d9e-4a4082b8a78f, 3919 
109498 2580a0f1-0ecf-4149-9fee-bf8b23e26055, 8505 
246657 06ed76d2-0ec1-451b-9063-caa7d9dd82f1, 3919 
135213 d16654a1-f365-461d-9482-2705b8369f1f, 8505 
255091 d02afff6-d190-4d9c-90a5-b97609f656ee, 8505 
10072 3239cbd4-c426-4bbb-b549-208a098adca7, 8505 
341078 2a898c29-79a0-412b-9875-f8dc4184a2ea, 8505 
131457 beab941e-e6be-4aba-93b8-60b846ad3292, 3919 
9737 25218984-03d5-48fd-b56e-a96dded8b49b, 3919 
397622 84fc0633-36db-4050-80a7-ee942516c32e, 3919 
169224 5704dd6b-7ede-449c-b247-2048e417b6a8, 3919 
113453 0e630ab2-36de-4064-9761-97f29c54de0b, 3919 
249403 231465d1-689e-44de-9fb5-d95fb0dd793e, 8505 
106205 b8f6aa1c-6262-4d2f-993e-645c92443214, 3919 
329070 4d9ee84d-9fe8-4f81-bfb6-0160752d9871, 3919 
84256 2b1aea7b-5091-498c-8e7e-ef2110b96a22, 8505 
121611 2336f3cb-60ed-4720-934c-7ea12492efb3, 3919 
10042 46e9611b-82bb-4cb9-800a-5ee13a7baf82, 3919 
383609 f2c1e30f-79bd-4bdb-8b96-c512967313b5, 3919 
81819 13fb53b3-5384-4e4f-a6b5-c2619f4863d4, 3919 
44745 214ad682-9c5d-4a29-9bcf-b4088237ea91, 3919 
279764 ebec5eaf-9fbf-4796-a20e-91f3f284fbc5, 8505 
56415 dee6dc09-8e78-4ba4-a271-f77450813834, 3919 
91752 0aee5589-0a02-422a-87d2-066f189c28d2, 3919 
186241 64fa74f3-2cef-4740-8326-aeffdff4c4bf, 3919 
161554 64332a29-2de7-42cf-bbad-b340142561a3, 3919 
241676 9e2c7ab0-646b-4a16-8d48-69de84eab95b, 3919 
228378 2406f8ca-c30a-4caa-ae9c-8c881cf9056d, 3919 
234337 75412b8b-4568-43cf-b667-6e51c1601d66, 3919 
359601 57534796-a5db-4e06-a170-695c1e90e83b, 3919 
390895 d511584d-4a98-4c16-925b-136af8bd6397, 3919 
249461 08b9dace-9fa6-450a-af11-d9f01095a058, 3919 
384692 08b5a826-a7ee-4844-856c-80be9b7b67d5, 8505 
307108 e6f5e331-c5d4-4555-aec1-0c0eea590e6a, 8505 
345486 93319b30-4306-4cac-823f-b48d39570b34, 3919 
8551 35fabe0c-1f37-4c21-8e68-eb32e29e35d2, 3919 
143800 1f9003fc-e786-484a-8e95-6dc5765047f9, 3919 
100918 bfff2d4b-30f7-4b82-8374-e36d4eaad4b9, 3919 
131482 d8c9d1be-3104-4747-a8af-727fcb493c2e, 3919 
57824 9cb0e483-7c83-40a2-a21d-e8f651397a9e, 8505 
64068 3a603dd6-a6c4-4955-9a55-8b91c13566ef, 8505 
245511 0367ac0e-0da9-4e41-a983-980ccefadc2c, 3919 
158422 ba54ed76-e84a-4f23-8c64-9d2e9d5272d0, 8505 
115941 4a249e23-1f9d-4279-aba3-3d0b65003e0c, 3919 
269396 d9c82588-f4e4-4ffa-81e9-b58115225eef, 3919 
363460 d2878811-7ae6-4494-abac-499f683bcb5b, 3919 
20687 2672cc39-45d9-4b82-8e07-4636aa1e2782, 3919 
198878 0b45bda8-bc96-4069-8c92-144a58871c9b, 8505 
81846 8dafa062-275f-4302-9a95-43ec488eb189, 3919 
334504 c8d8e0f0-53ae-4321-ab57-e21be21cbea6, 3919 
162344 613ef482-4821-4a03-afb6-6d4e6edea6a0, 3919 
266988 5d7a1715-d73d-4df5-8875-089ba8958428, 8505 
6243 83304a6c-47c9-4f3c-9371-af12c6ac4d00, 3919 
223452 a600d859-71e7-4b6b-9d19-8c1cc76c671c, 3919 
123008 d2266b49-9c6e-42f7-90a5-f44a4e194d00, 3919 
4745 04ed3b00-aaf6-4f1e-b849-cbd03227abeb, 3919 
229008 5d2f220f-5321-4b15-b4a4-2ddd7f3658be, 8505 
201770 eee6933e-b4f0-4b30-b947-7027f2eb980d, 8505 
42756 adc761e9-66f3-43a3-a2b0-75e4b08e221d, 3919 
265947 8b8896cd-ff8d-49ff-8497-8d240a1def09, 3919 
128682 e91cf5a1-9697-4952-8323-8ee208dca1cd, 3919 
275410 ec73928a-0d72-4c7d-b43d-f9f940d67fc1, 3919 
160203 283ddd0e-c03a-4239-a205-b0a27c56991a, 3919 
110046 5d3b3879-af51-4e8c-8b28-6c2ea3f01b52, 3919 
303662 a317faa3-2dbb-41f0-a249-025008b8dca7, 8505 
368925 656c4bc5-fb19-4f1f-bb06-12d722f2818e, 8505 
283098 690ef2e7-5901-4136-b8c5-52315238b8e8, 3919 
116531 46164530-6177-4860-89e0-55e4c4b7bfb6, 8505 
69910 437be215-8a27-4cf0-856e-0de662e71db9, 3919 
292715 b92f7cf2-18a8-49d3-bd7a-9143b40acba2, 8505 
205415 15fa627d-8331-4054-a388-2007be4c061d, 8505 
338968 fd871b8c-e778-469d-91ad-76a004d57545, 3919 
391046 a87a10f8-1f85-445b-81b3-747641fa6066, 3919 
218584 59878798-39af-4633-adfd-3a0f4b8bb6de, 3919 
186961 78f15911-6a31-4b7b-912a-eb80c9a474e4, 3919 
387163 1082dd74-4423-4fdd-8d4d-b3c5777427b0, 3919 
397826 32028035-543d-4efc-9035-024cedf23bd6, 3919 
242405 504f47f3-8b75-4f0f-9099-9f59109ad1d6, 8505 
378062 174ea45a-9a40-4614-98f6-dcb47975a30c, 3919 
24606 660d025b-efa2-4033-a1f1-f40817893ed8, 3919 
91807 b45e3b4b-f03d-4a58-8552-31f48f0f8b54, 8505 
296144 f6bd63b5-55d2-49b6-bd01-a75b2a46c1e9, 8505 
317338 9e3c4b4d-ff3e-492a-935e-1fd72dcf3485, 8505 
339801 7a2eb0f4-31d9-4d0b-953d-f277c032b6c3, 3919 
346374 4f969ef7-1965-48f7-9f4c-78510225bbde, 3919 
109204 47698f3d-7f31-44cf-9895-52be86293542, 3919 
173474 58da085d-c899-427e-acfa-a6164767f53f, 8505 
19378 78a1fd29-faab-4223-bfe4-1531140786a8, 3919 
201669 dc350ced-43ff-46ad-b5a1-4f7321eda154, 8505 
233040 0644ff90-d7a1-473a-81c4-f66c858c6d3a, 8505 
228581 52476ee8-5210-497c-9738-6dbab6a067ba, 8505 
118198 45945082-7f01-43ac-b8f3-1ee162a1ab7a, 8505 
18295 0786c1eb-ae58-4aab-95f0-aef08bbd41be, 3919 
1613 ce0471a5-0ecc-4940-8c90-f94198b8279d, 3919 
14386 79f2c3b9-7736-40ee-8be3-dcba4a521b05, 8505 
82931 932ba919-2514-4986-8aaf-6eaaaf89766d, 3919 
37734 f41eed6a-9200-402b-9b1d-f182bc046cc7, 3919 
43146 5f305ed6-1158-4160-9862-a0e0ccdf934e, 3919 
325815 63c9c4b6-a2c0-4f01-b665-17093d95d3e9, 8505 
92120 62b9e33b-b426-468f-b76e-ffa458830d02, 3919 
656 c861053f-986f-4368-b86d-133c0fc89ed3, 8505 
124767 2c100295-7410-44d0-b5bd-8fb8426267e8, 3919 
67859 3809a5e0-4f4d-4e85-a4a1-e19a7b3b2550, 3919 
128677 96ff782f-72e4-48c2-8372-64f68cbe1a6e, 3919 
50980 71a32201-8090-4c6d-9400-0111d3a3818a, 8505 
277516 0fae0551-04a8-4775-928c-6719b1f9b339, 3919 
299890 de3390bb-fc2d-4026-a46e-f146fa183192, 3919 
174044 3e32e1c7-9ddb-48bf-8c8c-4bca856f172f, 3919 
135600 3d38b5ac-2cdc-4c90-9df0-5a6ddbaf52dd, 8505 
16690 873e226c-0e20-4ae4-a4d8-3b9250840353, 3919 
261459 052fa95e-26ce-4c3f-8d0d-a67795d51834, 3919 
301914 a1cf5f56-3efe-4214-96a2-1454603cb75b, 3919 
360176 043c6e67-b9d6-4067-8e2b-e366bb5caa59, 8505 
125275 3b25e3c0-b327-4019-bc32-52b390837fd4, 8505 
57930 90b28bce-256d-44c9-92d0-a5d3ac63c167, 3919 
183022 7494f460-59d4-4d76-b7ce-0d062f8b4745, 3919 
196444 d7ad8634-7c9b-47bb-a370-f71e54d521fc, 3919 
322636 7431a21e-5c73-49b4-9b4a-dd99302e8059, 3919 
362895 79e50e4b-33c6-45f5-a948-41ae0455ad13, 3919 
69868 cb37d7de-d6b7-4c0a-9b6e-3286d6e6e0f4, 3919 
206979 b02ea4c7-0a03-46b2-b1b6-475ac8eadb93, 3919 
165249 fac3db39-998f-4826-8d8e-0ac9dc4b2f00, 8505 
348298 44b905fd-d8cd-4797-a0d0-da4a9ca136c2, 3919 
205221 aa55ffe1-81d3-41dc-8647-4adba7eed97c, 3919 
226814 0e33be2d-b908-454e-b344-113ffb6a96f9, 8505 
103464 1a5a2a07-2464-4d40-991a-c0a216efd7da, 3919 
293171 143e70ba-f680-4c09-a9cc-906c68627520, 3919 
65405 ab26459d-9c68-43ee-857d-342b4f1159a3, 8505 
234788 5bbc69f5-b6c3-49f8-8590-53ddb1685f76, 3919 
212885 ae0e297d-6389-48f1-977c-31b7b5859615, 3919 
338494 6da92eb6-c4c6-40ce-9fa7-8d685e6ed308, 3919 
181350 864b75ec-e389-4a03-bbaf-14e2cabe8c73, 3919 
25244 bfb141f3-405b-4528-b1dd-46f67d11cbcd, 3919 
66939 e176f328-a09d-4066-b878-a3849accb019, 8505 
151885 4d7c77ad-ccd3-4cb6-b1b7-bc271c320db3, 8505 
166870 154a2839-715f-455b-9a8c-0a1910817526, 3919 
391881 5ccaf39d-04e9-4bf8-a477-376edf9f41c0, 3919 
4949 822be315-76af-4590-8e6d-9d0c0dd0cc14, 3919 
224643 907b0041-248d-4ad8-b87a-e68589620958, 8505 
281355 952298f0-3c3a-43b3-b580-9208d0835e9c, 3919 
13429 cd3c3486-60e7-46de-8cf0-f95fa681632d, 8505 
219143 95de8fa9-f8b7-4276-b14f-9741ff784793, 3919 
237706 93db8544-0e51-4ea1-91d7-3dd842570467, 8505 
15310 ad288530-117b-4361-ac51-10c78d6f1c78, 3919 
117929 c8d05f35-c66b-48fd-a7d7-2acdbe2e6d04, 8505 
193093 87e9f854-b56a-4a24-be70-74211082c00c, 3919 
135741 43062fa2-cfa2-4268-bca4-2c18ca99bf18, 8505 
319420 31a5b01c-dfb1-4512-9fb9-3e49d1669dc7, 8505 
307412 a0d5c83f-c1d0-4d00-95bd-39741996e3b7, 3919 
170128 83e1cb19-ead2-4838-8e9a-73d843665c9f, 3919 
365513 ec32be57-8666-4d70-bf9e-8859cac2e52c, 3919 
67807 d6211caa-23a0-43d7-9d32-e68a5d3fe098, 3919 
153874 3d76ecba-be72-41c8-943d-07436743c100, 8505 
289408 feb67b78-4faa-45e6-a5d3-540abc059555, 3919 
156365 59a0842f-f955-41d5-a1b2-f549a2422075, 8505 
283269 4c371d2a-3958-4804-aa8c-1c7375cfd9d6, 3919 
185115 6ac3dd89-1de7-4660-9b35-9605b131aa6e, 3919 
248732 60358e77-18c1-4d15-8d1f-1d8a68964ed2, 3919 
69145 b6bdfb58-47d2-40c2-b23c-e56597b8765c, 8505 
104709 09412766-bdec-4516-9e32-60cfc5ee9d26, 3919 
353420 8091b29b-3b1d-4b39-a36c-4f41efd81b1c, 8505 
218843 07a1a921-3b94-45d1-8e65-22a603fab177, 8505 
333749 d2a108d8-f226-425b-b26c-509fa72cc540, 3919 
318166 e377a524-41ed-49fa-96bf-4e732949c10d, 3919 
385094 6c57f1ee-8b12-4d79-a9d2-dcb1d209f727, 3919 
70010 23b28273-f5fd-4f17-a182-9613642fab7a, 3919 
367439 14b57fd0-2f72-46bb-813c-bafabd1ecd36, 3919 
213935 8d1b6fdb-2362-4707-8241-78eacecb73cf, 8505 
47276 dba63b56-45cc-49a2-8026-fa5356e846cd, 3919 
64188 994b5cd2-56f2-409a-8757-468d23927de5, 3919 
340952 882abea0-433b-41ba-bc0d-95a68c6066e7, 3919 
379652 1ae4cb2c-10cf-4a95-bc1d-1dfd367bc9ea, 8505 
262156 8350092b-3c7d-497d-b3c9-cb04c30bfb6f, 8505 
73056 00cff56a-347c-4169-8e58-472491756cd7, 8505 
229286 b7a97282-e29a-4e44-bfa6-125c9990bbff, 3919 
394980 aabe1ec5-f24d-4a09-b69a-3b53a5d76070, 3919 
376693 873575a5-e759-4756-84a6-5bc93f3ae32b, 8505 
116305 3bc1a81e-14e2-48e5-b325-b732b8f266f7, 8505 
52671 7895f533-4ea7-4d27-9c7b-e9ea27adad6a, 3919 
258200 ba99b9a1-7848-4246-8bed-695eb8c28797, 3919 
63049 3ccea608-4d1b-42e7-8d21-d482e7b27489, 8505 
206373 dc89c12d-42eb-4f00-b364-c2712d5edc55, 8505 
81934 38903193-308a-48b4-8671-c6bfbbf5898c, 3919 
69161 6eda856c-94ba-43cf-ad14-914d54367a7d, 8505 
38331 f25bd0e1-e828-467c-a64e-2e5b8052293f, 3919 
391504 74102a5a-1f9b-458d-9761-8ad7323d5e5e, 8505 
38741 fd6dabcc-9722-4f96-89a0-8c56449e1eba, 3919 
272438 d84eea46-e4d6-41bb-b680-68a427bac02d, 3919 
31453 75429a96-3160-4125-b471-338461bad982, 8505 
329112 bd6c9c4a-848a-4460-9ecb-223bbf7f497d, 3919 
52759 0386e84a-5f50-4877-aa12-40a817c1236a, 3919 
125830 78cd9929-4e93-43ce-894e-f6ba1a0299b3, 3919 
144898 01d12198-298b-4b46-911b-786fb7621857, 8505 
216864 566e978f-3c41-461f-aa97-1562554e81b3, 3919 
61655 295c83c0-e2cb-4445-8a45-91097c3472a0, 8505 
313280 92caff7a-4666-4a37-ba47-32732db7f35b, 3919 
238860 cc4c8b5c-8669-446d-a2ec-a8d4b8c9e64d, 8505 
101380 57d3dc66-0380-4108-a326-8afc761b30d9, 3919 
51979 d3459e8d-f0ff-4dbb-a293-82a6d4b8006f, 3919 
267312 ec05c77c-647f-422c-aead-586e50f44bd5, 3919 
319971 2fd267a5-c9bd-48d4-a8f9-73c5b06a7f46, 3919 
292955 e2806728-c1b1-40d5-bffc-f3e309dbff38, 8505 
31914 587fe41b-ef0d-4b1b-9df4-57fc900257d3, 3919 
335940 118fd2b8-c3f2-47ce-bfcb-f99ef4face58, 3919 
163095 cd00e520-9c01-4536-90ce-e893b50d193f, 3919 
66392 b9616f72-c53d-49bd-9042-64281649c5ff, 8505 
70082 2152f6b7-055a-404c-8a6c-05f6791054ba, 3919 
69009 86bdb231-358f-4432-839f-f7f6c90498b6, 3919 
237960 85fb4a15-456e-4e11-bc93-41b50d688aff, 8505 
166797 3ff39336-7c2d-4053-90ee-dc40d685e2d2, 3919 
102377 045193bb-1104-45d5-9a31-f2c56bc64c85, 3919 
346536 804e53fc-474c-4ee6-909a-721c0da7d8af, 3919 
4471 cdc12a9a-7609-4be5-8497-9bb558b5814c, 3919 
216186 e1ebb37c-f26d-4b2f-bc75-57e37d82a100, 3919 
176891 20efb267-2587-4244-a5dc-ff320be1947e, 3919 
58827 7aa78c11-bd29-4995-aa9e-41b8e77400bd, 8505 
96918 651543e1-bcc1-4bf8-a88c-b829a28faf0d, 8505 
119766 0cff7636-26c6-4ef0-af74-bdd925485606, 3919 
302947 04dbb47c-232d-4a52-9285-508b00b8c0fd, 8505 
402068 799a615a-fcae-4248-8f2b-9aa3499edd74, 3919 
138289 736b6293-d154-4b9b-96e5-7ff81a2534d9, 3919 
357297 9e8495df-dee7-46cd-8d20-8158dc1dccfd, 8505 
257901 13cbffdc-9d07-4e6a-bf21-611647747d27, 3919 
336166 6c594885-1013-4882-87c7-db993d616afe, 3919 
92862 e89555a0-5b9d-4512-8f8c-6e303e4068ef, 3919 
152666 ae2740df-ed3f-46e8-ad30-5a97fbbcd695, 8505 
341822 2a308b01-e811-4f99-855f-e0cb97c32930, 3919 
69172 ebd0cf6f-82c8-4a39-9afd-d864c3a5a327, 3919 
171646 3699e313-223c-4a8b-814e-c9df7707c145, 3919 
160654 47e84855-d663-4a78-915d-b9818af71b96, 8505 
252203 47bcbb77-ca96-4424-95d1-7d53679bad95, 3919 
315756 a6b4e6b9-155f-47a7-a51a-7eb245ba46bc, 3919 
118935 2148e752-bf69-462f-820e-ea9ca836c294, 3919 
14951 a6089bed-74a3-4ad6-9678-266bf6e8375f, 8505 
245741 f6047429-745e-4574-beee-3cc0d4d32f79, 3919 
198188 a6e3749b-8f09-4f1a-8182-b5bdcb4bdd80, 8505 
329649 ea2f64c9-8e05-4e17-9de5-2ef50d7b8ef4, 3919 
80685 f4c8edeb-725f-478c-8e18-34b5b32d0831, 3919 
236063 a666db6a-3eba-4e30-87f8-e15260795b02, 3919 
235733 cf829577-14c3-4706-a4d7-43e1e2d9d9de, 3919 
330856 be13ae86-4961-44d2-853d-4f9ec8bf34e8, 8505 
295226 f321b2b8-6984-4a35-8f61-4583a366d1c2, 3919 
304158 f2b67cdb-aac7-4690-80a0-73f674073561, 8505 
160954 6942d8b8-55f7-4699-986e-1e278de8a554, 8505 
95651 c8d72173-5ce5-4514-8d6b-8fe384600b75, 3919 
94167 88cb5a9c-0e20-4693-af6a-b05b1f47945c, 8505 
43300 ee04c1d2-bdda-44d8-aa6c-d8945399136e, 8505 
210694 a888b9d3-fcdb-4e4c-95b4-9eb618f8cebd, 3919 
153508 35bf37ba-53e0-479e-88ea-889a38a0f3c8, 3919 
31879 819bd8e2-dd19-43ca-b9f1-033075b0edbe, 8505 
177406 b0262b88-fa5f-4d9f-83eb-7c1dd3bc9b07, 3919 
113601 7fadd0fd-d3a8-454d-aba4-d2c1f591a2b7, 3919 
194975 5a6434ef-70f7-43f2-9393-dc43222857c1, 8505 
389493 4d83ec79-a22e-4cd9-b2ee-5ab4ba428bb1, 3919 
39419 4a3ceb89-614c-4763-93d5-6478f7d2a245, 3919 
119560 95e8d92f-ee8f-4267-8ebf-1a325674c93d, 3919 
369419 48a198b0-dd13-43cf-9d58-0e68c3c2815b, 8505 
165276 5ec64995-5ce3-4051-9d40-93aa96ed2ad4, 8505 
74602 46181cd4-bd63-433e-b7a3-84f019e6f19f, 3919 
132779 ef922019-3139-41fc-bdd5-d6ed9c903cca, 3919 
64251 a8297830-c822-4d13-bd5a-91ddcd226e6b, 8505 
215465 9b32db1b-74b8-4d6e-a061-6e0ccbbda491, 3919 
267705 b140352b-0d9a-4eed-b0fc-aafe4238d7a4, 3919 
161616 e8bfd60b-9d50-4f14-8f46-0023ba9140d4, 3919 
318629 395b3fa2-5f7a-41f6-92b8-40c8aaa2c644, 8505 
272708 0e45f743-3b11-46dc-bf4e-95d1c9df3c46, 3919 
177498 6448aee3-4348-4bd8-9d1c-ba3c40a4a489, 3919 
214470 ca239538-9b2f-4725-9290-a765b95102dd, 3919 
26344 3ae107d7-38d8-4449-a494-01a9ef1efe98, 3919 
224693 100c001a-9441-4448-8382-b9d5df449a7f, 8505 
234398 24d8ebd1-7f99-42f0-976d-c036cbaf5f72, 8505 
84142 6ac921e4-0187-48cb-9a01-ca8315b8133a, 8505 
368854 1de9a86b-6ded-4a2c-8177-21f4c7b674bb, 8505 
316302 8800c020-fb70-4bdf-b071-d144139f7640, 8505 
224367 7e0c8832-fe3a-4851-ba90-c3df3cde1361, 8505 
103428 99123887-0d4c-40da-8a9b-4efe3d4966c6, 3919 
316976 c0c33564-1ff6-4ef6-b57b-9bf139534a22, 8505 
146939 303d3d19-e0af-4e2c-988c-22e712649a00, 3919 
313856 b1d790a3-79b1-4934-a556-45e9a79858ac, 8505 
14940 95530293-3b6d-49cd-988b-207a9bad13d6, 3919 
3584 9647c13e-3d16-43b8-be6c-f10c4966d1d4, 8505 
365340 a2e69e6c-2b21-4b8b-80c5-f4542ba2bc17, 3919 
1662 3e1c51ea-b8b9-4a2b-95f7-f3f467e22ae9, 8505 
272296 1cc48b85-85c7-44fd-b329-8d46fa929c83, 8505 
361589 5f29a464-76c4-4929-a573-0c853c7be217, 8505 
269858 4bebc364-06b4-4a6a-b705-d324f81a8b1b, 8505 
338023 7c5666af-a206-476b-ac76-392d557ab459, 3919 
33087 d1a3832d-0321-4c04-967f-167affb4e420, 8505 
63857 c901beca-6771-4f4f-a89e-65c060de5362, 3919 
390737 3d0faba8-dd0d-42f0-a0a9-7b9f8a144a2a, 8505 
100805 3bb37956-33c4-4ac6-8607-59dcce51fb92, 8505 
44566 5d680eff-bbd5-4947-b697-71eac6644322, 8505 
372607 d1cbca8b-9c02-4f51-a717-5ac6dab884d3, 3919 
124547 c1e65a5e-34bb-47d7-9732-25ccd1285d72, 3919 
188885 b30ad704-532d-4a4a-bbcb-70ec0121f66d, 3919 
403209 095f6405-49df-49ac-99fb-d37c65b8cb9c, 8505 
28848 27e1d5e5-5156-40ff-bf3b-0e6383d4bf64, 8505 
241446 105541c8-efb4-4788-a0a9-2c5b94259334, 3919 
214135 c2791ab9-4c5f-487a-8ba0-07bc66c6bf24, 3919 
56004 f377f7ac-eeed-4dc2-9ca0-17585629e519, 3919 
117855 46ab1d26-b892-4176-9a32-183e72ce2839, 8505 
343605 2970345a-dd8d-41f6-867e-26b4292623fb, 3919 
204751 44de0922-ee23-4613-bd72-c13cc9f5b966, 3919 
83088 c67d8011-aaab-4e1a-9150-b2d490a8bca2, 8505 
32694 41d7f4d5-17cd-4c37-9bcb-d088e26e0c9c, 3919 
281816 69ed04de-79c9-4bf4-9c2b-97246155bf61, 3919 
67690 b2811d68-47f1-44cb-96a6-a2367d10e438, 3919 
92942 1adde3e8-7010-417a-858f-c28eb2821c17, 3919 
15547 dba2f0dc-4fa1-4ee9-959e-7a79676a2337, 8505 
273128 f7eea78b-cb4a-4300-9e44-76ce72dedb8d, 3919 
354114 a6d827b6-8675-423e-9c1c-49de55cdfc0b, 3919 
30846 fc817748-96f2-403d-b7a6-e3f1b8838c03, 3919 
295357 76914417-d1ca-47bd-a465-c3336add26fa, 8505 
273214 e841b083-6347-42e6-a76d-9ed0ea17f3c6, 3919 
325701 c71a3df9-feaa-41fc-b857-eed555e18877, 3919 
133123 3532f23a-0221-4514-8e6f-70594bdac46b, 3919 
272257 0d708112-6fb0-46f5-90a9-57e548370e18, 8505 
330600 75276263-c098-4d22-86ea-5285e1eb8207, 3919 
360559 b935c87d-88f7-4cbd-8719-b7b3622ad20b, 3919 
132792 49a038ee-b7b9-481f-94b0-994eb5337ead, 3919 
357740 32db3cac-6979-4916-b86a-9352b0c6a1b7, 8505 
160632 b1d51027-6d37-4dac-a59c-c9dccf48514b, 8505 
30504 ae1f8653-f005-40da-ba59-925b424b32f8, 3919 
313704 e8090633-5dc2-4edc-be7d-f40a65693769, 3919 
63266 d5310527-369d-4e54-9936-78576118dab8, 3919 
205635 797fd78e-6920-40f2-aa5c-e409ab41df6f, 3919 
52624 5cfa0041-6dae-4fb2-899b-f20ec5dda377, 3919 
23321 9b5cb444-e786-4e5c-a01d-2a243ee44aea, 3919 
137659 b2dd6409-3e5d-40c7-9199-0767c46c60d8, 3919 
85948 3f405da3-27c4-49f1-9139-f8c05a5b4687, 3919 
366591 597e1291-6332-4289-94cc-6b7596ab40e7, 3919 
131254 4efa823f-0116-4949-9ed3-613deea58c54, 3919 
334593 24a60f46-4ce2-4051-9485-718e5db5295c, 3919 
21976 c60a90d4-e910-4ec5-bd6f-fa91cd8613b3, 3919 
117316 6fb0e973-1b36-4cd4-8afd-33c78f24800e, 3919 
144667 b2dc5e37-f1bf-4b3e-a56c-d1476ca2de0c, 3919 
310348 c8ab7642-ab6c-40a8-8bc3-975beef187cf, 3919 
290101 5c4aaee6-892c-411f-9ed6-5f2092450802, 3919 
88171 3da0320d-209b-42ea-994e-45e5143c2771, 3919 
245214 c26cf9be-43cf-4f97-8922-df5a2ffeec30, 3919 
195072 874149ce-52f8-485e-b57a-5bf870635b2c, 8505 
383802 d7cc8a80-25cc-43c9-bd05-b4306edba64e, 8505 
88936 b0efdf8f-0289-46af-a758-e79dd22d7c94, 3919 
187464 f481d1b1-2c45-4ed5-85c0-0618c2970076, 8505 
29581 f460352b-e5b2-4f47-b592-a030d5273555, 8505 
390507 dfca49b0-0b21-419f-be2b-10c90a1c1d03, 8505 
321455 2db3805d-10d0-435f-b532-49b9553e78c2, 3919 
136441 9e74e70e-5dc8-4dff-87d8-506f9822e177, 8505 
77811 f69b6aee-f77c-47be-9795-cd6a203decc1, 3919 
283680 61b66bf3-3d31-4b8d-bcc4-d034bce8aa04, 3919 
244411 3e0ce8c9-cbca-42c3-aa65-4c4adb5ec2b1, 3919 
249856 948d6542-5704-4f1e-ba02-434ad948e170, 8505 
322632 6c9aa49a-62fc-4413-9efe-0bfec8cc2574, 3919 
206139 7af42803-48de-4abb-a117-af2055a309bf, 8505 
160369 cb6f9df4-a64d-4ba6-ae3a-91c25e78e51d, 8505 
222939 721164b4-bafc-4c77-ac2d-289464599f8f, 3919 
20078 88a408f2-2161-4fd8-af56-881953e549c4, 3919 
65708 51d245b3-1b9e-481b-9df0-056056058b0f, 8505 
187140 3eb79b57-331d-4c50-b6d2-45a1608020f0, 8505 
222770 c463abaa-9170-4f7f-a99d-b9b071b0bbfd, 3919 
154651 a8fcc25b-0f46-4851-8b49-f2bb35530a60, 3919 
119642 de3e090d-a396-4621-bc77-fface99763ef, 3919 
170631 8a687ee0-8893-429f-af54-8a68f6634a00, 3919 
20366 e4a46df1-a854-4ca5-81c7-1e486cb05c67, 8505 
241263 f894b5e2-9ea8-4ee1-b6a0-fc6b74daf6f9, 3919 
235793 e3486a16-b9be-408b-ab1c-03cd61ef8e58, 8505 
29527 53bb6560-af45-4005-b368-0d320e012fa7, 8505 
238133 29424e80-f739-41e4-8aff-8f6bcbc04c92, 3919 
382681 dea6e865-450b-468d-8a87-92db3ad91ed7, 3919 
366458 15867e98-253d-4c5d-b1b6-c7e30038c39f, 8505 
127776 a178a509-59c1-4ed6-8c9c-9e118cde2c75, 8505 
324585 83fbfdd4-9322-4a59-bec5-691e10849888, 3919 
266429 21df4a92-e151-4cfe-8d54-fd9577a6fc39, 3919 
311699 6c5167e9-a85a-46ea-af14-edbdd0cdb99f, 3919 
348194 a79cfb91-310f-4938-a5ad-1ed65ba4a48e, 3919 
191773 a0268bf4-d8ca-4949-add1-bf170c51e2f9, 3919 
142958 90f84446-99ca-413a-9eb8-b510dba93878, 3919 
262774 87d244ef-3a1b-468c-85d7-5c6367e405fe, 3919 
168403 4a335573-4f85-4d72-b10c-540fbc501770, 8505 
318571 49a6f06e-c96e-4922-807c-9d006b5df137, 3919 
13447 1f6e1296-9eab-478a-ae0b-a7e7ec89cf49, 3919 
283965 1e6b7fdc-0381-4b06-9bbc-2d737065b082, 3919 
140473 9978a8f8-d0a2-4dcc-9e03-a58843fc7ac2, 3919 
286327 e3405671-3dec-48a2-9272-1c8a1c162b82, 3919 
146672 e7b3e121-f595-4955-8483-df60d67b89ec, 3919 
369133 2fea6e16-9ab0-40a6-acac-9d3f34cdcc57, 3919 
256936 efea219a-bfac-4b28-972e-017c9397fbc2, 3919 
38175 02be6c06-2210-4730-9b13-d7546fe0a6fa, 3919 
400264 e89bcac6-c014-47c8-a860-5eecde357243, 3919 
201498 9d8f25f2-f84d-4f88-8652-9d0cfa3a651a, 3919 
352835 86a358b2-2456-44b0-a036-cf3c322d2fa1, 3919 
138952 0a0cf35e-a1c1-4041-acee-7a52c2218d36, 3919 
11194 15d37b18-df11-424e-ac31-abd68731d97f, 3919 
113447 64e55199-3d37-4263-ba54-b2a523d6c44d, 3919 
70692 1eb9b239-5081-429e-8339-674f7b01ab82, 3919 
291659 0e53d931-12b3-4ea2-93a0-b00497386549, 3919 
359804 4d5431ba-4ce3-4c13-8780-8e3513ee57ec, 8505 
8727 9b97f244-bdf2-4a5c-b7f7-c4f5cc81ace8, 3919 
148279 1225acbb-7a74-4934-9d58-cdd8a44a62cb, 8505 
57043 2184d81c-6672-45f2-a330-2abcab1e74e9, 8505 
74031 de91a8a9-87dc-4419-ab89-7d2a7aa0bde2, 8505 
84102 b29aa347-6ea2-49fe-8266-8dafb3a6ea46, 3919 
161126 1493f849-7c5f-4409-8086-11690895fa31, 3919 
192099 a0a7c521-eba3-43a3-b54c-468a75a826ea, 3919 
122483 904f847c-ddc3-48b5-a082-bce56f6d8ae8, 8505 
1856 1bbbda4e-b01d-447a-952c-bd5205322846, 3919 
45593 217381e3-65c1-41ca-81e0-d08aa46e5d4b, 3919 
361280 be87b50f-e57e-4874-9ace-11e9791e7f9a, 3919 
365126 82654c38-9d74-4e8e-89e3-c5298fe04ee0, 3919 
256879 ae1e8af1-96a4-42f8-8555-a73d99e193e0, 3919 
326666 68742e63-1a91-4585-aa25-b24f90c1f0e0, 8505 
403755 a1cebb85-4bf7-428f-b02f-9174618ec1d9, 3919 
270944 344513da-02cb-4873-bc22-230e0f94070f, 3919 
202646 b4fd4856-1040-4067-a11c-b8a0e953e10b, 3919 
26027 bee30a73-a688-4ab3-b4ae-e641f99292b9, 3919 
401721 06fa81e7-9845-49a5-898e-dced900046d2, 3919 
144431 a127554a-9350-4e51-86c3-33a281c9577c, 3919 
19991 3b464d78-45c6-4074-973a-87bc184ac01d, 3919 
44139 044dfa17-e20f-4c83-ad8a-13b99813a34d, 3919 
386809 00380459-05c8-468b-a841-a3f3f5314ab8, 3919 
198552 3353a5fa-349e-4fae-8b39-a45b8964cb19, 3919 
367337 f8833df2-c74b-4897-8605-568b2866065e, 3919 
191263 22e9c066-e050-4424-ad90-ad8a5b4f59ee, 3919 
372800 7509e935-6d87-43c5-a48c-c3f33bc96bc4, 8505 
152949 88094347-fc60-471e-8a65-65002226728d, 3919 
237335 ba3cdf41-f8de-4a07-b079-73e6bc7a7984, 8505 
131692 b46669a6-aaba-48ff-8d6c-aa4c632fa2b0, 3919 
73756 c20a909d-fee9-4bb8-89ad-521c52bddc1f, 3919 
70815 454a6277-aa97-4220-b1f7-f1de1d726999, 8505 
255460 43a81267-23e2-4a1a-90f8-4986b5d09569, 3919 
359301 abaeb2df-bcc7-4b9e-bbf4-076788d847a8, 3919 
396471 fe40180a-b85e-4877-b094-9d383f190eb3, 8505 
133031 5ccdef42-5bd0-40dc-8aff-f71edb86541f, 8505 
114868 d91b91f6-baff-4952-90bd-e6d3871fbb57, 8505 
114112 fcff842a-35e3-4f10-a858-164f42173d4b, 8505 
349688 252e7221-72aa-47a1-a808-3ab9c42a5ade, 3919 
198623 f02a4bae-18f7-418a-97f0-f84b6e236187, 8505 
294878 10ebd6ea-0e2a-41ad-8cad-881a6714f3c1, 3919 
395022 c39ff465-0e26-4f27-9354-bb1abc73204f, 8505 
209250 61691c56-0851-4f96-9639-e1f517dd7638, 3919 
74744 7aa6e591-5da6-41fd-872e-a50bcc6f199c, 3919 
278246 d13886b7-550d-4e56-8439-94f04e474552, 3919 
36762 a982d798-8b9d-472a-91a4-41cc52f6e1fb, 3919 
138499 c38c37f4-9fc1-48ba-921a-7f27b3857940, 3919 
299652 04e7a56e-2552-43e0-bf8e-c56775df7a0f, 8505 
126067 be4817ed-e998-48f2-96d3-ca81de978acc, 3919 
266306 65f59dce-4543-4193-b756-d1eadff8fa3d, 3919 
285062 d0afd3fa-7600-4548-8b3a-6a28cb266501, 8505 
302249 eea2279e-29e6-4230-9a33-0c0a420be3d2, 3919 
276404 8771f7ae-a528-4d89-9fb9-afedc009c030, 8505 
324239 b0e9c7ea-a065-41f5-8617-a01815e850f2, 8505 
122516 3c1c2b1f-3aa7-48a8-8903-ca1d6fcf634a, 8505 
96479 86d3346e-0bd1-4f79-b2b9-dc46a26d93ff, 8505 
166951 81952a4e-46cd-400f-b349-0c85e3d0b4ab, 8505 
329086 f2eafbb9-e494-43ad-95ac-37cd5bdc463c, 8505 
363829 c4a89ace-e695-40d0-9022-008e1d53bc35, 3919 
355157 3ac164f7-7950-4184-8821-286e1d67d6ab, 3919 
65054 fec1cfee-8c01-43dc-ba59-008e0865f18f, 3919 
240287 090f1c67-74ff-4c89-a8cd-4763ad67f6bc, 8505 
104235 b2de16ff-6b05-45fa-9bd0-6e09fdd3a170, 8505 
367137 983a32ed-404f-48db-be88-8db4e7589641, 8505 
207169 d10e8231-0518-4ef1-bf4a-61750e7cdc59, 8505 
17877 d839a711-ecf7-4b4f-a9cb-f2a73229e7a5, 3919 
287045 8e9e2d06-ff24-4ea9-ac80-92eaf5d55a8f, 8505 
212883 26cfcd97-a3e9-4ef2-a8cd-f0be5a4930e8, 3919 
202567 9dd90781-9686-4bf5-83a6-c2b6f0fca38a, 3919 
223894 daaefe44-44e0-4899-ab84-9f2a8ecd99d7, 8505 
41307 2e7806cc-58ee-4b2f-b981-e7dc1bce08f2, 8505 
145516 a4667bdc-d517-42b2-bb74-f73dafac1b77, 8505 
90368 99ba548a-00ce-43d0-84a0-20d887b19ac1, 8505 
8078 1155ea62-660d-43fa-abad-be38a9df5564, 8505 
329329 3b783b69-3e23-4717-9116-de833eca136e, 3919 
85089 6ed6f646-05a4-43d1-afbc-70a288b70e0d, 3919 
384426 c57f5207-9ec4-4c51-8b70-24999fe6b49a, 8505 
166221 592f16d3-8ebc-4910-bb90-0845529fd5f8, 3919 
90685 2f6f3a9c-2d39-4897-a998-a65a8e386543, 3919 
168193 0bf663ad-3875-4ba3-b506-e9e421bdfbf9, 8505 
206779 f6048fc3-323b-4bb1-8288-71ae2c4d6128, 8505 
16510 5638b36d-2b4e-422d-8742-ddff228f6c8f, 3919 
126214 094d8e63-d274-4291-a26c-bf70abdd87fc, 3919 
325130 32fbfdcf-e529-4bf8-9aca-7eded027c1a3, 8505 
363751 9dc40b7b-06f8-4210-8aa1-66166d4630ec, 8505 
80734 18697e45-5b79-4951-a2bf-6e687932a1b9, 8505 
229030 18dd0f81-e990-4b04-b876-ef211833c0c5, 3919 
98676 7eb47f3b-5da7-410a-ac29-6ffd694d2afa, 3919 
130548 65b0f2e3-80bf-43cb-ad6b-21aa34f37d7b, 8505 
227230 42589ed6-c418-4757-83d2-ac0f5a5bf7d2, 3919 
364338 433be6ae-377e-4d77-bd9f-3a6fcf227e3b, 8505 
146142 0bf6de57-7175-4d00-8c36-206de34e28fb, 3919 
302596 8c0e754f-8d77-4f74-8874-d6fc76515dca, 3919 
322640 9560604e-9d17-4dcc-be5d-51d22a400cf8, 3919 
208325 2218c404-64ca-4dea-94fb-1e425a99ddc6, 3919 
302985 3706e8e9-65f1-46c5-85a8-50289d77306e, 3919 
113110 d017f5f9-02e9-4bdb-9833-e4d56197f5ef, 8505 
74270 5fef0012-9cf5-4e27-927d-bb62c25633b2, 3919 
12270 b7d399d0-bb9a-4510-9bf0-4ba6f5f50611, 3919 
136781 4589c7bc-d0a8-4be3-b479-9ee74b6adbab, 3919 
333108 a06d068a-0b7f-4bd3-a2b8-091a7aae5488, 8505 
26865 37d17f9b-fc71-40f9-aa5b-44a139f52e93, 3919 
269690 341dbd0e-e1ed-483f-9fd7-5ebb03f6c832, 8505 
337427 a2df2050-a669-4e6e-adf3-22f68239bfc1, 8505 
63120 3ac49904-ebb9-4dbb-bc08-cdfcf4f63f28, 3919 
236674 4405bd67-389a-43c3-84cf-42a65e5ea38d, 3919 
209071 fa8d626c-1189-4923-8585-1f79a7c88695, 3919 
118418 c137ecd1-d2dd-495d-bf10-bc127be75a6d, 8505 
263096 a4e643f2-698c-40bf-b86f-98343b5371e2, 3919 
154194 df285899-9e69-438d-bc8c-37621e26a299, 3919 
215209 e4091b64-54e1-4c8a-8ad2-817f9a6f7148, 8505 
303412 190c71e3-362b-441d-97ba-3f9444fb933e, 8505 
28343 179c6306-b8fa-490b-ba99-b139b2e79cd0, 8505 
183579 003b94df-620e-47ad-898d-a81a299a27a6, 3919 
169279 842c2551-7a9c-4328-b16f-29c397c3305f, 3919 
355939 34935103-33d7-4518-a150-e377272a65a2, 3919 
220162 3b29510d-df0c-4ffe-a45f-e5e16eadf018, 3919 
67423 e924e652-d980-4f9c-b411-d02f50760424, 8505 
156128 d2e738c8-cd7e-4227-b33d-749bf5f27a28, 8505 
179619 31627f6b-a1e2-4603-971e-634817876634, 8505 
133679 c9907ab1-08ad-499f-8aef-bd9214be3d36, 3919 
207745 b469b639-11b2-4788-8e04-a96c8a311b5e, 3919 
365030 c16df4d0-ea82-4c11-a2c1-27edf7988a97, 8505 
108287 641907ee-6506-4158-9e41-38bb0a6e8e38, 8505 
131460 a547c667-f2ef-491e-bce0-ac7836b1a6d1, 3919 
374449 ea3ce183-9cf8-491a-ba12-9aeb9e25c8d4, 8505 
313986 65e62914-acda-4d36-84d5-2d5031b5c67f, 8505 
37105 84370994-02f6-4cdb-8e9d-17609e331d51, 8505 
266349 ce36cc96-b928-46f7-b8b6-7bb9eaf0a1c2, 3919 
381596 25ecc96e-506f-4334-b2b0-53a6d6dd1b50, 8505 
287728 2d0cfee6-2de6-416c-8e62-f4df6cdf7a32, 8505 
185535 6c92617f-b00e-491b-8e55-8596144a6d41, 8505 
132698 e8de4d11-6872-414f-a5f0-f177e959b526, 3919 
107358 8fe4dbdd-937e-457e-9455-570baaedd99d, 8505 
117835 212b5da4-c9be-4f6c-8fa9-fb971a437b27, 3919 
356228 83eb138a-5ce1-4bf3-8f0f-1359d5262d01, 8505 
146189 a3ca8815-3c9b-47c3-8edf-bed2ddebb7f7, 8505 
6086 34726137-7ed6-4e60-b10a-9715cdcfdebc, 3919 
57915 e1b45045-f0b3-49b4-88f8-4605b1acbb59, 3919 
390076 716ba2ac-0f78-4011-aff1-d969397b030e, 8505 
307026 ffd94bd6-7a97-47cd-9f56-37f6f0dcb9c6, 8505 
349248 94c00973-b741-43ba-9a0d-934f8d90c25f, 3919 
251865 136fbb14-6996-487b-afb2-49c48de873fd, 3919 
71060 18102e80-733a-428c-88f6-bc73aa6ce273, 3919 
38494 fd86b036-a632-4bc6-a705-c586758c4d7e, 3919 
281401 edc46d43-c339-458b-b59c-ea80b05e6940, 8505 
12565 762c7139-1e76-4303-a9ca-9f64932e778b, 8505 
297604 fd621de0-d742-4d1c-b0ef-5370de35a090, 3919 
166696 b1e8093a-7da6-479b-8b25-35bcaae60158, 3919 
364718 e6ce8a6a-4ec1-461d-a7c0-fe0169b1957d, 8505 
53275 04cf1083-f722-4859-b745-7a903178cdc2, 3919 
138424 8e95ba86-72b0-4cd5-87e2-e81ebec63e8f, 3919 
301117 c22b7e07-7601-448c-95a9-f38525f31292, 3919 
198345 7a765204-5921-4d2c-a30b-131b8f4354c1, 8505 
130839 97b2629b-36b9-4a7d-8690-6aa003939c21, 3919 
178324 5667e3fe-5c51-4124-a2be-0f06706ac47c, 3919 
353283 70cef9e7-2773-46aa-a0a2-cbb59de18c6e, 3919 
339732 3ade7753-6d8c-48cf-9dcc-2eaadd3c7a49, 3919 
384340 b48c40e4-13e6-47d8-8732-dda4e5176a3c, 8505 
298631 d2ec98cd-c162-425c-9a28-ecaa12ca394b, 8505 
138749 3c96d0c0-ecf3-4953-869e-edad49e81edd, 3919 
375827 b5135e37-9b10-4546-b786-48bdf32e7bba, 3919 
234340 df79f680-073e-4751-b72c-ce9596d349a4, 8505 
181533 4f491a4f-94dc-4c76-a60c-8b8534f498da, 3919 
392300 1b3221ea-8275-4cae-a0c5-3f8f7eb2c1ff, 3919 
82252 b8f431fc-c7c3-40d3-93a3-3e1b7dda64dd, 3919 
239337 a83b063e-d9ca-4fe9-90e2-0c6e1573e122, 8505 
225283 b06b0a9e-2512-40fe-a604-4037f2b55fb0, 3919 
172022 e624305c-205b-4e80-a7c3-1a5f79ab1c27, 3919 
168428 05220d0b-c34a-45d2-b7f9-5f07be68cc3e, 8505 
363021 7fddb3fa-25fa-43a1-8f43-2fd5b21df8d4, 3919 
221753 4a940b77-0885-4f3b-bfb6-f4c02d651826, 8505 
149331 e9043ff9-9d66-4483-b7c8-1e6744be5e37, 8505 
203693 0f81e6b3-b9a0-4aa2-9795-5a2961fc344c, 8505 
143522 f9cee656-65a8-470a-80bc-8bd17a6e03fc, 3919 
129022 f67afd96-99ca-433e-b04a-47fc0b0c0cea, 8505 
364720 86615850-5532-4e78-84f7-71d6e8393e09, 3919 
106168 92624d54-b75e-4d88-8871-bf603ea2f693, 3919 
164670 8597906b-4ff2-4107-98eb-65fee169f26b, 3919 
209426 a8885b32-c6d6-4119-bfa4-efca69dd4d4d, 8505 
140990 ef5637db-c67f-40fd-b363-58726ed43243, 3919 
361189 710d2a84-f8ba-4697-a98c-2862546d1adb, 8505 
89684 e66434d3-a654-43fb-9389-edf5c35d4eaa, 8505 
166039 2de2994b-d6ea-482a-b252-8b099586e26c, 8505 
23677 e17bb761-a5b1-4a0c-ad14-a50a8bccd052, 3919 
162698 1ba149f0-d572-4a7f-8945-0ce6ea433476, 3919 
252334 1b106af3-9016-4191-9a48-f5a8feef14e6, 8505 
224710 1f05be6f-101f-46a2-b5c6-a0194c0d0dbf, 3919 
401874 6561ddc3-2d4e-4d62-9919-0e1e1ba07359, 8505 
177215 8be417ad-de47-49c3-90d5-6c84d5aceb39, 8505 
309684 3486ad6e-359a-4619-b043-b8ed787f54f1, 3919 
143866 11a207c2-dc40-42bd-91c8-e0a936471fb6, 8505 
328320 43ed00c5-c7d7-4fe2-99f8-96964b1058dc, 3919 
254059 6013a68d-bc2e-44de-a84f-503cbe291afb, 3919 
345186 50f8fccd-5ae9-4581-98cb-a26dcbe37f12, 3919 
260296 6fbb6dca-4c88-44d2-af42-5bae8e27f69e, 8505 
403243 34bec3a8-6fbc-4a83-980e-96160d644f96, 8505 
383653 02652d4e-999a-4012-98ae-d4e84e8a4dba, 3919 
135267 944261b6-f9e5-4f81-ac94-8625bf2bc6bf, 3919 
367736 97e9f72a-a181-45ac-b998-fe27deb2008d, 8505 
53824 8fe94be1-5b00-4d24-9025-8ad74df602a6, 8505 
116274 347e5866-0fc6-4427-8bcc-77353b34dd3e, 3919 
57514 c5230a35-b6bc-47b2-9f7e-f00ca46e757f, 3919 
373257 3d107dc7-055f-4794-a464-267d2fe6708f, 8505 
31415 cec41f09-dc10-40f3-859d-5340bce3c772, 3919 
384135 75ad3000-232a-4403-a5c0-b6056841e483, 3919 
259627 797a9964-4de3-4922-861d-48575e857ac2, 3919 
396138 823eaafe-4ea1-4633-a373-4dd32e93c4f2, 8505 
201255 d196a5d8-3c05-4c1c-8879-abbd3f9ed72c, 8505 
333537 1d20b593-f863-48b9-ae55-6cfdad16772a, 8505 
366102 b426d400-1e3f-4d7b-8d9e-fa1343a9c6d1, 8505 
257537 c3a55ad9-e857-45cc-a364-7d6647656e28, 3919 
271366 f5417585-5a55-4614-a779-cb0c272a8c9c, 8505 
303764 f1fc487c-e5fb-4b32-973e-594116cf9ca3, 3919 
302876 c568de58-6854-4047-9574-817a8ee2e998, 8505 
158359 ffb83174-488e-49e5-8f01-6ea861a88554, 8505 
305456 04c60ae5-c45b-40a8-8c36-6abf1bc380c1, 3919 
339022 82d808e3-e15e-4e01-b80c-7ef892d5b16b, 3919 
292348 5175419d-c2cc-470f-a849-c04ee019e512, 3919 
102879 37c67a3d-30f9-4708-bbc0-cee007900648, 8505 
189579 dd231b37-5c39-4d84-b5ce-437d465e3dff, 3919 
90396 249f9fca-e0f9-4abf-9738-1ba54e91f294, 3919 
240682 b1f9be38-783a-444c-8f76-04de2ac7e0dd, 3919 
367871 5cb10327-8ccf-4db7-bd3d-d5e22dcd5148, 3919 
230654 2fd545a7-52f8-4e74-b649-cf3bdd3db0c8, 8505 
314622 8c6be85a-9b09-4a7f-9e54-4ca34577598a, 3919 
1346 62d2888c-45ab-4f51-8aa5-330de6974d94, 8505 
348575 cf9967e9-2e47-4816-a759-b79ddc793d24, 3919 
337304 df16b3e0-94ee-47b3-af9a-065d99a7e735, 8505 
56139 96a5aa5e-b4e3-45ad-8292-59804f9c987e, 3919 
8795 908ef917-08ff-43ee-99c3-db373efe3b75, 3919 
117157 9e61b206-a625-405d-87b9-e73bbbdc0579, 3919 
257066 a89e3964-218d-4a35-a6c6-05766eb04653, 3919 
164872 ddc78d6b-1ed0-4438-a809-4bbd35ab5307, 3919 
39104 f1b09fb2-38b1-4962-b9ca-b7924134ef7a, 3919 
79981 33a076cd-008b-4eb9-b3e1-e9e814573f40, 8505 
239535 971ee7ff-6ce1-4ba5-8146-85d9616ea9c2, 3919 
179165 dfbe4d2e-6b52-42ee-a667-856d9ff858e0, 8505 
190743 bc874291-c93e-479b-b979-c5f16e70299c, 8505 
47469 b227a952-7b40-404b-b82e-78176dd1a1a3, 3919 
274605 05f79736-57c3-4c51-b4b7-c25daab3fa3f, 8505 
237982 8c26596b-feff-40e5-ad93-a65cb004f340, 8505 
69899 cfcfe450-7435-42b2-a4e5-69ae6cae8054, 3919 
201413 1c543453-4f05-4785-9ef4-a9ffe19877c9, 8505 
326609 9cbe1807-8dfe-432b-a1b3-b99f75d2781a, 8505 
150155 31744ebe-18d8-43c1-ae27-2b27f7f12ddd, 3919 
288906 a601681a-f06c-4858-9c65-ebf9ba7ad24a, 3919 
63371 fe48ef50-0d58-4b84-9d6e-24509de9fcbd, 8505 
194442 7b6714d8-9921-4700-b099-e68d03a56e99, 8505 
223247 c6d36b69-ef8c-4ef1-95b5-71cea8b656b2, 3919 
169541 25534d6b-f9a9-4f47-8029-1b6edbdaf85e, 8505 
333688 daed5636-29ac-4faf-8103-f99c7aebef58, 3919 
156300 3dff1e55-d230-4e79-a622-4001ae90032c, 8505 
23117 a7ebabef-636c-4889-a14a-ab8abf3a10db, 8505 
278122 71253430-e330-4b4b-924e-6820cb8b0535, 8505 
133910 b95d24ac-749f-44b8-91ab-d3e37ef38d93, 8505 
310543 cc195cef-962f-4185-8b81-c2c07843756a, 3919 
28957 b5cd1cd6-76fd-4c4a-84b5-b9ec95367f5d, 8505 
316862 473e125d-a083-45ef-a05b-bd4d65cb6ce5, 3919 
26293 43aa9fe6-ce67-4ea1-9726-264b880ec64b, 3919 
87356 e019f719-94de-4a36-b49f-6e3dfe83a72a, 3919 
299488 da438655-0049-4464-bdb8-0c1b9b4a8cb6, 3919 
296720 4c2efee8-8f51-473f-8b90-49dcb2619505, 3919 
373901 37288127-0656-467b-902d-4928d41182fd, 8505 
226090 bf845234-69f0-4cb1-8d79-e88087bd96b5, 8505 
46081 d91321ec-c098-4b75-baff-5d7afc748d7d, 3919 
208560 a9bea73f-920b-447c-aa52-07fca46fc27d, 3919 
118250 1cc8c1c9-6b20-4b34-9261-87bcef2c6fcb, 3919 
63126 66d36afb-2671-4034-8a95-084ce81bdc3b, 8505 
271886 624353b5-dc6b-40b6-9a24-45697cc9e541, 3919 
47732 aedb7806-aef3-48f9-a055-c83b2c92d368, 3919 
350918 4420ec9f-cbeb-41cf-8535-4d04fd4d3f43, 8505 
173448 28342433-78e1-4345-936f-7ac1e2607978, 3919 
111752 111c1dfe-47f6-4220-b34e-1daad1a7363e, 3919 
283325 fc568ce5-9899-4c4b-9044-acedbbdb3cf8, 3919 
378334 96246db0-a359-4f95-ae9f-b83e06b4ab22, 8505 
68348 72e84e16-e5a2-4f7e-ab3d-7e1022383b1a, 8505 
67509 b853d453-5ac4-4ca0-a251-6f57e89b7710, 8505 
389595 6d872e80-02c4-4933-a3ec-0ddacdf095ed, 3919 
321638 d6f6b1e4-d40c-4891-9360-efd706e5d34c, 3919 
73435 0c1ebd81-a491-4b77-a188-be22e2e662d5, 8505 
130458 efa3a303-11da-4684-8ef8-62204bc256ef, 8505 
106788 51675b05-c59a-44fe-9c54-0aa7968eb4b7, 8505 
239816 ee97b8b2-bfc7-4e20-b083-280d6920312b, 3919 
278635 7b99ec18-b7a7-459d-a08e-5bd284696076, 8505 
187028 60d1fc7b-3fd6-47e3-b895-6366e490b096, 8505 
305923 e74302f7-eb17-46c0-b2e8-438264069ac2, 3919 
317484 88e8322f-dfff-40b8-a42f-0df0e7e9a6f8, 3919 
87865 f1ae2c0d-7185-492e-82f2-872562019cfe, 3919 
82712 154cb166-e546-41b7-8348-cb6ce0fb1b00, 8505 
322575 bddd0f56-eeee-476d-8477-90056b0d0c17, 8505 
312260 fca6a186-bc91-42a8-b7d6-418fc7a400cd, 8505 
61202 a00ab6e9-832c-47fe-832b-829d49f5e7e2, 3919 
385012 80b9be30-e3df-4417-b162-178e2e3a64d1, 3919 
207911 8106318c-5f68-4b58-acca-c3b229e90928, 8505 
187083 ae349f82-9e26-4547-abd9-d5a858720252, 3919 
100530 0eaaf30f-2d4b-4763-b297-e11b9ac410b5, 3919 
324618 5ddde412-e4d2-4309-8b94-f968950fd934, 3919 
76740 24b7e9cd-3df9-4ccc-afd3-819271f37372, 8505 
3951 bbb35fb0-1196-4af5-b084-8abbba67c0b0, 3919 
86858 1d4502c9-7a8b-4082-96ee-49786c20501c, 3919 
19711 788d9d09-aad8-41c1-8e2e-ce011e783e3b, 3919 
29958 99025d26-09d2-43bd-b963-a2f3d87e02f1, 8505 
119906 3aa55610-7faf-46f2-be11-832469692f07, 3919 
173183 d83598ce-e19b-4498-b011-24ae01e09b61, 3919 
347651 f319d15d-7712-49b6-973b-bf55688c9c01, 3919 
246207 d16df6bf-899c-4312-8760-80f871d54b3f, 3919 
216942 8ceca08d-f381-401d-8787-59c227b159dd, 8505 
155868 daa53676-9529-4bda-ae95-a2bd962e4a69, 3919 
289285 7076a133-78f6-4f3a-97bd-ecb0b4eed7e7, 8505 
398874 69a2b49c-cd39-4b1b-bb7b-b7110b3d64d4, 3919 
328548 191fc3b7-46d0-48eb-b9d8-9a700c18e08c, 8505 
201518 24d753b8-c956-4c2e-92fc-9ab5b993f189, 8505 
54101 42144d6b-dd04-4eaf-acf8-2ec55a9624ad, 3919 
125759 5920366b-c41c-42e8-beac-83f54dc4b110, 3919 
44184 4eeeefef-90b8-488e-affb-7a3357476cde, 8505 
274917 c0e3a910-a320-466c-b452-c95d407d7c2e, 3919 
233938 d4db3bad-7355-4fc9-b219-7a531e222151, 3919 
235231 960a28a5-863e-4962-8231-4b24795bbbb7, 8505 
249737 5f4882cb-492a-44c8-a578-25f67b2a7177, 3919 
14740 8d241a21-7f76-49b3-adfc-5cba65ae3094, 8505 
33722 fc8e7c80-4dd1-4ce3-a19e-a0f718c0e95c, 3919 
18694 21d6e963-c6b6-487e-9fd5-8043ed3bda84, 8505 
360385 39a15f19-2e42-4c8e-b276-60a012a66bd4, 3919 
26653 e401bf61-1010-4751-9fed-4d465105f4d3, 3919 
257836 76f1102a-f151-4c18-aeca-d3e1b89993e4, 8505 
39564 4a5af9bd-852d-4042-a76d-9cae5f1c385c, 8505 
34275 09bb87ee-0c90-424a-92b3-e99e454fb4d4, 3919 
19366 7005f6f4-638f-47c5-84dd-054666c43adc, 3919 
34789 e33d67f4-c2ca-48df-8d66-c6bac0326da7, 8505 
326566 d76f419b-d51f-40c1-a7c8-b35e5269966c, 8505 
68236 e4537cc5-48d2-4b4d-a7ac-6836795ca410, 8505 
35249 4cc957fb-eb80-4fc7-bd4d-70f155b3ee14, 3919 
386668 c281d669-2a1d-4970-b611-e89ba3b85b4f, 3919 
259005 4f86f893-8466-4d62-825f-25ac14e88ff8, 3919 
275407 902d7137-b15f-44a4-8f8e-11b78749a3e9, 3919 
242876 5e84d49e-6588-486b-a10a-ff611a8286a1, 3919 
398778 7a758883-2589-4325-88b7-4a3e20341a72, 8505 
54060 b1204fe1-2399-4f12-8f4c-ce2c78b15bd4, 3919 
403982 4b61170f-a647-4629-95b1-fc31061a4fbd, 3919 
360234 02651513-e714-49d6-82ad-19da64824585, 8505 
260629 f78da932-f993-4eb3-80b5-44905e40cec6, 3919 
71670 b9ff0d58-7d94-402d-b5c0-0249ba107d4c, 8505 
215805 30e46e3f-86d6-4c44-8a82-166592bc2784, 8505 
362620 c34ba4b7-bd71-4901-ba60-e7f9e2b5a812, 3919 
179260 f8c956bb-e801-4691-a113-de220d1d5eaa, 3919 
76626 ecef4f98-e04d-419a-8b49-37a6f3c74ad8, 3919 
256055 915e9860-055c-4360-bdf2-a4a5b7956169, 8505 
94948 f341a8d7-9e30-4269-a2bb-de867146e932, 3919 
13121 0fb06132-4c32-47cd-93da-92dda437e304, 8505 
396409 31c7f12b-616a-4868-a544-f170ff99b049, 3919 
14410 ed68e010-5a20-44df-ab45-fed08f3af99c, 3919 
218403 2a3b587d-d204-47bd-a200-9ceaaf33dc89, 3919 
318781 e83feacb-a77c-4750-884f-ced489bbef45, 8505 
49799 3405cf8a-9365-43a6-9f63-108e8cdd518e, 3919 
368450 f41f17a3-9633-41a3-b90b-9a5278ee7624, 3919 
251638 973a492e-baff-463c-94b3-b371cda6c6cf, 3919 
239079 6e7d592c-df2a-4a8c-99cb-38f61131b159, 3919 
111965 1ef62ded-734d-4d79-a285-140432e09d04, 3919 
234945 c730e0ec-dd77-4e34-a140-3755fbec2964, 3919 
83960 e2cd8110-653f-4754-9760-82195d3bbdf4, 3919 
375243 02e7d72b-b08e-4778-a73f-89166f6abed7, 3919 
49724 a17b42fa-e1ed-4e08-afd1-7671f851a1d7, 8505 
244792 1bed211e-b6aa-4770-a5c7-adbd2ed257e8, 3919 
337652 707d116b-cf11-436e-8dd5-b7612440c1df, 3919 
186164 a2df4290-e2ec-45ed-bcbf-a8ad1fbd7d41, 3919 
278669 0f746710-62e7-4a2f-83f9-3564cec26e82, 3919 
221707 4562c96f-298a-4d38-9fde-6f1f2d61707b, 3919 
303352 4b37e51f-faae-42ca-907f-628b5b2de67b, 3919 
116118 ab315878-e898-4e63-85f2-7c9300cc940e, 8505 
229284 e28067e4-44cd-4e18-8786-d772108f9d50, 8505 
334741 59509ba3-cea1-4a50-b4a6-23588a195a7b, 3919 
342023 8b8088f3-4d6d-45c3-93e3-38bca0064b5b, 8505 
120922 b6b46006-6815-4249-9fc7-403ff3e29b8d, 8505 
392776 0c14e79a-60f6-41a1-b833-c17b75eec1b2, 3919 
287901 a06ae089-e16b-47fa-86f1-0787e3b48dc9, 3919 
20997 937075d5-29e3-47b8-9915-c97dab90641a, 3919 
112655 8d4cd24a-bae3-4889-a9f1-b364523e2843, 3919 
392342 104df18d-d7ef-45e6-bb24-e93d4db2ef1e, 3919 
227572 3dcf8d4a-e112-4729-a09d-ec1530ab6b82, 3919 
102795 1674b33b-a230-488b-9617-a40410846519, 3919 
89567 f405c2f8-69ac-4fca-ab64-7f794d772efa, 3919 
377189 d87b6765-f430-426b-b886-8a00651b1bba, 3919 
363143 d717870f-3f79-4384-b22f-3e216af6c88d, 8505 
382576 19bcea17-e053-4db6-aca8-41284f79abc2, 8505 
153127 fd179b73-4267-4e2e-af6e-37ac71131c40, 8505 
218295 fa5db6fc-cde4-4595-baae-6b8a6f3d6400, 8505 
190548 35dd72b6-a2db-4408-93af-44da33b2f7ca, 3919 
197626 9a9968b7-3e54-4799-b745-763cfb99a247, 3919 
330425 604475a2-266e-466f-955f-1cb3ef76dd20, 3919 
396381 a203d3c5-0b78-4a5b-a4c7-4a8c3ae3bf78, 8505 
17190 8fb3f0b1-caef-4608-a8c5-72bd58fe6927, 3919 
306294 5af2419a-1efe-4359-8c39-c737de637a3a, 8505 
329754 b1170889-a4ce-42c2-8904-694b98fe21f2, 8505 
10243 9d9ebebd-ee2f-48ff-b7b6-fa34262c3eba, 3919 
306318 129a702e-33d1-4294-ba15-049f9b79e049, 3919 
86624 9648bd6a-019c-477b-a09e-215f26735c69, 3919 
237655 0baae3a1-4c3f-4047-a1ce-7213424a6b21, 3919 
184217 6a4ea989-4bda-40a3-b821-938efdbb19fe, 3919 
327 91604a67-312a-4906-925b-c472f2f99235, 3919 
373511 44455ce4-1ddd-4823-b4af-9db57afddf54, 8505 
359825 c229c62e-9485-471d-933d-d4497a92226d, 3919 
326791 99b9c70f-476b-4061-9c30-e478cb20cd81, 8505 
280051 33c87393-d735-4ee2-88be-51c6ef9b8b80, 3919 
61625 c4f6839d-c97f-404f-b763-ee45bf083039, 8505 
184845 20dbe3c2-8ae4-4995-b7e7-7e052ed2354a, 3919 
380969 9bef1fa2-3d15-4357-a34b-bc13009210ef, 8505 
403974 e625a0dd-764f-4d18-b3d8-10acda934bba, 3919 
24243 948b62a4-711b-4997-a352-e94ad18d52b8, 3919 
355584 e800b105-55ab-44f1-90ea-2b6c6a231621, 3919 
209626 6ffab14f-ec44-40cd-afe3-f7383e3ba5a1, 8505 
131282 bfdb1bf7-f5c8-43c3-9bf5-227012fa267e, 3919 
132645 1c014850-6539-4395-a425-4a793fc3931f, 3919 
306256 3bd3e9ce-aa70-46de-9b49-cc1a8d2a2dd9, 3919 
282741 d3834208-9a96-4d90-a7d7-54ba5e8c07fc, 3919 
9278 fafee451-1864-4d9a-bab5-05b234952608, 3919 
274151 006e7492-e983-4526-a6bb-55d1fcfe8e3d, 3919 
69785 2b699af6-007c-4d09-89e5-61416fc6986d, 3919 
359354 c1797760-9c08-4ea1-8db0-b99644511d0b, 3919 
199738 424e50ab-b352-408c-bfb0-b8674291dac9, 8505 
399534 72aa4338-2d0a-4285-b849-444a51f2720a, 8505 
295907 70283698-1564-4b62-b4c4-6880eecb960e, 8505 
37681 b9d90dcc-bebc-4da3-8cc1-26c968958257, 3919 
198201 7210270e-63b7-4d49-bd87-180d8db00d46, 3919 
179906 05d15f22-339a-44e8-8c04-0b450bebb270, 3919 
46213 200cb486-197f-44bf-b6f6-5fbfb792c8e3, 3919 
171340 1880a981-200d-45af-bcde-a20f2525d8b8, 3919 
100411 7e33d4dd-dffa-4c8b-99f3-a0063dfc6a6b, 3919 
180625 55b92e8b-3a81-460d-b526-580ca501d6a5, 3919 
167152 b1ef8edc-1f7d-4d17-afd0-79cdb8c88366, 3919 
385698 4125f943-26ee-4c01-8c64-4895748e6542, 3919 
77821 01e12ce2-dabe-47ed-9634-26f6ab42739c, 8505 
349031 ce139474-fed9-429c-8349-19dc92c8b0ad, 3919 
170958 8e2e2bc3-2f54-4b43-b4f1-5d150e756c82, 3919 
58120 65ac03c7-a216-4005-a8ba-7ce6516c8429, 3919 
128056 02d2ec90-8451-443b-b186-4e2d3d840e2a, 3919 
127775 bb7b35ba-c32a-4dfe-ad0d-d69e2dd4ccc2, 3919 
160068 354a087c-1a85-4b84-a7ca-53de701c725d, 8505 
363869 a961b385-7e06-4e8e-a956-a4fb9330dee4, 8505 
395640 2fa79833-c9ce-488b-92b3-888cd447db24, 8505 
65911 09e0654b-fdf4-4bce-99c6-766964cca4aa, 8505 
70496 1841645f-74ab-4c7e-9696-38e93282b9d3, 3919 
204789 5b8e1d9f-8112-47f7-b421-a52349c09c31, 3919 
237814 f577ee30-c56c-484d-add3-621fa4274c8f, 3919 
332702 45ca6411-b2ea-4e2b-9014-5abb1c72f2a4, 3919 
84707 9b89443a-272e-4807-8486-78224e8af6d3, 3919 
44991 e1de7266-d859-47de-b5b4-d4c1205265a3, 8505 
29170 20999f2f-1f72-41e0-b1c1-20d3ac36b370, 3919 
140823 28133796-3550-4162-9f92-48fde094157b, 3919 
8194 8b993b69-4a04-4a72-b832-dd9f1cc2ae8e, 3919 
375600 d99f4f0c-9813-44be-8787-2fe4591c2865, 8505 
75249 e5f64170-b121-4587-bf45-8eb16185c65a, 8505 
228954 0fe2173b-0652-40a1-9da3-ee696ec2e284, 3919 
116200 f90c49e3-561f-48bb-87eb-97777f168294, 3919 
149595 8f041d5f-a531-4b23-a74f-129301c1666d, 3919 
51000 1dc47318-17dc-4ee5-a267-4264f8641783, 3919 
385775 c28ec374-b111-4d54-9319-6f7edddbe93e, 8505 
646 724debd4-b720-4690-8d8a-97ef98fe8e7c, 3919 
285700 032ca69c-f8d5-4d36-a032-6eb608a03588, 8505 
388289 e9cad2e5-d098-4646-ada2-8a64592c7341, 3919 
142064 61f4a950-86a0-4062-b29a-ff32fb086dbe, 8505 
278396 f5cb0d22-628e-4bc2-8cd0-962c0f1ad273, 8505 
258241 878b7fc6-fb3e-493c-b542-5fe2f941ac60, 8505 
78067 c0366a1a-6fe0-4006-a01e-080b5e165316, 8505 
90416 c845a5b8-3764-4cf9-aae3-e53a81cfabbc, 3919 
40696 c95e2b2a-a6e2-47c5-ae12-686c2d0763e5, 3919 
344986 e5cba948-f303-40f2-a9d6-9a982cb33c17, 8505 
157290 01094d0e-8850-4001-9e13-c0bbda1100be, 3919 
223269 070e8183-a386-4fea-9c51-630b39e31893, 3919 
14999 d544b359-ee82-49fd-8b2d-9ff23a239033, 3919 
146430 63e588fc-0bcc-4046-a124-ea96430fd19b, 3919 
107184 5200f5da-7f4c-4ad3-bcd2-883ffaf424d9, 3919 
44283 aef777d5-d03a-40b7-b7f2-5aa1e5547ce0, 8505 
358253 3c89603c-37c9-42ec-915c-d36883ce2463, 3919 
235368 c73777e7-c2ac-48b0-8552-d9ef7e7a7bd9, 3919 
371089 913aac46-7108-4354-bce6-3a99a45f1a7a, 3919 
159048 31f4329b-1dfe-454d-87e5-3706c08c05c6, 8505 
399490 23614e6a-6327-4904-a5b6-b7c19370c4ff, 3919 
221600 5a12d41b-23f5-4f94-a404-f31d7c48eefc, 8505 
251290 d8886b6e-e6c7-4e5a-8361-81ec6548e362, 3919 
185604 5e746da6-a673-4ce1-964d-325ce13c235e, 8505 
124090 6d3c1d40-cd02-4905-8f22-46b3ac7b6bca, 8505 
217503 9ba874ed-f8fd-4469-868c-ee0d2bbe4ae6, 3919 
1511 7599a5c0-e81c-4e43-85db-fc54935f403d, 3919 
144746 b5b15d89-523a-4cf0-84d6-aa00ebb47c7d, 3919 
253358 5056d16e-604a-4969-8370-c241bf85bb90, 8505 
371095 f8cf2602-3185-4294-8b19-304532288f15, 3919 
322846 8060eaa5-eede-4f42-b71c-9bcbae263ad4, 3919 
272929 7793ad7f-c413-45e6-bf90-274f75b4c1be, 3919 
235057 964c2a26-72bc-430d-9745-9192cfc00cf3, 8505 
272354 3162b8fd-4430-4715-828f-a82e55c73244, 3919 
203421 430adc09-4b9c-423e-8fdc-e7218bd31734, 3919 
351749 9775a0e2-fcb0-42a0-a4fd-b2f571b0330a, 3919 
345512 2b037960-40ac-44df-9730-54d9a07d3739, 8505 
299752 bde6aa20-6824-4b22-87d7-07283c48f9d8, 8505 
386753 2c574e92-47ed-49f1-9792-bd77e10399f8, 8505 
256540 40689eb1-4f29-4853-9059-be5d07d45cd9, 3919 
44354 cb2e5a38-8490-41dc-ae91-792e268687b4, 8505 
238537 30a4c1a0-286d-428b-b625-897590c18f4f, 3919 
370436 719cb586-79d2-4841-b537-6fea7463b44a, 3919 
307808 9a038202-6b19-4448-89ce-ec27e9be3291, 3919 
122693 3f862610-4ebc-4eb7-9b68-24a6a40be061, 3919 
98827 0fe07003-3779-48eb-a41a-0e7eb21ee004, 3919 
281388 d5eb640a-0212-42a7-9525-6b0c4fb4ded5, 3919 
240693 6a9badaf-2fd9-4355-99fe-ee7e1523b937, 3919 
151020 3695bcb8-1fa5-4187-b006-adfb57e2ce2a, 3919 
146932 ebedfd57-f05b-484e-9665-b01de6f8d6f6, 8505 
60608 7e06c5c8-f9fa-4c64-af7d-ad04463e58fd, 8505 
360294 99b31309-4b58-402e-ae44-5093945dc458, 8505 
253488 b3e3d7eb-4538-4f56-b764-5ffb800bdbcb, 3919 
221341 dc4381b4-3ff6-426e-bc79-8b85d7a9d67c, 8505 
359950 5a9bfc4e-45ea-41c9-a6d8-ec79a7223561, 3919 
398013 a7a95732-0550-4585-99b9-116ef6e947fe, 3919 
112271 e9a7b593-51bc-4080-aaa1-c5f51d351c8f, 3919 
219317 60aaa57c-fafc-4e32-964d-598432732675, 8505 
111178 45161fad-8dc4-4fc0-beca-afbf56c27045, 3919 
280123 d50b103c-e06e-4020-a5fd-6c6e62a1c738, 3919 
398344 4c96f1c6-5c47-48ce-9649-4f230e2d0c52, 8505 
33303 242d7562-ce30-487e-9ce6-f59917e9198e, 3919 
103577 a56cdf0f-0e3d-4916-8348-7cde2fda5490, 3919 
271675 b374d7af-060e-46e8-a42f-1d9b79d78c4a, 3919 
346863 8abdc72f-26d2-4523-8ed3-32516f9fc3e5, 8505 
122869 18907385-9fca-433f-83a5-67e82f225428, 8505 
340425 15c2906b-c995-4a10-84e2-52037f5a378a, 3919 
292909 40ef31be-b24a-4470-85db-d5ccaaef33ec, 3919 
265363 7330955e-48c2-4d94-90a0-a2468e3a7b19, 3919 
79627 eb5d4d13-4f95-4853-9885-5b99032c6349, 3919 
396963 3a224ded-f4a8-4ad4-88c1-67f7117bf6b5, 3919 
160676 eef476a3-eb31-49b4-ad58-4c1ca6e99e61, 3919 
118985 d9220c21-9287-4847-af63-6266d6871a74, 3919 
185428 165bb6f5-3e5f-485d-b11e-1c3284e9ff1d, 3919 
49421 2268b0ee-26c5-4a7e-b0e1-ec4c0398b31c, 8505 
301754 dbe5fd31-236e-4538-8132-e40502eb6014, 8505 
392436 c5b34880-fe60-453a-82da-0e66a8944e5a, 3919 
38680 9618bbc7-7440-4c0c-9b7b-874d3c1a451d, 3919 
303665 95bea034-50a7-4eaf-ba92-ca9f6fe1b7a5, 3919 
338699 3af5403c-69eb-4fe4-aeb7-ad5aaedf99d2, 3919 
189653 409fb3d8-4655-4356-b23b-8716442e91ab, 8505 
97300 d1da266f-0c2c-4bd7-8f78-20a67d8f7d56, 8505 
232534 7355eaf5-9309-449d-b774-1b9865fe7e36, 3919 
118109 aef9ac7a-19dd-4118-8ac6-987b30e5b54e, 3919 
383617 e745b7ef-8ea2-42d1-b272-ee974d6a4279, 3919 
387043 da51be6d-58a7-4e2c-8de4-5b11cb94f37c, 3919 
121364 143158f8-e7ff-4ac3-be9a-5de9905326cb, 3919 
121375 367ec2fd-55eb-46e9-a216-ed2de01edabe, 8505 
120627 7a7487e0-06eb-4b50-951e-4fc2ea412931, 3919 
172387 3604d047-4cb8-493b-8b0d-b263f2281534, 8505 
116130 7b481d9f-efc6-4b0d-a201-06da92689daf, 8505 
380022 00d8a1e0-354b-449c-a16d-be5b66b9c16c, 3919 
358958 cf72fb8d-945f-46b5-9baa-6d4c74256f5e, 3919 
57929 05779246-8b63-4ccb-a796-3f818369c264, 3919 
270777 91986b3a-ee36-4fe4-9f7b-1f193ac6907c, 8505 
40735 cb42eabb-bdb1-4b85-b38b-c1c2bfc58719, 3919 
176631 b85cba9d-de61-47e3-a2c4-18d056d4f0a5, 8505 
146643 b44ce146-7af6-4ed2-9e51-72ff9a65449b, 3919 
349697 8f7f85f1-fca4-471b-a53f-8bfc3fc98ba4, 8505 
242809 da25e90d-18c6-48eb-9860-ad137710f798, 8505 
181279 d74a58e2-7dd6-429b-aeaf-9a15229a3a64, 8505 
103131 9412747c-b6ab-475b-bd0b-774eb0fe188a, 3919 
252228 b10b476b-3028-438c-ba53-3a940a136885, 8505 
399553 2ec0d66c-b5c2-4a1f-8e44-d29cb3d0e3dd, 3919 
385267 394b0e25-9016-4890-becb-cc0b70215554, 8505 
155025 89bc203d-c677-47cf-bd9e-a124c699a3d4, 3919 
166651 c24b669a-eb12-408f-a8ac-399ceb455de3, 3919 
289446 949e729f-9d41-40e7-9bde-ca683b50931b, 8505 
346145 4be7b937-00ee-4564-9b7f-ebf21c420449, 3919 
217689 1e41da82-c2ff-4cd6-abe5-f063ccf1322a, 3919 
360475 e7be550c-1e2e-437f-9701-d8a41271a529, 3919 
274277 1dc90334-9b08-4753-971c-0cfaa0a0a8de, 3919 
227451 13f0ecf0-381d-4dd9-af5a-7225a7840aba, 8505 
348949 5ad72f49-0fae-4b1a-b1f6-b706e8c75293, 3919 
303022 b0cb94da-8b27-4287-b937-6602bf27b828, 3919 
398887 8d862f91-b225-4685-811d-9b57aa44cd92, 3919 
2997 e1577962-f2d5-471a-b573-8ea68773d094, 3919 
352955 6c5150f8-03e5-44ba-bda4-78b40fd719f0, 3919 
311764 36a38bf4-9b91-46f1-ada7-a86ebbd1988f, 3919 
323036 77990eab-42da-4c5a-b897-82a45e2c83b8, 3919 
307893 9be3c539-90c2-47b5-ae6a-7c4ffce8c77d, 8505 
143791 52f2bd68-0db8-462d-8563-f8e9f7e3ce49, 3919 
210470 a6ebef35-1a38-4a82-9e26-9be85593e70f, 8505 
80366 1ac40403-a731-457e-a506-aad781c3e46d, 3919 
398258 88f64def-5053-4cea-8071-c3f91de3157f, 8505 
205955 520866cd-138a-4687-afb9-6faddaf87198, 3919 
76603 1a0d0b0d-2712-4f1a-95e2-bf43da3ac918, 3919 
292130 b3339fdb-761f-4661-af3e-51f760c6216b, 8505 
281621 0a8c6b05-934a-4139-b9e1-4253e55d68d9, 3919 
57401 f1712eea-2143-49c9-9fb7-6f63c91673ea, 8505 
90805 d6896b82-589f-4f94-87c3-361a42c84278, 3919 
315589 d6bb6887-4490-4017-80bc-b0a1769220b8, 3919 
73357 c18a8fea-a622-4ca5-9d14-5f7b1eff7c39, 3919 
42688 25b5aecc-603e-46d9-8424-135ac4fbeae5, 3919 
114178 36ac819f-cff6-4769-86a3-eea637a024ab, 8505 
170868 1c93081f-f8b8-4050-8301-121854adc95e, 3919 
217962 17ced734-ec0a-425f-a145-71f30074e8fc, 3919 
218216 486403b1-5d77-4c32-aa0f-a8b818ecbc39, 3919 
42463 09337983-9eaf-41d4-ab06-83db2eb8aed6, 8505 
197158 8a8c3c6f-5fb9-4ddc-a68f-7753075fa53b, 3919 
167732 5dd10615-6710-4980-9bd2-9c938a948a2a, 8505 
203212 c9261cf9-6688-4e83-83fd-8606fa965550, 3919 
8121 5820d3f2-af8f-4d34-8607-30c7868eeb2a, 3919 
335756 a5196e7f-e06a-4b47-b3d4-c93295c4339d, 3919 
160455 1e5e7eb9-46ec-4e5c-82cd-94bea2049a25, 8505 
288769 df156369-bcd1-4789-b063-2ae270cfd74e, 8505 
138984 0dda62f5-f118-402b-acfe-2c7cade2f7f6, 8505 
23623 b5f7696d-05fc-445a-b8ac-ea019226ea87, 3919 
61347 f311cbfe-3dc6-4c31-929d-120d42665885, 3919 
147513 3e5c3773-6289-4530-81fe-f7edc3278d64, 8505 
366284 770b4e63-4521-4689-b24c-e7c9e1264026, 3919 
343062 df66f455-db9a-4a4f-8b92-3ab91f49fd66, 8505 
110590 c1ee7a97-433e-4095-8fb9-31c92ae8ba14, 3919 
304943 47de2946-39ad-455c-9ecc-d04d08f4c8d7, 3919 
306817 e2f605d9-48e0-4a06-a4c6-41a29ac39894, 8505 
311059 88494dc9-13ec-4e63-9d8a-3d6e750ba60e, 3919 
337490 25c54e6e-6df1-41ec-9168-6d27edb2dc1f, 3919 
226621 6c212287-fc2b-49e9-b931-e2e15dceeb10, 8505 
128694 56f7d1a1-39f8-46c6-ba1c-168d554aa411, 8505 
231485 9c6d859e-f025-4779-ba2f-06dd634bba49, 8505 
145147 a4fbdc20-e72e-4995-b30b-2e2f41fd4909, 3919 
353629 3e908344-0ac1-482d-a0bb-298b98572c1c, 3919 
139030 5f8ac13b-5fd0-4f44-884b-a7ac530d5f8b, 3919 
312577 0e89e088-1ba7-4f93-8615-79446b419e21, 8505 
18353 7db52c7d-716c-4821-9ccf-d64b4febd33a, 3919 
68193 ca363e71-558a-498c-9245-61d7255431bf, 8505 
385949 54fc1d6e-6ba5-4eea-bca3-eaecc694bf6c, 8505 
216136 2ef2b012-a05c-425c-bbbc-c92fbf044b17, 3919 
399231 8bf1b4d4-1355-40b3-b6d9-6d229c49fb4f, 3919 
324307 1a11c4ee-66e7-45fd-9bea-c20f5a79652b, 3919 
260608 16d85af9-4696-481d-9089-58c130b8308c, 3919 
129487 c67b5a61-4c19-42ba-8084-b6266d1d9fd4, 3919 
230644 68344d7f-8a1c-403d-b732-8e7dc6082899, 8505 
299131 4c37dd5c-a72b-40fd-8869-4bd7967918f7, 8505 
236304 e01bca1c-df55-4c32-9feb-1ded133094ea, 3919 
198155 9d623732-f988-4920-8fa5-0ce81c02a475, 3919 
130687 defe19f2-fd94-41d1-bde5-e589d30bca26, 3919 
14928 24bd4c3b-708d-4bc2-9453-92b027863279, 3919 
329380 3d672206-2166-496f-b13a-da4fa0ec9ea6, 8505 
193388 a7ee5b05-704c-41d2-a473-7c3bcd6b7ab7, 8505 
314544 b33c46b7-3784-45fc-977e-00dbe46cacac, 8505 
243335 83aac9d7-53c0-4066-a3f6-da4c5f132926, 3919 
190086 b0c77159-e7a9-4bb2-8a71-16450af3441f, 8505 
308419 d0363e2a-f544-43cd-88d0-df536278657a, 3919 
346087 defaa551-b7f8-45e3-9fe7-d1079583f7d9, 3919 
265078 95492e9b-706b-414b-a571-201418aebe32, 8505 
23866 a5a188e1-5932-4980-9812-db2a71ec525a, 3919 
12580 eab15089-d43c-4e4e-bd1c-f01559045cd7, 3919 
299145 c785c9aa-4b20-48fb-8a50-6bdac832f4b7, 8505 
103710 d0238cd3-b971-4b69-8096-608a3f7ab705, 3919 
211188 c7b5860f-b01a-4bc9-9722-8ebf51f426ed, 8505 
221087 5e778130-b130-4e88-bd67-be2147b9f404, 3919 
22758 85d047d3-b945-491c-9130-998a1c02b366, 8505 
284721 b7af1ba9-c31a-4d4f-98ef-14b0e8eccee4, 3919 
194505 c2d95b7b-bbfb-4135-8a49-8f666cdf64ae, 3919 
292916 533c5679-b942-4f8d-bc39-3e543b7ed568, 8505 
80973 4f66cbe1-32a5-435c-b3d9-bca927ee082c, 8505 
114801 5c12c59f-04aa-4dda-8890-0e3f31759712, 8505 
137608 ae988025-ce77-422d-9aba-dce55edd01b4, 3919 
324141 c30be4f6-b462-49e5-a83c-080300ed5fd3, 8505 
223105 438f4df6-994e-4f94-b6ae-7a328fa02518, 3919 
85756 a30b0e8d-9980-4009-b7e5-8b5fcc151109, 8505 
36259 bfbbedd6-ddc8-4a16-99c7-8f78caf3a453, 3919 
276297 8e60cb3f-9c42-4aeb-acab-77b4fc417ec0, 3919 
169165 c52a3d47-250d-4ea0-b22f-0c54c85f551c, 8505 
162924 e8c2abcf-4593-4e29-8f61-917f35baf21d, 3919 
238242 071c6fe6-94e4-4051-a468-0b0bf5a60b0f, 3919 
108639 fa10a3e2-ab86-4b94-8991-6fbd0646f168, 3919 
96982 60df737e-067f-4da0-a68d-fd39f49291ce, 8505 
263218 10725aad-631e-4bf1-8468-516fed543f42, 8505 
262719 ff7b7c48-f611-4d7d-903b-626412e3b32c, 8505 
232358 43a20bc2-f65f-4e57-baae-0ad18cb1529a, 8505 
260759 d213ef80-caac-406d-be8f-1ec6ea74b3d7, 3919 
246164 324b5012-eb3e-4cff-8258-881d39b165c9, 8505 
115525 9d81d655-5476-49c5-9cfe-66bf650dac2c, 3919 
90511 387f2ca3-490a-4078-9e81-98f5f4c1dad5, 8505 
387989 0d0903f4-186b-4a3f-8a2b-90dea52b535a, 3919 
130431 33ca2747-b2f1-4bc4-ac79-b903f2030fbe, 3919 
233285 04c618e8-00c3-46f3-afda-ab3653a5a819, 3919 
62830 49d43a84-bea1-46d1-854d-05b8d621fc49, 8505 
47284 36a90ffb-d9c0-48fb-9e70-198ee6c0912a, 3919 
80023 2eb6e4af-c392-43c3-8e74-5ba981643841, 3919 
4935 bc916e26-6610-4c08-9959-aae06429e736, 8505 
89015 647c7e1c-2500-47f6-ae6b-b921f61b4664, 3919 
224998 7cf95e8f-d7c2-4443-833b-009b444fdbd2, 8505 
291844 a3ecf2fd-bfc2-4771-8ace-800e3354a95b, 3919 
178353 c799ef88-282c-4ff9-bd48-f4c45d0fc70b, 3919 
292361 a1ed4634-715e-42fc-9537-60656e5d89b1, 3919 
24689 bc255400-0e90-4d2e-a70e-4ddf832b33d2, 8505 
357457 f39baa43-2ff3-43e5-941d-838d01c224db, 8505 
358305 4b728703-f72a-4870-9cf8-79a09fcddbdd, 8505 
129122 f0fafe79-cc53-4a10-ba33-712c154bb5b7, 3919 
339942 82a14359-ccfa-40e6-a614-91eb4127cf8b, 3919 
233798 30cac645-f9c0-42e7-b196-da0fc33419b5, 8505 
266986 c567347e-6c9d-40d3-9ef4-686ea86aede5, 3919 
156976 0f2a49bf-4b72-442f-9091-b1c543ac1ae0, 3919 
68448 5ee86b63-cf33-4899-81f4-75a8ee60a6db, 3919 
112371 4ebb2550-3af9-435c-979f-5d46a568e41b, 3919 
151980 87394130-7a00-4e32-9a48-cb657f29d1f6, 3919 
118365 1f07612a-2778-4924-999e-9c0a7bacbded, 8505 
304039 b1bfff1e-427b-4008-91f6-f8e6fb926f26, 3919 
309813 7e2ac0fb-92ce-40da-866c-496796718660, 8505 
46269 a83e09a4-7077-40e6-8a77-3634b312277d, 8505 
176699 b22a9b1b-de0f-4ad8-9830-8e35b6fc595f, 3919 
235970 62c13273-eb4b-49ea-9fab-5d48c0f0b399, 8505 
206544 b9212cb5-4f40-4562-aad0-f51b597a7239, 8505 
392373 fca76055-6f8b-486a-9fc9-9e9c3a00b051, 3919 
182735 1fc2f684-3027-44eb-9691-01ca4c769884, 3919 
289889 98263772-247e-49a0-9ce4-3c4a00a70356, 8505 
206724 64915dae-213d-4be9-91af-8808cbade1e5, 8505 
307902 513f64bf-3574-4881-a5ac-6a458ecf6023, 8505 
303620 19abf083-84fa-4154-a3fc-d179e0007e78, 8505 
232985 9729848d-9ec1-4ffa-925b-f3968bba1ae3, 3919 
120065 38b18e82-0554-4a93-9a40-176a11b5065a, 8505 
151228 02962f04-313f-4ee2-a45a-59e8a1adb130, 8505 
97723 00d4fabf-3c19-46cc-9569-e90b37611971, 8505 
193857 7984bc80-782d-40a4-a80e-45b531f7eb7a, 3919 
350234 6b86a860-2c38-42a6-8150-a9258e80a529, 3919 
146473 544b1b43-c5b5-4ca4-ba52-77f1b97364d4, 8505 
235223 14ee27d7-903e-4f7f-94ed-94c07d9fdb25, 3919 
381187 9af04de1-cea5-43d3-b879-5dd0da4ba89c, 3919 
270763 ef3b6a70-33e3-4275-99f2-06113667d4f3, 3919 
232522 b9479191-18a1-48aa-8c89-081271a366ef, 3919 
280719 f5d02ca8-4856-4aca-a781-368fd162e522, 8505 
342487 e6b23d65-4c12-493b-aa80-3396079f19aa, 3919 
224124 18929fd7-bfc0-46ac-a84c-a2637e533418, 3919 
290707 79c9125e-7a22-4cd0-b973-c0c140e00080, 8505 
361316 fc5b9639-f924-4d8e-8b51-78b9b545a0bc, 8505 
67220 5dc83dfa-cc32-4599-ad4c-df92f4a960f4, 8505 
88060 e2d14224-c08b-414a-a0a2-738b3f515827, 3919 
19054 f60d7a10-3335-415e-ad90-b9f45288296c, 3919 
254043 d2da0cac-16a4-458a-817a-2ceafc057657, 8505 
398033 c41ed4a7-8f09-437d-9f36-0db541dc79f8, 3919 
29673 6a5c8ad3-747a-441b-aa7d-7efd59aa0e6d, 3919 
26273 043214ac-ab46-4e90-b326-06b0d0e8e7c1, 8505 
28419 97af11bf-6304-4d30-9685-f06f0f615c4f, 8505 
169653 ab1e839c-dde7-4b12-bf19-dcd2874648f6, 3919 
346829 4942f0d4-d669-4dc4-a8e2-d76fc3ad92e3, 3919 
177143 699b3b29-8a38-401c-b30b-a5596367ce5f, 3919 
243333 7d6bb6e1-9118-462c-a586-62e02a846d27, 3919 
205316 39e7f6ae-754b-420f-91eb-734d916dac79, 8505 
281571 86bb3313-78c3-4611-a12f-be0027cb72f9, 3919 
288761 32987f6c-ecce-4333-ac95-c3df9932ca22, 3919 
32439 f70d4338-2af7-4aff-a53d-1b427153e38b, 3919 
15468 af858d49-6b2b-4533-bc8a-1821d2815df8, 3919 
89685 fa62ea6a-0bb9-4534-8403-2651b130fa37, 3919 
267067 91871d32-a5bf-453c-ba7e-650731528a82, 8505 
265990 68123948-8f0d-443d-a0de-f7e82d777cca, 8505 
74984 0b0f7823-bfb3-41dd-987a-0864ea24ccc9, 3919 
318290 52cd5d97-cdb9-4bfd-8ec4-839c8bfe8e73, 3919 
346021 119f2412-09fd-4785-aa52-ae6d19bf42cd, 8505 
74412 c3eef661-81df-4487-bda3-178e57d6e80f, 8505 
101181 7a46a0f2-216f-46d8-83e9-83cdb4f79279, 3919 
230021 b24b9920-0752-4eb5-9fbf-48fcc6db449d, 3919 
352385 c174340e-d5a1-44fd-8eb0-cf4a70319d59, 3919 
84888 a867847a-8800-4779-a1d6-525983453eb4, 3919 
147732 567ba8d8-ec47-4ae8-9b59-9a6760606cbe, 8505 
350934 6399fd10-7094-40e3-9a37-a3569d204313, 3919 
159224 b128726c-7e52-419b-8e9f-ca88c554a860, 3919 
323885 4c25a511-de82-4326-acd7-45448f6d5441, 3919 
202424 348b78d0-1fb7-43d4-a0f7-a36b86431cc8, 3919 
278458 c133484d-e8f2-47f3-a335-e62b35fb5ced, 3919 
71451 be58819c-65c0-405e-811d-42f56d8cf1e8, 3919 
169853 0d0905c5-4f42-4817-aa96-26b0646fa9ee, 8505 
106365 a8896e06-7454-4221-b45a-411cd442ed71, 3919 
225117 5423f3ca-977a-4859-a4a8-b0104569dab2, 3919 
348344 4a26ddd3-3819-4703-a7c7-4b36edc8b956, 3919 
63180 fa442a04-1f79-40a1-9e43-324786a552b6, 3919 
73663 f8131121-972c-4fd1-844f-e7a939536a4e, 3919 
377635 999983ce-b700-4739-8089-e263a4360fc2, 3919 
61410 f6fa2516-c731-42a6-878a-c72b7f880da0, 8505 
203108 34a69322-671f-4388-a409-865f508c7b52, 3919 
235799 f41a2a40-60db-46f2-b775-14fb330cd1fd, 8505 
288083 8fefde35-73c0-4c06-a03b-489ed9297c58, 8505 
243438 e585df05-319d-41e2-808a-874475b7a667, 3919 
261442 381ee118-d748-4cd6-b323-eacb8f6c4704, 8505 
174266 9acbc2b3-be42-4b5c-a6b5-19052fd1efd6, 3919 
175275 ac4f06a0-61cf-414d-9327-81c7a459f10d, 8505 
374976 3c800858-c62e-42fb-a0a8-fa4f4aeb914e, 8505 
331104 0b7e4ba0-2fdd-4e71-8a58-9ec979e37047, 3919 
33567 35c17d3d-9307-4bf1-84c9-cac68d213eb4, 8505 
97257 19436fa4-29e3-48bd-8c4e-6db6731ec625, 3919 
311028 101666ba-5694-4f01-a68e-accfd578f7c0, 3919 
259092 e827b834-f770-4ecb-a53a-f940f88780bd, 8505 
46322 0d9afd8a-28f0-4f47-bbce-24f7da6e0342, 3919 
123829 f3ec6bef-c63f-4f50-95de-107642f32493, 3919 
115185 873d4a71-d51c-4112-b5db-0cb4277b9123, 8505 
3353 9c0ff68e-6d3f-49e0-adc0-d4d5c2be2755, 3919 
62544 93adf9ab-01c0-4e2b-a396-03866b74ae73, 3919 
71308 4145b6cd-74d9-4961-8765-2498cef9a90c, 3919 
359576 4d943933-b52e-4c82-8b0e-8879869753e1, 8505 
330873 53cbb761-7122-4987-bea1-fc128bdec10e, 3919 
117378 0315c8a7-5491-4d23-bb52-c4111d73ff2a, 8505 
45209 63079942-960c-4e0f-b2b3-6e83878b4636, 8505 
157274 377e0110-3f23-4ac7-985e-cb248991fa92, 8505 
401621 7c0728ab-e3ae-47d1-b1b6-fdee51f504c2, 3919 
323759 928d2e17-320d-4bc7-987e-2ae0698495af, 3919 
401095 8f6bbee2-89de-4fc7-af25-22e89f50fd31, 3919 
92529 70955c4d-1eb4-47ed-82a4-3c7509cc4eeb, 8505 
401545 52e2d6de-d920-4fca-bc45-619a4240dd51, 3919 
200687 7b9eb234-c963-4aab-9737-8968ec47d4b8, 3919 
51504 dfdd4915-cc2d-4879-b1d0-b88d70d39f3a, 3919 
177314 ea882b21-9501-4e78-ba13-ee58325f79fb, 8505 
332903 12a4bbc0-b8f4-4d83-a048-d88d762bb9b1, 3919 
112465 51efeefe-5e94-4884-ba94-5526ef67b9da, 8505 
268103 0813508d-e5a2-4ed2-99f6-e24237676137, 8505 
50578 40e50c2e-7385-46bc-a245-a4518e3e0eba, 3919 
133630 386d4e83-5e16-4171-a708-5f5c7954f74e, 3919 
127710 3b6e2d19-90b9-41c7-a2a8-561f3683f421, 3919 
48160 539e7d7b-f958-4791-a97f-0572f6c7dc21, 8505 
152664 92f6b962-697b-46e1-8bd4-7b1267d3d84a, 3919 
220514 1d24674e-9556-4014-b5a6-4d48164c4cfc, 3919 
268113 11858341-b1ed-4f51-8193-bb747a7a4602, 8505 
85295 0c6193e1-7c4c-4c7d-8dda-819ed002a76a, 3919 
98316 b65d0463-72f2-496c-946e-b916684a27fc, 3919 
164632 59820730-d50f-4e04-9e8f-603ae630c39a, 3919 
192370 3e4e69a4-0ecb-4cca-abb1-ad5415dde208, 8505 
288493 d2d99711-b5ee-4405-a583-75d720977af5, 8505 
347805 cf2530d9-5e33-40cf-b08b-3b92a5579049, 3919 
108145 b510796a-8f35-40d5-b10b-319137164c15, 8505 
90662 9bd50308-d665-4d48-8e1a-38f45250b3a0, 3919 
342784 e033ebda-f69e-44f8-8cd7-27ff345073df, 3919 
66617 19cec039-9265-4631-8588-77f901578073, 3919 
118413 d5b20b56-4149-401b-9e81-aff2650ac394, 8505 
214926 ae9552d7-e6c3-4467-82be-e7d2ab8f7443, 8505 
120933 a12cef1a-33a8-47d1-a92b-1f0afdc8a5c7, 3919 
224594 eb2d189e-0aba-4380-ba7d-068eea95531a, 8505 
31520 2e7691d8-2bff-46e0-b026-77b2b57d1d7d, 3919 
203934 1660f4a7-bad6-4abd-b792-044ef80ad6cc, 3919 
38265 7871ea31-597f-4279-a521-9953cf075989, 3919 
382029 d589a465-cc7a-4125-87b8-f4e74694244a, 3919 
100509 cd22e5d4-0866-45dd-a7ac-d9a2324ccdd4, 3919 
250721 8a9f5b14-7ce7-4b10-a9b8-59feb4331b17, 8505 
130383 e482097e-9211-454f-b480-991df5db1672, 8505 
223899 0a609fa4-dd36-4e34-b115-3243dc2ad586, 3919 
208789 e19fab8f-f106-4bbc-adfc-50aa1b731be3, 8505 
83703 0afe836d-0cdb-4706-946c-7f8f54118c7d, 3919 
252977 16e75c59-0a1f-4cb1-ba0d-b5a971d87430, 8505 
182127 70af1164-878f-4060-90ad-2fb21eabd27f, 3919 
174590 25a80a39-b75b-4748-b1e7-ed9b0178aae8, 3919 
162753 9ab4a974-9834-456e-a165-5a154f5409f5, 3919 
165233 56100b38-a677-438c-998a-e39e8200b1c8, 3919 
80735 04d853dd-99df-4a07-bd4b-d953ba141cfa, 8505 
189482 a81a9e7c-fd5f-4495-8ca8-d290cf4498c0, 8505 
393986 9ed0c5ab-5883-442e-b8c6-00ab891e611c, 8505 
182998 1435b1a4-1e0b-4e40-a71c-3e57224310c1, 8505 
300998 52645681-8691-436b-b9ae-0a9357a6df31, 3919 
403478 0b74e403-b219-42b6-887f-c2e16edc1f14, 3919 
213096 49c06869-1666-4c07-9bdc-83a959f658ab, 3919 
25556 ef40c306-79b9-4cab-8deb-ca497201a10f, 3919 
144685 4653c43e-1366-47e5-9c8e-373ca70415e9, 3919 
54871 e89ec826-7faa-4342-8881-4784795080b0, 3919 
114000 9a998298-997a-4f42-938d-9b834951c40c, 3919 
315897 a630bae5-6ef8-475f-ace0-118a88438172, 3919 
180080 28a616b8-9f1d-4488-9103-483c420b4c15, 8505 
152220 d8171ef8-d293-41f6-b61a-306e7b330199, 8505 
164747 1cf1bd8e-ca57-403f-8bfb-d60dcb7da616, 3919 
91080 a01c2c7d-97a8-4d39-b78c-341d0e925296, 3919 
29895 88b44b5a-777d-4b3e-b12a-ee54ce9cbdd4, 3919 
147947 d17b5015-e95e-4def-b6f2-51dff233e6de, 3919 
61772 3066487c-d4f6-4b1d-a1aa-4d6f7e271eaf, 3919 
192297 f6a754c0-013c-4fe3-8bbd-476396053c8d, 8505 
200744 310388b3-8f24-4dd1-aadc-7071ab7a6615, 3919 
364222 e09111d0-e795-46d9-8ab7-b09314d43887, 3919 
232333 99f23b00-7d11-4dd9-974f-3b96b1b87e8a, 3919 
269826 15d1a407-acf9-405f-9926-4801e1808728, 8505 
173273 3f4d52b2-a11f-489d-be87-1a02be56e3d5, 3919 
68342 47347c82-bae3-48d2-85bd-31d585e08214, 3919 
382742 f4322e04-5368-458a-b010-a13e09c34e5d, 8505 
343464 1c996f8a-4447-4902-835a-3b7a97b4d406, 3919 
259685 cf0aa13f-ad83-4692-9a15-aeaa3c4c4114, 3919 
21143 392e00fe-26a9-49e5-85a8-ea3d40a9d758, 8505 
111514 c1dde1cd-561d-476d-9b3c-9030508431d5, 3919 
69258 a2f7caaa-4aa2-411c-a9c0-be833df2cced, 8505 
157758 96d62f82-5bf5-4692-bcb1-9a6ddbc3e085, 3919 
400592 5f80476a-e940-451d-8f96-265af3640cb1, 3919 
152181 1e43bf75-d784-4c9d-aec0-0cf1f3f773e7, 8505 
22596 b2084c78-6455-41dc-9aa9-59b34db60584, 3919 
61355 d7b20920-b576-4322-995f-697536cdd4ac, 8505 
61534 a32feb0c-1b54-472d-9e80-be6d6dbb2012, 3919 
297903 78752ebe-5bac-4586-9409-95f611409e38, 3919 
327623 7cb30bab-7dd5-4fc7-958e-a07d9478dbad, 3919 
71395 497ea08e-8986-446b-a0f7-ec54d9c371e7, 3919 
223201 82b729ef-0177-400a-b7ef-171f6b9c6c08, 8505 
81297 9a2eff30-ff3d-4ca1-936a-9ae4eb5e72bf, 8505 
258970 2ae61bb3-0cb0-4442-b0ad-70523a388350, 8505 
149372 128bf5ed-0aa2-4afc-b6e5-45c0191db17c, 8505 
112857 3bace52d-ad41-4a32-be70-d1f62245bf0c, 3919 
128079 1099a203-3116-4717-ba55-3fbec3f21428, 8505 
65702 d825bcec-1468-44f3-b637-d1325cb230ee, 3919 
45499 31492f97-5c3f-4d19-ad4a-bf8576e4e2d6, 3919 
394248 236117bb-a583-494a-83d4-1acbbecef88f, 8505 
229780 d4620582-2564-45c0-8095-b55db1e50fbd, 3919 
335757 f84ccd3b-3e41-46e5-95ac-446ef7854d97, 3919 
241394 38b6c98e-0204-461e-9f9b-56cb7841fd6a, 3919 
24515 6e1c4754-4260-45b9-8994-9f718b37fce9, 8505 
138076 3c03af75-b21e-4f71-b33b-9285974adf64, 8505 
163199 62fe8d8d-b2fe-4258-88ca-d3d7a0c5ab06, 3919 
370872 115bc8ab-2b28-4a3c-bc9a-967e543981f1, 3919 
149692 a222f206-174b-422c-8185-acdf16ec65dd, 3919 
129268 9c9c42e3-d25f-4110-8314-f6221a1ebab8, 3919 
359774 29b2b4ea-fb3c-4a82-8657-6bb17cbe9eb6, 8505 
355526 ec2b1920-999c-45aa-94cf-224fff7cef0c, 8505 
389442 ae090ddf-dab0-47c0-ad0a-206dfb6d661c, 3919 
257882 724f5620-b9f5-4fbe-88c6-bd96adadda1a, 3919 
208320 74a9cdb1-b636-46d0-9ed8-07739c53d00a, 3919 
343087 c5e28022-aa81-416b-b8c4-c3c95cc4c272, 8505 
112018 3a69ff31-8e49-4a76-a510-d3a7470005f4, 3919 
112332 fb09d362-9ec0-43cf-a760-dd454dc4f860, 3919 
41082 0e9b496d-579c-43c6-9be2-6ca438953562, 3919 
377261 63524a83-56f8-479d-8c28-82499b7262df, 8505 
236315 ef4f2926-0423-499b-ab04-8e85e9c8ffe9, 8505 
11537 d20adc8e-93d5-4187-a349-f3ea87e8f27e, 8505 
207212 dccc00b9-7b2a-474a-bf03-368bbc90a85d, 8505 
35699 5bdb1255-b7d6-4313-b6c0-9347836349fe, 3919 
145629 1142a87c-9aac-4fcf-9f5f-1d91f891588f, 3919 
128913 9916751b-ba02-493b-b7df-5a277bf6f4c5, 8505 
389479 dff95465-ec4f-427b-a974-3adf736fd83e, 3919 
336794 8d820811-7ed9-4582-a7f7-1ba3d29506db, 3919 
287719 9895b0e6-7e60-4a99-8151-61e0d68aeb35, 8505 
142428 bce75b8f-590c-497f-83d1-6dfb3773b708, 3919 
263852 2c874504-9964-4da0-8724-d9d9b21d184f, 8505 
182238 c37df78c-15d6-430f-82d8-82f5f4337a16, 3919 
121215 c7995931-1a35-4ec0-b8fd-0c7d341b6b2b, 3919 
324301 bcef1bea-cd24-460d-9064-c42e09b22a57, 3919 
181735 93262610-cf42-454f-8207-48fd7d9c9da8, 3919 
132101 2a098e87-8392-4ac5-8768-34f53e395eea, 3919 
218535 de24045d-fce2-42e4-8d1e-765a1689fad7, 3919 
94908 d1c37faa-26ac-48da-b573-2d7a79e523f8, 8505 
258603 e66b6ef9-ce98-43ea-8153-1e525d59f9d2, 8505 
116769 19d319d5-c47c-4bce-87ee-98506c1fb4e0, 8505 
223850 ef9aa700-7c61-4d30-9e3d-387c5376b035, 8505 
77329 0d33984c-c671-4386-8404-ae10e2bc8b00, 3919 
389756 f7340e9c-5364-4516-b4ab-13e3f27a17ed, 3919 
37548 b6f17113-e7f4-4df9-b1b0-295796b6a2f7, 3919 
333574 7d95284e-ad36-44ab-bd74-2c1067693469, 3919 
160700 e2b57eb4-fd8a-45f9-ad74-3c41b28d64c4, 3919 
362643 1a3eb3bc-348e-49da-b3e5-37ebc3c747e3, 8505 
67842 a2d9dc24-56bb-4303-b126-822a05f24c2c, 3919 
13253 69301cc1-7e74-4f5d-9dee-63e20b10468d, 3919 
158379 934b0eb7-dfdd-4a74-bc11-c46aad7cfa7e, 3919 
89406 89e5c4ea-ad2d-4a33-84d5-e302791cbca1, 8505 
260381 f9442128-e8b6-44c8-8e98-82d939d543ae, 8505 
376912 ccda2192-00d1-4368-9621-21daf11cdc60, 8505 
292492 93e87e71-93c6-4ddd-9e04-982d01a85dce, 8505 
129827 a4ea423f-3254-4cbd-b69e-29123ecb1054, 3919 
208257 3219efa8-2794-4128-886b-d288a081db8d, 3919 
300309 3b142d40-6c1a-45c6-88dd-92cef007a1a7, 8505 
12353 3766f142-53c1-491c-8b4d-4a3bb1d91684, 8505 
399819 c500c294-5076-410f-81cf-b7af23f5bcb7, 3919 
172543 cadc6866-5b3a-4579-b93e-5187909a21f0, 3919 
57196 40782f18-2d2a-4cdf-bff3-f3b787c35993, 3919 
353059 b05935a1-6916-4995-bf84-de0d89ec4b20, 3919 
223515 ccf74439-86a9-41ae-9c71-406a04355518, 3919 
368368 e2ec2443-2979-4753-8d4b-6c3a62bea525, 3919 
46677 cad8c696-b3f2-4205-8a1d-407213d8c18c, 3919 
17661 a9619831-9c33-4321-b322-881c5142cf72, 3919 
241788 d0317012-a50d-421e-a2a4-683564a0b548, 8505 
298240 e3083e4d-1b97-48aa-98b2-3188b2a876cd, 8505 
10110 d78327dd-1ec5-4ecb-a500-b50de0714acf, 8505 
236749 7adf8b1a-6b27-4f61-bbe2-b531702b7a34, 3919 
386586 47cae86d-c44b-4bac-bc98-92dac0959e98, 8505 
20460 606fbbef-4cea-468a-b116-a0752ce39452, 8505 
219006 f1bc243e-2346-4456-9b0e-6a8c9acf7c1b, 8505 
83182 c290bb42-ecd0-4795-9424-68a865339b2d, 3919 
212229 4b6fd1d4-76d8-4e4d-8ccd-a5a97299177f, 3919 
357073 b88ce8b2-e47f-4370-bbdd-825136423ea5, 3919 
336796 197e0054-c38a-4392-8274-545616b20793, 3919 
230706 7483e7da-1fe2-4117-84c1-68aebf01b770, 8505 
370430 af3e07a1-aa58-46ad-8886-3b90eab9d3d9, 3919 
206771 9a19073a-f110-4261-ada0-3883c742ab77, 3919 
209073 0de06fc5-2be9-4bfc-9f79-16d2d46a7e9e, 8505 
45234 ee62f0df-5e9e-46b0-bb1d-8feb273673c1, 3919 
115055 6f9504e8-b043-4139-aad8-6c48a68c60d3, 8505 
205509 1ce3452f-7c02-4b52-b7e7-8c52e01bf716, 3919 
197870 09f49d9d-a7d6-4132-9629-df1a9f46c781, 3919 
225100 0681d08c-eed3-4f9f-bf74-f524cac3ae08, 8505 
161951 bc01d40c-62ef-4e7a-83c4-f557a67e6a28, 3919 
308513 13c891a5-5d38-4833-ae69-437108f330d9, 3919 
243467 254cf4da-af79-47b2-ae1b-b2040a28f04e, 3919 
368435 7a2f330c-d54f-44ca-aca3-b5e9a63e75bf, 3919 
31265 5f334b61-a683-4ea8-9e79-279adb2a9c5a, 8505 
164496 abdb6fef-e7bb-4289-8553-816639accf0c, 8505 
376498 e99f3b6d-ef06-4aea-96dd-3b28710b973f, 3919 
385906 603d0cd8-0293-4384-944c-815275e88074, 3919 
30552 356e1d18-8b01-473e-a0b6-18913f4811bc, 3919 
148407 947ac5af-4be2-4956-be0f-b6bc431bc8d3, 3919 
367250 c9772932-97b2-4542-b5b8-6f7fe695c766, 8505 
37540 cafa3d74-2886-430a-8fc6-c61033406c25, 8505 
58132 d38476e8-3032-4fa1-955e-19b33bfd54dc, 3919 
339632 277e5613-f468-4e01-9ed3-cfcf08059afe, 3919 
202857 30d70945-dbaf-4ffa-a064-f807adad6c19, 8505 
125840 d0092576-0981-44a8-90f1-d5d7b1d918ec, 3919 
370861 5a073031-14d2-4fde-a939-6e187f862fc6, 8505 
85914 a2aa05cf-3fee-4a2b-ad0e-db6dc9767b70, 8505 
194927 48e46182-4d96-4e1e-922e-1e2e4db24f38, 3919 
304541 0508cb61-10e7-4bf8-a4e0-3df29bc1bbb3, 8505 
122367 066425eb-7f83-4610-aaad-54cb8814f56d, 3919 
296887 6b4e22c9-ee3c-4a94-aaff-b8a9f3904f6d, 8505 
259684 8cde656f-2bf3-4f57-925b-0f09b8d73667, 3919 
212696 e4ea2381-b40c-4de1-a6b9-aadcb2767cd5, 3919 
156623 85afd8a0-0f9e-439c-a2bf-4c07e1c4d3c0, 8505 
227272 ef9f6651-a848-403f-a3d0-a0b30ed24a56, 8505 
268303 54950d00-e7a8-4052-afd3-e5d6be7e390f, 3919 
6529 b7f99c0e-dc55-4392-a71b-bfb4858dc16f, 3919 
265314 b2e7ffc2-8193-4f87-9026-24a431d67a70, 8505 
229455 49494cbd-15a1-4e69-8774-7a97cc810f40, 8505 
235801 0504c736-3bdd-45ab-a5a9-f55aa9df4cfd, 3919 
359752 a25733d3-6cca-44c4-9f0c-5d4f517615db, 3919 
206492 a4c765ed-0043-4231-ad99-3adb95813fe9, 3919 
118622 702f0f1e-c91c-4e32-a017-54f47c1e4312, 8505 
77007 ed2f2bbb-ded0-4293-be46-6559193c2354, 3919 
392829 da761aff-9e95-4c5d-a2d5-e4e22bca9aac, 3919 
160332 6b5a2871-7710-4b1b-942e-e2aaacc38299, 3919 
26085 4e2c3373-3af8-4b02-b0ea-364a47baf55c, 8505 
346290 1689c06e-8b76-4cb9-a305-c063e23c80c0, 3919 
380323 ae41f9e7-44d6-442b-8556-13e2171c3152, 3919 
37569 72a05282-abd0-4068-accf-ce2c0631a355, 3919 
388396 3f8088cb-4ccb-42d0-ac47-f1def019be84, 3919 
222837 b9dc2aec-fc44-40c0-acdd-5a9f38941d37, 3919 
193155 2abc1024-d7c7-463a-aa5d-88f6d184c868, 3919 
299693 6e268b5b-d5ad-4da7-b367-d681a973db75, 3919 
110597 17ced12c-535f-4c36-a68f-fc747e2b74da, 3919 
192120 4940e727-995a-479c-8abf-cd5aca4fd245, 8505 
34699 13136ee4-e413-4a25-9c69-5d03cdcb4ed4, 8505 
335710 4bde5ad6-ca5f-4c8e-bc4f-241d6da406bd, 3919 
193875 5bcbd2fc-3085-48e3-be1e-c47b2769179f, 8505 
33049 a6e3431b-ed3d-4643-84f2-08b9f4782ab5, 3919 
319868 b9ba29dc-2c64-40b1-8694-137faec2e342, 8505 
56273 c716c49b-1b72-4feb-af32-905e9580cf6a, 3919 
169209 22ec943e-5431-4c43-ba3c-4761fa363f80, 8505 
367712 6093344e-bf92-4ea8-8cfc-55fdddac8278, 3919 
325479 aebbf319-b871-43c1-bb32-35afda851903, 3919 
309989 c730ae69-d835-4e6d-9be7-f88a216fdcab, 3919 
239605 0af6a6da-fde1-4362-84a4-27b6d8850bc8, 3919 
302146 ef469adb-8ebe-4524-b857-e8c73aab4dc1, 8505 
305259 d76e9526-8b1c-4fed-ae01-6f971fa6ddcf, 3919 
77452 866077c1-a680-451f-9ff7-b0f428bfe335, 3919 
85777 85f7838b-2835-4fe0-bdce-8727e4d8a515, 3919 
126002 ab10329a-6f81-4da4-a357-c69145ee4a93, 8505 
247659 1a23fbe1-cd6c-40e5-bb28-6fd10a939c76, 3919 
110922 a3568cd3-56eb-4362-a65c-505c4ac22162, 3919 
2235 26335ac6-500c-41b1-b1c4-ad675131f170, 8505 
369815 db86fda6-84a1-4085-8cfb-3b5eebe559b2, 3919 
130495 2562502e-155f-4056-b633-89ca8152cb55, 3919 
294549 63463cfb-6863-4699-9ba4-ea7d817b1a57, 8505 
329948 24963ee7-5eac-4073-84db-9ed5e716b6b6, 8505 
41437 a42ef9f4-2d4f-46ca-a4a5-57609294d280, 3919 
225676 19be9036-bbd8-4295-b742-3e0e76ae3bff, 3919 
106040 9382d834-efcc-4d0a-bb41-48e0dd0f566e, 3919 
322473 75730c12-f7ca-4b6f-a339-8f99f4ece0ee, 8505 
308434 cd871082-0d53-4b0c-a92f-e732d3b8ffb3, 3919 
272667 61cf35f6-61d0-46c7-a898-9db69b974eaf, 3919 
397407 a7cb7abc-5a4d-4d73-8959-ccec796046a1, 3919 
109393 25198188-02ad-4b91-8c6f-6fc292c4ddaa, 8505 
104322 30b54894-a90e-4b03-a66d-9c9e58912dec, 3919 
226770 edc2a727-ce78-4027-8844-d5beb582be5b, 3919 
347831 95239e2e-47ba-4f89-a799-ff7a37dc8979, 8505 
306393 a12048af-61e3-4479-8e2a-582b73bf75b6, 3919 
386016 d4c8f922-805d-469a-ae40-013696837b05, 8505 
150834 d6498e48-93d1-4fe7-83c9-8e35c85308be, 8505 
66561 7708452a-9c33-4a50-8fdd-a4c21ed3e77c, 3919 
84026 7caca3cd-44dc-4d40-bf03-fd911abd2cfd, 3919 
337966 b407c63d-c90f-45ad-90c4-49d629488f5c, 3919 
339129 19774e23-fcfe-46c7-8e37-78ac957d8814, 8505 
206606 408212c2-e717-4c38-b2fe-7c5dec4f4dab, 8505 
186780 fdd773ff-3d80-49d3-8d5c-dd0d9187b81b, 3919 
256278 dfe253b8-06cf-493a-9d49-3e566821db7a, 3919 
112236 ce0c64ea-55d0-4825-991e-0ebc60e2c119, 3919 
271913 5f3b4424-9b7f-4044-9af2-7b180c20a94a, 3919 
251409 efc8173e-0da9-4d7d-841e-398237dab291, 3919 
102447 1a96ad32-3564-4654-9e6e-482e5384b965, 8505 
88482 3b52fce8-0a0b-461b-b6bc-5af446977dfa, 8505 
362110 cd1ece2c-a87f-4954-82e9-63599af94600, 8505 
267552 dc088a3a-d1d3-4120-8204-503b41997ca5, 8505 
197977 a952620e-cef1-4ac1-b7c3-4cd9330e7404, 3919 
66350 8552ed57-cc02-4520-a5fa-daf230e24638, 8505 
315158 97d8b9c4-9bf7-4a1e-bcb7-4731ec8758b1, 8505 
339676 08482f58-fc48-4d92-b664-ec9b67077857, 3919 
170137 89fc0100-6b4d-4ec2-b2c4-d0c95f6fda19, 3919 
90329 38d22dba-9c5d-4ae5-a8a4-a36012b68a5e, 3919 
69209 d4d06244-ef08-4b2f-b927-723ac33eb82b, 8505 
345934 4506253c-874c-40b7-b703-c45d04541f9b, 3919 
389379 6cbe4d8c-fd8d-44df-ad10-b324959b0436, 3919 
61234 6f2d280e-0645-498d-bdf1-e409b227fb7a, 3919 
365330 7c6b19ba-1593-4135-a89c-e9c3b18e18d0, 3919 
16289 d2399e64-ca69-40de-a753-f2346c7a3525, 3919 
238267 7b99b862-3b7f-446b-8835-59a217830d96, 3919 
340659 4279817a-8836-4978-b79a-68ccfba75ddb, 8505 
131715 8edfa534-7ca1-4f76-898f-07c50ae2f256, 3919 
29734 de484564-5662-4110-bc0e-076f0a2ab4b0, 8505 
241170 2b403da5-45b3-4dc7-88e1-bc8d13b48ccd, 8505 
239073 4c347db8-21cf-4d35-9f7a-78bd3fc5841a, 3919 
190518 f2c3589f-49d9-4bb6-99e4-0dbba9ef98f6, 8505 
5223 1072ec8f-cc50-4cdb-86a3-0d842ef508c2, 3919 
197035 ff87b3df-bad4-4552-927c-adbee67be1b5, 3919 
87526 9c7eb8e3-b436-4655-8c2f-0fb1ea44762b, 3919 
366397 0212acf8-5d84-4d0d-b213-45c72a38cbaa, 3919 
345737 3cf7b5da-955b-4eea-8045-0b89c3e03093, 3919 
69630 7c2046b1-e51a-4ebe-b062-f0de67996ba1, 8505 
211854 a9ec538a-4d08-462a-b148-5d1749a0c0ee, 3919 
139323 7eda02c2-37ac-4500-ae0a-92f2cdcabbba, 3919 
172712 5d569af5-24c5-4aff-9adb-778662ea0d3c, 3919 
103021 0eefb7d5-cb45-4895-9fd8-f61748d4b938, 8505 
72186 efe4d80f-8789-465c-9e68-56af501999ff, 3919 
3768 5c76233b-ee43-4867-beda-b02d937e483f, 8505 
216646 b871d851-5c2f-4f53-ae9b-95d3dbc5aab4, 3919 
71464 d60f4f3c-cd95-40ca-bd4e-066b2d65e794, 8505 
283114 2f42a05b-8eff-43ea-a3e8-35bf1f2b4d18, 8505 
36541 5b0b86e8-695b-42c5-81be-d30d55cf0ef1, 3919 
178175 b44d461b-aaba-47fd-86c8-ccdf285b8dbb, 8505 
205404 e829caa2-e486-44f6-b056-75d261cdcd77, 8505 
213351 e4bf4804-6012-4c09-9e28-7a34b3c4dc3c, 8505 
345442 95457457-7047-4930-a58a-6583d9df73eb, 3919 
318299 14e70300-ebd3-402c-ac2f-e2d1472de431, 8505 
353828 30871b30-39fa-41c5-a309-244c503fd086, 3919 
342193 fb450ef3-e19d-4e94-901a-fbf9be733608, 8505 
267181 e7f02277-3061-437c-96e9-a3f8e0e2920a, 3919 
57743 3b55d115-bc5d-4f55-b101-334348e9d880, 3919 
107307 7107f8f5-4822-4ec6-a2a0-8dcee93e40d7, 3919 
231690 c678685b-d737-4116-b7a7-fe1449eb8940, 8505 
255812 f44aadb6-8ba3-49b6-aaeb-302be24ec5a4, 3919 
188661 08010d5a-0240-40f7-8bfb-f019eef8d608, 8505 
339488 8025e14f-2a1f-41a2-bd39-2452c1d12acf, 8505 
187318 0cc24f5f-28fa-416a-b09a-df670c51f284, 3919 
220712 c090bc5c-92ce-4e1a-adfb-d618e174e5e1, 3919 
15121 64cd414b-187c-4d40-8d98-98489ad8c8cb, 3919 
136200 c48df4e4-b71e-4793-952a-aa373b4b5b25, 8505 
117548 1ab4d56a-a473-4b37-9486-ebcb34fc60f5, 3919 
315603 7c9ce025-eea9-4192-a8ce-c804069a1803, 8505 
396742 30b9c30d-15ec-42ee-9505-7ab1f29e6e81, 3919 
227902 d0576e2d-e6f0-46d7-9ecc-e98bc2bea88d, 3919 
187302 b48617a2-0dc0-49d1-af88-de97a09fc6e8, 8505 
113650 a1503885-9ebc-41a1-aabf-5c956d16026a, 8505 
15185 a7297248-3c6a-468c-a5c0-7e0205dc4851, 8505 
69642 84ed6e74-fce7-4c49-9af9-1fe424172b4d, 8505 
45143 5eb027e7-1a31-49ed-9990-77374477548b, 3919 
115554 abcd9643-769f-48a0-b8e1-14071679af7e, 3919 
273428 441ba6da-4d04-4271-aee7-fbce8a9249a9, 3919 
42847 2d179347-e97b-4b12-9bf2-09348428b309, 8505 
105667 f296c3f6-89b4-4e98-99cb-bfab03e82743, 3919 
369594 1004338a-6288-4e58-8b15-fefed66b61fc, 8505 
361574 0e0f6592-0b06-42fd-9ce1-2fd0aad993be, 8505 
318359 e83813fc-b6e2-4757-8bf0-b52f9645a22c, 8505 
193934 1e871818-1450-4cf8-bf8c-3030b7167c6b, 3919 
304463 0cddac22-f97e-4e04-9bd2-f3de3174722a, 3919 
308189 12c71665-83a3-4b69-b475-2dd6c2e5ea5b, 3919 
100378 c008e5b9-1837-4ca5-8f0e-2ff005e5da26, 3919 
138057 9a5d150f-1a1a-4788-9867-650dacc53701, 3919 
106260 2294698f-74d0-4eaf-b144-7dfffd4451f4, 3919 
378499 25e29462-cf07-4b6d-ba0e-a4a0e6899b3b, 8505 
187009 f952db1f-f415-48e4-ae88-a15a48f99978, 3919 
252661 8df9ad82-881d-49de-b449-d3663b5bb124, 3919 
36864 85eea96d-b336-47d1-896b-21db9234f373, 3919 
361391 e0a95483-21d9-4750-b977-eb270add98c9, 3919 
85970 1629ab1b-f8c3-4f64-9af1-c95cb91ae323, 3919 
325902 cdb09802-c1e4-4a72-add5-669364a58578, 8505 
253087 09048f5b-7dd3-4123-9e10-b8e17459899a, 3919 
219220 17357585-3d21-442b-b92b-e7719a92d2df, 3919 
382670 89f50132-045c-4636-8e97-3ff0d90d2bf2, 8505 
20548 47e11ff4-412a-4952-bbc9-0ddd4667ab13, 8505 
188105 6dbcea47-ea9f-4703-a141-9a3fdf28130a, 3919 
194662 263f6975-9edc-4ab7-a7b9-2af1bfc2eb77, 3919 
353632 ffde7cdd-3cb4-4713-bfe2-742cce793e12, 3919 
46330 7c86f934-7907-432c-82d1-68073953408a, 8505 
100909 e1c97bba-92fb-44c5-8173-7ac78b98f59a, 3919 
381492 a1beac35-65d3-4961-8a2a-4c861d6db2ff, 8505 
95909 71364a0c-2a3d-4a05-acf9-03fbc236f866, 3919 
105491 33f2367d-ff7f-4c09-a76a-144560869a82, 8505 
51106 2e1de2ab-ce8f-4e7b-93ba-bb43b4592581, 3919 
232421 f0f31cdb-10af-4da5-89c1-18a9430ae456, 3919 
249019 e7f37dba-7b30-44ba-aa98-1b13234b6e24, 3919 
44899 d1be5c42-fb97-40a3-996d-ddb069cf2c97, 3919 
78695 49e3bdf9-5613-41e8-8a44-04c2e861751c, 3919 
254206 507bc007-61a7-483c-9863-97dacff337ce, 3919 
5291 ff6211cd-5bf0-4d70-965c-6813983679d2, 3919 
81214 d7c85ca8-c7cb-4083-9d5d-11e56968605e, 3919 
33077 2867398a-f156-4296-9802-1ea7b0da4100, 8505 
313534 51dfe766-fc3b-451a-87f4-2659d364d9f8, 3919 
326103 bcde8a62-6fc3-4643-b6b1-b19dd632d9fb, 8505 
264408 a30b9336-f9e6-4a4f-b55d-98d29efa79e7, 3919 
185925 19980a60-a2a5-42cb-bb5f-f8851889ded0, 8505 
205810 69da4f29-6074-4bb8-876b-7639f8965bf4, 3919 
354681 3fe88838-b824-4b49-880b-6e1c7d07f1eb, 8505 
154869 5511c5cb-b073-44e8-9225-08f7caf9969e, 3919 
227860 6308b44b-c2b3-44ee-9e26-81c46bf79787, 8505 
111687 6f7ac618-3bdc-4c5c-870c-6ba6acf9f10b, 8505 
72217 a6e08d57-be94-4485-800e-aa7d99cc83bf, 8505 
378760 bdb019a9-7549-4c00-8c4d-757a48a5d273, 8505 
363701 57ff758f-7cfa-4d54-9dae-5189e27e6805, 3919 
293199 d514e49c-8cb2-4997-9ceb-d1f576335344, 3919 
195023 5400519c-63ea-493d-8deb-5cf0a2f528b1, 3919 
6398 c0383e09-3185-4404-8361-c1138d673c76, 3919 
161849 627f5152-c31d-415e-9510-31f722ec687a, 3919 
242075 6f78c654-2144-45f2-a6e4-f5bc79b1e9c5, 3919 
214522 725e12e2-2d13-48c3-be24-ce50f34517f0, 3919 
15173 5c979387-f060-4221-977c-98e0c629b737, 3919 
344085 313f7e4b-6474-48c9-9c73-6510dcdabb2e, 3919 
352633 682065e5-e7c8-4a3c-b065-db8cbc876de2, 3919 
177191 ed26cbc5-1486-4969-b0fa-4b6b204543e9, 8505 
98348 eea73afa-75c7-48e3-b2aa-8dfc9ebe4b6f, 3919 
205958 2acd06f5-92f0-4025-986f-4d4787ee508e, 3919 
325629 e86d95c0-77e9-4057-9bd5-0d0c09238dd9, 3919 
377234 04deb18a-1a38-4f4c-af87-6774f27eb5b8, 8505 
283729 a9f642d0-8670-4bee-827e-12c3619e2718, 3919 
289280 97f85b05-986e-4e13-aa27-6c791f071d64, 8505 
189426 209908bd-e5ad-4729-9615-8c1b769b21c5, 8505 
69632 99b10029-7a73-4820-8837-2677352d2eb4, 8505 
7079 b0b6c73a-cf39-4230-b7a6-958ea905cda3, 3919 
371156 53d87579-adff-4a19-8bde-455a93b1a0d1, 3919 
40933 d635914b-4cf5-4133-b163-29a6fcdbeba1, 3919 
77333 9fafb8eb-ff49-42ff-95c8-95526bc46042, 3919 
64975 56067a5b-2004-4e0d-8e1c-7a526a840fc9, 3919 
337486 75421688-394e-49c6-84b2-5943270eb422, 3919 
334608 4cd14ee1-2d17-4fc2-abc8-97f2654696c5, 3919 
97313 f2de0ca4-8899-4026-9c7d-bbca662315d6, 8505 
303409 88ac5fcb-09d9-4b0e-aa1b-27104845d1dd, 8505 
382257 53ffe4b5-c677-4225-bc87-47d6a8e0062c, 3919 
237953 1a1d1b35-1c81-42e0-9e87-d45d35b38c29, 3919 
262670 eeac9e47-5370-4986-aee7-f3858b871675, 3919 
318269 e95dda34-1918-4c6c-be7b-e689cb43bc2e, 8505 
145804 74b99da3-137b-4f4f-b3ad-24bb9e1e5a3d, 3919 
148893 0c14ec39-c68a-44d1-ac9e-394404d88fc0, 8505 
300860 521c97d0-84b9-41be-94a2-7a5e385982a5, 3919 
150674 1da3009d-f4d7-4eb8-9b27-f8e811ff8ffd, 8505 
43221 1ac293ae-07e6-419b-a81d-f4eb5af839db, 3919 
224330 5547874c-32f0-4363-8f1c-47e6db9e3c01, 3919 
171392 18cb0ba1-36f7-4264-a2ab-7f3a00ad46a4, 8505 
145428 159f0f1d-d096-442e-a564-c7773c5046a7, 3919 
65221 7333ee15-cd5c-473f-aa65-3c5e4868995b, 8505 
110467 aadc57df-79f4-4625-9807-f13b3757df01, 8505 
175928 4b4e19e1-9d5e-433b-9df4-f6eb8d34abf2, 8505 
23847 903e48a8-cb5d-4471-bf83-93626b828f3a, 3919 
114646 95fabeb5-28e1-4152-b3da-85fa0c1ab4fb, 3919 
77390 cbe861ba-1d70-4b23-b519-d37d21e5da37, 3919 
5643 9ddd632a-f486-4b56-92d8-c65188bcad73, 8505 
161185 13a3c7f7-dfb7-4680-aa57-86f990d9507b, 3919 
304094 7fa32a9f-c754-47c3-a412-eba672ba2a67, 3919 
190707 a5978270-3580-4845-86e0-769a47c7344d, 8505 
340116 353d6d10-78f9-487d-9213-12b74f2e876c, 8505 
55577 80dc941e-d295-492b-ae8e-3197bc78516e, 3919 
226194 05e5aa0e-2621-4a07-be8c-79a9dd86137f, 3919 
312533 46c75f28-2030-4b11-b64a-52f0e312794f, 3919 
41346 28a4d01f-9f46-49ca-8d74-cefe75ec68e1, 8505 
372371 b6e17617-419d-4fd0-bfd5-cd20a60c62f7, 3919 
227309 fbe70155-b8dd-4c09-9e7f-1a5553a51ade, 8505 
221947 d4025eef-0a0a-40ea-8d8e-b55586eb4afa, 3919 
199507 2719de19-08f6-4ac4-8ec7-23a499bfb9b3, 8505 
379321 e36c6a48-c83a-47bd-9a7f-da1a9f911cff, 8505 
307205 64ff9a6c-e97b-495e-a3c7-500fd4186501, 3919 
265200 4fa7e979-f7ff-4040-a58d-8df24afc3772, 3919 
182304 852b44bc-92f6-47ba-88f6-18d1f7063514, 8505 
295896 ac8049f7-9383-45e7-bf01-79ec1349e5c2, 8505 
341412 da2f989f-c76e-4a57-b858-8bc0e944c30f, 8505 
313983 06f14f63-0d3e-49c0-8fed-51786793e1f5, 3919 
59900 fea936c3-c083-48dd-b62f-9767a9c622ca, 3919 
151210 aafa8ada-77e6-4213-9cc1-7c39849cc46f, 3919 
123937 aaf92271-aa49-4d0a-87bf-70d777d25fa5, 8505 
133777 7694a9c9-ec0e-4523-992a-226dc9d7a75d, 3919 
214361 5402cb8c-4890-4551-b0a1-71e6314da5ef, 8505 
207567 cba4c3d9-d9b1-47f5-b6fc-37a86288c1fc, 3919 
149131 59eefb3d-8a2a-4c47-91fa-5776e076bcd6, 8505 
141246 93c4235c-1ba8-4a34-8744-f769cbc9e71c, 8505 
43240 5e3e1bf0-f708-442c-9682-087165af3b29, 8505 
186629 9c3b6369-da21-4d32-ad54-b9774ac1bc27, 8505 
22710 a7197e40-431a-419b-97c6-330f10691912, 8505 
155134 8992afe5-c827-4702-8eb7-369832808dc0, 8505 
175743 239337c7-9f0a-44f8-92a9-8c9a23f2f656, 3919 
132104 c84fee0e-e606-48e0-a005-b5d4800ec354, 8505 
55284 508354f0-b4b9-4248-bb10-87da10bfadb7, 3919 
156614 e66b3672-be8f-4647-8d68-9ecbd051b970, 3919 
333835 543cd766-2a16-478c-8ab2-fe201af13533, 3919 
89719 1c95cd39-0544-45a6-b19f-7e4bc361d1c8, 8505 
70030 2c6ba2df-8bf5-4514-bfa7-b14ed1e90d31, 8505 
36340 6348fd88-8d85-4b66-b419-fdeba4e95a44, 3919 
330880 8da14db5-8245-471b-ad1e-1012af79b3a6, 8505 
200413 ecdc1cca-cbc5-4ed0-a5ab-fcc2f94d0220, 3919 
214313 7a886442-6a53-4fc2-8b27-bf05965d64ed, 3919 
159522 68099821-0ce5-4336-b8eb-9240a902082e, 3919 
154434 41a66285-88a1-4af3-8985-c0ca37cd56bb, 8505 
258102 a70aa59c-6dae-43cf-9e7b-b807ee34c019, 3919 
172418 d292bad2-6e4d-4280-9d11-c5e0a83f10c4, 3919 
241392 e488a170-6f05-4e5e-a5a3-fb89f5bdf494, 8505 
73020 2767a9a0-3913-42b2-93c5-aa8af1a508c4, 3919 
264970 d749b5c1-4295-4eb2-ad8f-f3a992ec1b6a, 3919 
195601 da5eb55d-c896-4b7b-bb16-a016f38a1969, 3919 
80298 2d29efba-be28-4806-9435-e71fe75d8c4d, 3919 
240431 9645d64e-675f-4afa-89b1-fabd16d9e5e7, 3919 
49074 fc1b2106-eb72-411e-85c4-9e7a3fe4efa8, 3919 
65814 2ec9c204-5b27-43cf-9c7e-0a69ca43db8a, 3919 
361046 9576afac-51d0-437c-a40a-4a1c6d5a574f, 3919 
58974 4b681563-46a5-4de3-a5e5-51154d79d0d1, 8505 
211424 a84cdb86-bdb5-46e6-b78f-30c86e72a48d, 8505 
73337 cdfba242-bed6-41fb-bfd8-f4008731cca6, 8505 
372136 fc58c1e5-4ab5-4bfe-aa9f-df61b9ba8630, 3919 
65363 542839e6-e58a-453a-af6a-9d0b9eac9511, 3919 
75458 5f26b618-6452-4536-9d9a-05daef7b711f, 3919 
339282 d6d5db9e-0764-48c7-a962-35c08a8d1d41, 8505 
89292 82d8e2c4-9bc7-45f2-a035-2a29882f9d2b, 8505 
374484 ec52c8c0-d9a8-4c64-8c37-1ae5a43bd427, 3919 
40347 afb2c198-424c-4b01-86d1-a8bf1297ef57, 8505 
199610 1f91b8b3-82c7-4f59-9099-f1b3b20c3ed7, 3919 
228081 568ffcc7-0454-44e8-92f0-9a61973d0c50, 8505 
51531 4d32a4d5-1807-4723-9b8a-dfef53072839, 3919 
119554 f6a95887-dd13-4f34-babd-2a95162bea91, 8505 
167100 77cbb689-1b10-497b-bff1-89b503cdfd9c, 3919 
71303 4557f83c-c020-4fef-98d5-1c34a74d3394, 3919 
124750 2f34132c-0b4b-49ce-8eae-61eeff4d0580, 3919 
234872 2e118821-15e4-4d1c-b70f-fcdc89c0361b, 3919 
71889 50ed6134-fde8-45d9-b114-ed782361c7b4, 8505 
26845 b6a79919-f478-4399-8620-da9461ec0331, 3919 
63334 ec3b73df-0e17-4932-a3b2-135a611b32cb, 3919 
30219 690267f8-ca44-4183-a11d-25d75d192b2f, 3919 
389386 36884313-37eb-473b-9184-cd3e182dc318, 8505 
315971 0faf323c-6335-400b-8dc5-2a0d32494ad5, 3919 
254383 20e0a160-fa4e-4df7-b5d7-663d86bd7e94, 3919 
395590 c48fa2cb-8f9e-4b63-a3c2-c7eb353edd98, 8505 
53946 8445e3e4-4eb7-4436-b3f8-8e4847af4d50, 3919 
279817 c206c62a-cb3a-4203-b887-e4042b7cc1e6, 8505 
404162 624f200b-68d3-4356-a9e6-1f22dd2fa38b, 8505 
199172 90dc86cc-be27-4fc8-a789-068c60d970e4, 3919 
71408 18955419-e0e4-49eb-80de-8d898b5fa397, 3919 
24514 9cc795b8-4976-401d-8cf3-1da973ff5db5, 3919 
111541 d0cb5201-9a3e-4ade-ae70-8d139e12dc9e, 3919 
151858 76cbea12-ec23-4f28-80ba-bb92fada3a5c, 3919 
269785 273c9993-28aa-473f-8a52-3cb9f381005b, 3919 
360469 3889d57e-5972-4b4e-ad36-74ee82e20ee5, 3919 
149005 b122ff5a-ed27-4607-b4a5-2d1cf913b0a9, 3919 
192208 bb4c4923-187e-41bd-8af3-c5aafcc40a99, 3919 
400094 e77ec0b2-3d60-4fac-ab22-3cee2ad0a23d, 3919 
343677 516fca1e-e2de-456a-bc72-ef878be981bd, 3919 
115258 6e512c5f-3505-4e04-8363-9e7751529080, 3919 
385085 a6963fd7-d6e1-41a1-a8b0-3e28257c58db, 3919 
373225 e0512749-8330-4761-9a20-77c8b119973d, 3919 
348682 d59ff9a8-ffff-4180-b3c0-a881da51d84d, 8505 
254522 c461c5f0-2817-4fbf-80cc-2329c7d04a0e, 8505 
29845 bf2b9374-e61c-44bd-b4ad-a6dfff11091b, 8505 
255043 fd37e84a-7cea-4197-bc4a-9ac01ef959ff, 8505 
375423 debb47d3-8425-4bee-adb1-4a8304f475eb, 3919 
269215 e040ebd9-8c0b-4029-9131-b1df793c2e18, 3919 
135771 ffeebf48-726c-471b-aeea-142b7b72c0a3, 3919 
219080 cce0ab58-44c6-4854-89f9-ae472e32ec4d, 8505 
296804 8c7e3e6c-ad07-4294-99b3-a9f2a33582a5, 3919 
394471 7ea28fee-cd66-4bcd-9f47-5152d1871be7, 3919 
303280 6f60fbd1-b91d-4476-9db0-4681c75e6c97, 3919 
187405 4c7713c7-1d86-439f-9ab4-1f048270525c, 8505 
377718 7e8a4fb4-4763-44bf-8880-100314d255a6, 3919 
123348 09905524-d3e6-420a-a800-431a5ca30457, 8505 
297215 395339ca-9477-4774-90b9-b15a040e1e74, 3919 
3484 aa750e6e-9a7e-4385-90c7-ce02c253a2cd, 8505 
111553 88bd256a-e7e1-47e1-a7c8-84410fb723f4, 3919 
23901 8902d755-c4eb-41b9-85ad-a994aff2bfb2, 3919 
364907 3ce927c0-20fa-4387-976b-4646bb1d83c2, 8505 
43935 5f745c13-4c93-47e0-8020-9ade5e32ed32, 8505 
164147 442b6349-ec07-4f54-97e3-86fc0049d9f3, 3919 
32234 ea9ac158-79d9-4bb0-9d55-9c23ea44ab1b, 8505 
111045 dccb2303-2b5e-4f36-a6fb-08b64c1262d8, 8505 
281570 708d8b94-59cc-4be8-ad21-3db088d43151, 3919 
394388 35c0f7b0-29f2-4e67-b30c-890898f7d4e8, 8505 
302867 ed2fc6a7-8071-4548-93fb-f687cfb2f471, 3919 
80020 5835b373-e783-43e5-8474-b29a76891378, 3919 
157594 7788811f-3bb4-4103-893d-35010bacdf78, 8505 
121409 2281b803-ff7e-48e6-a926-af1b00547f06, 3919 
299677 968d6983-c7fc-4fdb-9d58-0c9d5cb3ed72, 3919 
362021 539f5341-3e6b-4ba4-9fde-a23d5ba06bb1, 3919 
68346 dd0358b7-6f72-4e09-a1fb-74ccbceee074, 8505 
208571 54540da1-6c74-496b-9790-20a3995a9793, 3919 
68470 2b46796b-72e3-4f33-a2f5-4d1eea50a341, 8505 
289266 46d869c6-df59-4d01-b40d-4168dc5f50d4, 8505 
177269 d4a17593-db78-41fb-865c-6a105eebd00e, 3919 
283476 34c71a7a-034a-45ae-b470-e820c0d83b04, 3919 
179679 def4df28-ea79-4afd-a8f9-b303686dc1be, 3919 
331141 0c602a46-e293-49dc-83d8-579c1940363f, 3919 
367180 8f5b3911-2b7f-48ff-800b-c59d5e74f712, 3919 
123109 e75deb67-4f87-4cff-8c97-30d18e7140d3, 3919 
126915 58080977-7fdb-4012-b079-60c4af35483e, 3919 
208490 bcb8df6a-301b-4fb9-be06-b3167efb67d2, 3919 
128311 8314ce69-f04d-4a27-b16a-72a93b147fe8, 8505 
232297 6ab47477-4a11-43bb-a59f-c1c899f2efe3, 8505 
382958 7615a7f2-479b-4ddf-99ae-09cbaab127b4, 8505 
127182 47984acc-6963-4a45-98e8-0c4812457de5, 8505 
150775 9aaa45af-f6b1-408b-bee9-cefe4b15359a, 8505 
342122 29ecd818-dc8d-435d-bf35-f1ce47a2fc75, 3919 
68075 463a4e23-382e-464f-b28c-c1ebd2bb0d33, 8505 
308109 b4005819-031e-4b86-a542-f40538f26412, 3919 
345006 6eb0398d-7014-4908-bfaa-da02beecaa1b, 8505 
380242 b01ff1bb-2801-490a-8e95-ed0e91cb832c, 8505 
354481 1404e3fe-28b9-44f9-9e2b-0e5b1ccd5745, 8505 
186120 a3edb2c1-1cf8-408c-89a8-2e3fbdf90521, 3919 
333146 56d33f45-568f-4849-aaff-6f1e81459161, 8505 
93076 47e32244-b0a6-4418-8990-3745cdd132b7, 3919 
1055 22bc2958-7d6c-4a61-b8b4-3762afdf01c7, 3919 
33356 1676dc7a-79e6-4ded-950d-86ca16b12fda, 3919 
18147 d536c298-6ac1-42e9-a14b-b98425ed02c3, 3919 
357520 88a4e1ef-3b26-4b96-a9ab-9e92a47ec7c0, 3919 
140129 13e0a704-50a1-4eb1-b600-07a13c826dfc, 8505 
183586 d9f11d9f-947b-4f95-b7e0-a22496270e98, 3919 
78486 cde42455-ee97-4173-b38f-270f029dd231, 8505 
6299 99089d84-9692-456a-9a2e-6041cac49a1f, 8505 
44472 3a5ccdc8-4819-4ef9-ba72-f1d65c6397ca, 8505 
350005 0ce2861d-b5bf-4ee0-8493-af9c06487ec5, 3919 
257518 9ee67117-8579-403f-9d84-39cf4a355231, 3919 
372199 99e6b38c-282d-4428-8bdc-0a0a7fdfc4f4, 8505 
32108 36ae2e62-c2ed-4536-83d7-df82255f04ba, 3919 
333125 2f5cecd8-921f-4f53-b5d5-bfaa31c6d4f4, 3919 
83258 04be6220-ca2d-4a98-8ad3-1deddd147a28, 3919 
387404 d9e0b1a3-156f-45eb-8f95-2608bbaa8c29, 8505 
76997 79fbd98f-cc21-4bfa-b20b-f744a55538ed, 3919 
50019 e763af16-856e-48d3-b97b-075a4f828ea8, 3919 
351407 716f4f7a-6fea-4ed4-9252-abd7a203f0e2, 3919 
22387 817571a4-5514-4817-b7a8-6c826b3fef7c, 8505 
365022 5ba316e0-19b4-4896-8532-fabaf684d0a3, 3919 
105711 ae3bc178-4f51-4055-9312-5a603a413c66, 3919 
209688 498b05ac-573d-498f-beb9-876920f43f5b, 3919 
386259 ea9d947a-4aa7-4657-ba58-f6091804c29e, 3919 
214082 c32779ed-3173-4b7d-b3e1-849a6dbb8e4f, 3919 
213284 7be0994f-11e0-47b2-a54c-6d8900ad3046, 8505 
185937 ecc9e887-1e9d-4a2d-a7d6-9036d29c3878, 3919 
308013 c7b08d54-4f26-44b7-9259-1da4f0f84962, 8505 
309058 93e0553e-642e-42fb-8f10-1bd9e1a67cb1, 3919 
209756 9bb12155-2b2b-4387-b2bc-221898a6a5e8, 3919 
389100 a061303a-cfb9-4ffc-9388-1f2641bbe6d0, 3919 
290230 b01b9c92-ae23-44b7-b9c2-e1d8f066e2d5, 8505 
386110 3a33f476-93b9-466b-a206-232f66296989, 3919 
227672 a987ffcc-ce01-4ce7-8ddc-aba274fa9f80, 8505 
136243 726aab4f-baa0-491d-a035-1e92417fe9c0, 3919 
341969 ee78d493-3273-4841-a7f8-c465b866ddac, 8505 
252281 12f0b128-754b-453c-9647-71192a8cdb30, 8505 
38755 3e32e79f-8b2a-4551-bef6-154e6348f248, 8505 
400850 15877f00-e211-461c-8d6d-e135e061038f, 3919 
68803 786482b5-dc71-4626-a150-c01e1a454b74, 8505 
282978 be1d9464-d55f-425a-b0f1-1a3aa943fc4d, 3919 
30330 370ffe9f-332a-4f6a-9b67-78210e4f39d2, 3919 
83351 f01d0a9a-cf2c-426d-95c2-71a59f3b1725, 3919 
292221 6fe7113c-c5a8-4822-b68c-ebd4500d4c7c, 3919 
64036 1bc62b16-0a1c-4651-afed-67bc5bbef5d5, 8505 
243742 30455b17-df9f-4d13-a3ff-fb042839d665, 8505 
51662 986dcef6-6893-41f4-9058-f32649978972, 8505 
28416 d112e8e5-93c0-4fed-b350-38261a973c19, 8505 
175896 460081a7-5a63-473e-b849-bdc15fedac81, 8505 
31061 c70d30de-9a3d-4043-95a3-e0f00bd04fc4, 3919 
326433 8c04011a-325d-413e-b773-84bd5054c334, 3919 
37702 bba8f56a-a7df-40b7-b722-e7e5ad06993f, 3919 
52769 14805097-002e-4012-b3a7-6d2c8a4ee533, 8505 
399828 4db0a590-887b-4d52-b9bd-f002bf3c8c28, 3919 
59226 adb6533f-bcf5-4baa-b1da-8a2eb277e2ef, 8505 
398158 432a9303-c8c1-4a73-bed0-730b7f6fe3a6, 8505 
73696 2dbbb922-be23-4911-81e7-379986877f2f, 3919 
148983 1c6c10ba-3541-4d01-a8c7-34d4992a9576, 3919 
80723 3b967a3d-9cd9-435c-9d07-73587e2c2af5, 3919 
183540 cab1c2cb-6242-487a-bb52-757cde3ee318, 3919 
118984 8a0a62ed-a0f5-4738-bddf-ded097b82180, 3919 
290739 2a46d725-4d25-47c8-9385-5d00b887b744, 3919 
98943 2fc50e7c-6e98-44b0-8007-a61c33335a00, 3919 
34664 9e84ba21-e017-462f-ae09-044608d9c085, 3919 
275306 67c35fa7-c4d0-4bdd-919c-a9380eb6528e, 3919 
334494 18365156-a604-4bdc-a63f-478ac61e1e49, 8505 
153431 f6e08fd8-e891-4f60-949a-cb1a9035991d, 8505 
107621 3f1d11ef-6d19-478f-b300-341be7dd3e64, 3919 
308853 00e027f2-4522-42eb-9bc5-e091ec91142d, 3919 
154005 3ef1ad4d-c2a7-482a-927a-065e14caaa92, 3919 
120828 a49af502-5180-4604-a329-757818f0c308, 3919 
357488 58dc23ab-4c0c-48fa-9136-b1537eade138, 8505 
142991 fbd8dd9e-7af2-44b7-8310-97282837c6ee, 8505 
75529 0d11dcde-7d2d-48cf-88bf-10d662828ef7, 3919 
270275 a0c03246-5488-4059-a22a-5b3f68b7ec92, 3919 
313459 3014819f-70ef-4ece-9b16-4a1f99bb8853, 3919 
255196 3b73a981-a1fc-47f1-a289-c4ad1f98b218, 8505 
242145 75661624-a5a5-4dcb-aeb4-1ae99229e034, 8505 
137880 86d51be2-a66e-435a-8dc1-19f8988b2549, 3919 
6591 97623fc4-92b5-449b-b020-0dc09167c35f, 8505 
217262 b0958f19-e652-4665-9ae9-8800322b163c, 3919 
162520 6ebeb76a-25fc-49ac-bc47-22d565f1058e, 8505 
169049 40b94bc5-a718-4c6d-b583-6be108aa08de, 8505 
291686 0b0cbdf5-7a47-4d58-b3e3-46f7c96e1c98, 3919 
128858 5f0f08cb-9226-47b3-aadf-75799b24fca4, 3919 
6852 f0063421-f7f7-4a0f-8535-21b7ef91bddf, 8505 
4190 cbd58fa8-eadb-4321-8152-bec6047bc270, 3919 
162276 3e5761b9-dfb7-413c-984c-9542a5cc2b28, 8505 
387780 8604fa4d-e8e7-4ea4-a93c-902ecd1e705d, 3919 
309009 08dd3c16-7c23-4656-86d9-ca296d0e6a16, 8505 
301159 ccb79691-8c18-4c95-bb79-58dd7e7b3fc3, 3919 
144350 3cbbc4a6-525d-4311-83ed-2107435ef7f9, 3919 
157216 05271e88-f9c0-447d-bf99-1eabf3e2acd0, 8505 
250790 0c9a9710-eb42-4e50-96e7-5fb01cc48bb9, 8505 
196086 98b88e89-c1a0-4453-b76f-babd667f878b, 8505 
306392 f0aba7e8-2042-4a3b-8a68-4eef2fa11e99, 8505 
29468 aa4f63d2-f1ae-415a-953e-597b2edaadbe, 3919 
86778 ebd401e5-9544-492b-9da4-a319e377dbcf, 3919 
280635 68cfab52-71d1-4b73-bc67-71854116f60b, 3919 
85884 81980261-15b8-49af-a263-800fa7df5e3b, 8505 
104189 24a95a94-5663-417b-824b-97220818f2fa, 3919 
121366 10fb8f72-adc6-4479-b777-aff7860d8d31, 8505 
363404 065be411-6d5e-4a8b-9182-84d16a113077, 3919 
154682 1a1fd8ff-c25a-4bab-b224-051ca75d0bf2, 3919 
4092 483bd2a9-f086-4a14-acf8-6fb18f855944, 3919 
5743 ffddad18-ad2c-4214-be0e-c0f813e79dba, 8505 
199733 74aef188-3042-41c5-bdc7-4a2842b4a97a, 3919 
206152 60cfde4a-8506-466e-af7a-11973ea5cfdf, 3919 
264579 4c72d6d6-4268-4a20-99de-fdc338133c98, 3919 
124612 3b919002-c3f4-446b-afe8-98858ddca930, 8505 
106878 25a8e8e0-5da8-4103-86ee-0a5b160952b8, 3919 
374828 92b7c0c4-4b24-48b5-b858-ddc081892fbd, 3919 
327386 ad623fa7-6c2d-493d-ab38-690ab1be27ca, 3919 
392048 b792138b-b818-4bcd-bd82-0fb387be1f68, 3919 
43412 a69bb60b-8985-47fd-b983-b70f8d1a719d, 8505 
320097 9a3c201c-b2c2-485f-b468-8c56448de8d5, 8505 
174261 9b595047-2718-4c22-bb3a-4e30745c6b01, 3919 
164169 19dc5ee9-d9af-43c5-8212-c790059265f9, 3919 
378754 8d2eaf47-702a-4c47-a4dc-573543c02658, 3919 
106239 320b810b-044e-4d27-b6bb-7b663360af24, 3919 
222212 4e0c50b1-461a-45b5-896b-7f89f7636636, 8505 
188831 67cf75a8-b974-4f95-b9ce-fdbf5a5ff28e, 8505 
248048 d115d93e-d426-4c65-b0d7-987ca005ebd9, 3919 
178289 9a4a34b6-a63d-476f-8f96-fc6009e4eadb, 3919 
279440 a23157af-baef-4865-9c25-56e083bef0c4, 3919 
181273 76b5d5d1-0604-4c8f-bf2b-134108e88dc5, 8505 
309226 8475b3b9-d67a-4579-a477-2f740a845b48, 3919 
142169 8a380d04-e056-4edb-95aa-01b437439b5f, 3919 
83420 3717b877-3e15-45a7-8a20-d2efa33bb46c, 3919 
192242 44a1e7b6-50f0-428a-bb30-2d9ea5e3cf45, 3919 
116303 e1ce45eb-7ac5-4d67-815a-652c630535d2, 8505 
310177 2efc4307-49e0-4ea5-8548-dbb475d5238c, 3919 
257153 a51434cd-2d6a-49ee-be57-3bc1886a6eb9, 3919 
62230 699da8d2-8df5-4ed9-876f-143141c8a241, 3919 
403335 1f8cac80-901f-44a7-8cbb-477ea6d4ceae, 8505 
83969 1370ee71-e832-4548-91bc-5be2f339bad0, 8505 
387371 1a2ecc21-b186-4f80-9f94-35e766a4803f, 3919 
93 2e5ef1c7-da2d-4e12-b0df-229f822d34f8, 3919 
188381 d55d5677-3bec-48fa-b38d-bcabec6a9b6d, 3919 
71205 c2ff3dac-ab4e-452e-8c9e-cecb9c17e7db, 3919 
333456 066e0b97-1f98-442e-bbff-26ac6591d7b0, 3919 
217026 4de8249b-6a07-43bc-9c0b-07170524fc7f, 3919 
94508 590b28b8-61eb-4465-84ab-6f3b34ade5cb, 3919 
20087 63252dce-0af5-49db-a729-9659d698f413, 8505 
353837 6d38ebb9-3992-4c04-8c9b-db7b99a14fe9, 3919 
93178 206f4281-465e-4be4-b6cb-d63a63bad21c, 3919 
244504 bdf7af70-4443-44ff-aa91-e3e1f0239a9e, 8505 
161844 1cfbd98f-6361-456a-ba9e-3fc1e3ec14b5, 3919 
83019 ed256a59-2f76-4821-89cb-44696f163073, 3919 
287678 b406849c-9989-4c5f-a571-d485e79d475c, 3919 
282913 f11bbd3f-ed69-4fe2-be4d-999d66eb53ed, 3919 
277665 b112f18b-05e6-44fb-8c5c-c50c51e9427e, 8505 
143167 1e14a6bb-641a-4a81-bb45-1de335a70c2c, 8505 
146096 caf981bb-7144-4b15-80e5-12c1b7189b68, 8505 
340303 d03b1fd1-0a55-4aba-a3dc-e1084b9d90a1, 8505 
398808 db251526-ab56-4abe-8e3b-604a11612468, 3919 
61419 af161cf0-a568-4dc0-a513-90e859a18f95, 3919 
284064 de18504e-fa29-4063-ba1e-a3a5e9f0333f, 3919 
369082 0b438029-263d-4043-86c0-b8d635da1a76, 3919 
278511 2d1a8e93-5f54-468e-8a30-cf460c75f10c, 8505 
379162 b6532691-fe7e-4279-a2ec-786eacb48d4e, 3919 
287410 1655ecaf-7965-43bf-9f27-db748067b784, 3919 
69726 0770462b-c196-4a09-ac35-84d104b228de, 3919 
82646 03230a09-4905-4c21-95b2-c6ab7e6d3b8c, 3919 
63499 1b60252f-93ac-4815-a549-ab9c8043d575, 3919 
187928 27df7c9d-3e46-418c-96fe-4ef9904dfbc8, 8505 
356683 5cb96a08-7700-415a-871f-8c7e50f1ba5d, 8505 
17345 cd115e1b-4c67-4b52-8b0c-bdba8807f239, 8505 
28893 d22961b8-02c3-4627-9263-c14e0ab7ea1e, 8505 
181301 9f03a6e8-c9a0-4552-9113-a6cc52357b26, 3919 
56954 3b977594-0b69-4457-9ba0-ac0c534594fe, 3919 
265547 b450c7a0-645c-4f90-a0ca-deec9cc585a0, 3919 
10654 73604e0a-4f06-4fba-b671-5618cdece7d1, 3919 
15828 9a87240a-26b5-4fc3-b178-9adaf63b531f, 8505 
377875 f5d149d9-5907-4740-8b25-e339a1db5877, 3919 
359111 5c0b8c94-9fd6-457c-b66b-2d4515246f2b, 3919 
115732 afbea512-aa13-4c7b-be4e-e7c85142f3e5, 8505 
350563 16c1b59f-3177-4fa0-b725-179610ad893e, 8505 
82951 404a3827-1ce6-49a2-bec5-e1b34397500d, 3919 
266540 dc440b2f-c990-4020-ac78-f78694116b15, 3919 
181721 eda8264d-231c-4163-ac7a-47f42aa76d81, 3919 
160793 77198206-f967-4121-80b5-4f3c21562f01, 3919 
61868 51ed99af-2310-4cac-8c83-a113118b4b15, 8505 
43142 7f705a11-5c4d-4067-9511-98eeaf5cd4bc, 3919 
377149 6ac06904-3d9e-4bb3-8163-bcabcaccffd6, 3919 
211645 2c24d2e2-840b-41d1-b6d1-ae8c4d2d8218, 8505 
400247 9a398074-4f35-461b-aacb-c1d7ccce1314, 3919 
182488 6db50ae7-f937-46e2-8140-f0877e7a1ea0, 3919 
109969 040ed00f-cee8-4fb2-8000-afb466495b38, 8505 
237013 28e96957-5f6e-47df-bf21-c08bc4e6e37f, 3919 
158904 b178a5a4-2acc-405e-a4c7-0c3ea1993e34, 3919 
48611 7ebfb866-b71b-43d4-be88-1c7073264b29, 3919 
287088 db30c68b-dd2c-4f5f-b32b-e275c306368b, 3919 
362552 978f5369-cfd1-4168-9181-014bc74a30c2, 3919 
85997 65e139b0-cae1-4b70-a2f9-2fa0a4d1b6b2, 3919 
393879 31f93c49-feee-4eed-b0da-1d50c690fdd5, 8505 
59948 cc23e351-5401-4b8c-ae6a-d954d7120bca, 3919 
385353 cfae2c49-0898-42e0-86c4-8d1bcd467834, 3919 
134101 b00ac5b3-67b3-47dd-a793-95f634c63c92, 8505 
341945 9a2808ce-7ec0-4fc8-abea-70ad74e82f8b, 8505 
294393 ac0477d8-d16e-4f44-8c05-6e7ac536a948, 3919 
266515 d37a5fc7-a018-44fc-8045-6a30c9aa59bc, 3919 
40018 99906d35-9567-454d-ab68-d033320e82f6, 3919 
256166 dbe14d92-3244-4a4a-aeac-414b15e16ab1, 3919 
200430 ef11e4d4-77ec-478a-a225-ba1d38af1a84, 3919 
62866 b8374db4-46eb-4421-868c-4e745607706a, 3919 
244328 512d4a9c-6749-48ba-8252-ba39f75f2510, 8505 
13940 13d95966-0038-43d6-9ea0-f4066d0514fb, 8505 
325217 a629fee0-56a2-4162-8c31-e1fbd1973ce7, 3919 
398414 8fdafe38-10d0-4ed6-acc3-662bcb078483, 8505 
270651 80d58758-aa71-4cd2-ad4d-54a0aa3d51dc, 3919 
129778 5f57eba0-798e-43a1-8a63-f1ce459938cb, 3919 
398141 8e308135-fc12-4ee0-8e07-c3d9f6b71aa3, 3919 
43425 86349ba1-855c-4405-8672-379662c6c829, 3919 
307134 bede3313-5d2f-4e53-bc32-ffa652f3db17, 8505 
530 935473e0-7abe-4507-b86a-9b7986e78916, 3919 
323280 c3a652ee-bfce-463b-81d0-4a85b5f533d3, 8505 
370141 4fa7c571-a689-43dd-a0ec-0b7f83d58d5f, 3919 
51995 c80d1eb2-9792-412b-b4f3-1517a1367a93, 8505 
152201 eb5a855a-bf08-4620-a19c-ad7707d4f659, 3919 
356788 3919ae54-392b-4b0c-bdf4-65f6b1e7ee5d, 3919 
281320 2b03ca6b-5ffa-4d8d-a182-c053df8de4b1, 3919 
114087 4d3c6278-c66f-45a1-916b-35ec08fd2fa7, 8505 
2207 bfc817bc-5b7f-41ed-988f-638e8378d945, 8505 
204217 8e4839f0-56b6-4fba-b941-54400c846f97, 8505 
140142 d85e3b42-6f4c-4d73-b240-839429138d37, 3919 
350807 8362b26a-4af0-4e6a-9e1a-c7ad33e4d61e, 3919 
68407 ac4fb5b4-84d9-459f-8a1d-b15933ffe244, 3919 
74433 138481a9-44a9-4d77-aced-e77dfe0e4d9b, 3919 
360980 a674d54f-df9a-4778-a66c-12c3a1b53f77, 3919 
46723 340b9718-8ce9-4f5d-ad1b-d3dab9e7b383, 3919 
121140 4ab6bbdc-055a-45a2-b1b1-7e320c9dce27, 8505 
278715 3823b626-5735-45a4-b77b-f45f7974e09f, 8505 
161999 0f0505d4-db87-4a72-bf1a-82d167ba7297, 3919 
176762 3ffa7edf-5629-4194-bf46-7997aeaf7c98, 8505 
345226 3aa6f2ec-b2c2-49ef-98eb-ca00b06cd48b, 8505 
302288 710453c6-8bf0-4532-9337-b45927618168, 3919 
235036 bf7bb3e8-3ba7-47a4-a807-47bf360312df, 8505 
315804 e70018bf-5ca4-47dd-ab85-053e661b42a2, 3919 
181266 beecfcdd-cf09-4cda-b796-e830013eeef7, 3919 
178361 9443969e-678b-461e-8f39-b38e9da269c2, 3919 
341493 197f025b-6831-447f-a88e-fcabd0a3ab04, 8505 
298234 d08e4043-1367-49ff-ae65-b169c81e20b3, 3919 
322009 eb267828-663e-4067-8d13-fd07dcb7a99c, 3919 
233059 633ab59b-016a-440e-abee-eb371319ecd1, 8505 
219468 f65d4253-9853-49bb-9309-5f4a16f4e353, 3919 
194498 e92d53ae-a3ad-42d2-a023-3bda2ab80cbd, 8505 
208818 3e0adfdd-642a-4282-965e-dd7348b14093, 3919 
228652 2cb9dfe3-f7cf-459b-ad68-1381ec03a37e, 3919 
193804 de2524a2-b9f7-422f-aa4c-b6614ebd4ff4, 8505 
136824 eb61c0b4-8dbb-49da-b4cb-4354166ddb8c, 8505 
220399 bc605014-11b6-4f7c-b385-46b537233eb7, 8505 
25512 2ab6f815-28eb-405c-94d8-8e0bfb9cc96a, 8505 
387765 abb23f53-0ee6-4ad6-b194-864bcaf0e7f3, 8505 
115556 715f26c4-1212-4ad5-bdfd-fb39eb81f41d, 3919 
224497 4c781dd1-8f38-4e4d-b431-5366156fe9e4, 3919 
136559 9082b56d-7813-4fdb-8535-0f3d34a1fd71, 3919 
328437 55c12452-5f40-4fc8-bc22-95c60904bbcf, 3919 
29351 0f46dc46-5db5-461a-8ab4-d0c9825e8086, 8505 
290965 d7594684-ed39-4be9-a8c6-ec908f6730b4, 8505 
351992 81a31745-f36c-4649-b385-fdab0d20288a, 8505 
357431 f48e3996-32e1-4957-ba2a-fb853808838c, 8505 
242671 cee7fde5-e1d9-481c-88e9-59fc781f9f62, 3919 
43783 2310e1a7-6c66-45d4-9a05-7951a12aba8e, 8505 
307489 0b32c544-c042-4e32-860f-d2d6d1338b8d, 8505 
401246 2664f85a-c769-4829-92f5-6203c3ab0682, 3919 
105843 29025189-8391-4e7e-82b2-08b635ae73e3, 3919 
109768 4bfa2da1-ea81-4f1b-ac56-4bf3e36430e5, 8505 
187880 d16db54c-736c-444e-8c87-26ef2e218fec, 3919 
373514 195f8405-5f55-4099-a5d4-17009f6cc7c1, 3919 
127623 a7458976-a60b-4cf3-97d8-f5871201317c, 8505 
305168 5c2f285b-b918-4960-81c5-52268859ad03, 8505 
238984 1e3ba0ae-6fa7-4f3a-bc7e-bf1e3b0a5fad, 8505 
395147 03c5b9b1-cb57-4287-aaa7-90688fadf792, 3919 
365205 36482618-2187-472a-9f7b-f005d245d62f, 8505 
204491 e6835206-a0fa-4e1a-b6e5-58d462f2644f, 3919 
86680 393fb0f0-be6c-4346-8520-c24fbb55da59, 8505 
206240 3219eb8a-0a42-418d-9226-d46d40a1b500, 3919 
108681 af741188-49e4-4917-b437-388850f4863a, 3919 
370187 a4b5dd05-f8d0-4f1b-89c1-0ae3fb11b580, 3919 
326722 46b913e5-3a4c-45e6-ae08-2a54c5d77229, 8505 
154124 f66f1b49-1b10-4d99-9d8f-285b7edf7de0, 8505 
166242 9b85cf32-6244-4cf4-8154-88d61be4b561, 8505 
298821 08c063a9-f1aa-4539-8472-a8cf966a86b7, 3919 
31201 ecb77160-1e99-428e-b381-43dd502b4519, 3919 
70778 40cb4599-3706-4fc2-84c2-0f6a6272aa93, 3919 
215358 a25c4ad9-eaa2-406d-8aa9-352b0c0ebb83, 3919 
369328 e83f64b2-cf95-4c2a-8df1-63cc5800a5a2, 3919 
391075 c124af9e-e455-491f-9b0b-3c07e00c0af6, 3919 
165429 8f6c529a-163c-4c02-9779-aa0ad7c59043, 8505 
282511 e503862a-8062-4738-886f-fe517f7ff68c, 3919 
404156 9a27c348-ffd9-4187-969f-0b328fe9237f, 3919 
240606 12acc6c6-1ba9-4508-a5f5-0057deb9e9e6, 8505 
304317 19f61457-ad11-4829-b711-ab38eef89a4b, 3919 
166365 ff8bc2e7-7ae9-4a3b-a083-af693621bdb5, 3919 
166758 76c6dd53-4b23-4677-881c-743879638d3a, 8505 
99278 d96412c0-d723-4785-82ed-e4b99500dc4a, 3919 
46857 00ed21e3-bdff-44b4-b942-94f8d047468e, 3919 
92427 bca300b6-f03e-4737-8c67-bc94a5993e37, 3919 
293410 ffcda0b9-84d4-43b8-96af-666304eaad5d, 3919 
4974 04541fb5-5de6-450d-a8c7-f7ea9a36c494, 3919 
390111 0cdb88f3-863f-4a6f-b6a7-c3878dba7087, 3919 
326843 d962d17e-2706-4202-9bea-55600ed17c36, 3919 
282419 37815a9b-50fe-47a2-b510-ce9a5c62abea, 3919 
183768 1217e48f-4374-404f-bb94-a410f13e7dd0, 3919 
307190 ceff83f0-2c4f-4008-b915-499a5be19402, 8505 
148686 35b9f102-18f4-4e7c-b5e1-d46837f94279, 3919 
301959 14a51ffb-1024-4166-8f1c-55243a364225, 3919 
200539 41dbc5d5-ba84-4286-9e34-d4d85185a788, 3919 
210571 aa372abe-21e5-406c-8e33-4af8b661c690, 3919 
65634 41af974a-1562-4c5d-a13c-b9805798a971, 3919 
304684 1f3a35cc-d545-495f-8d3a-7d7f9f52b04b, 3919 
154082 c5ffc217-276c-4705-b944-bdb03cf7a1ee, 8505 
236259 d8ce55ae-564b-4e59-8235-f89c3ec8d15c, 3919 
404212 f56d8f22-fcec-4894-90bb-fc3bafe39aeb, 8505 
68227 fec65079-f58e-4dc6-bc8d-db701d544fd8, 3919 
240633 1b98a8c1-363e-4291-8615-67d544d94134, 3919 
327009 5880d9af-fba1-4e60-a3cf-8d9fb0156b1c, 3919 
84623 d1814f96-1d41-4ef6-9514-03ab9dc5effa, 8505 
274695 efbf8582-ba8a-460f-a71c-00ce2cc0b534, 3919 
179064 768537d4-f0f7-452c-a8fa-88d7c9203bae, 3919 
331809 7f7998aa-7da7-4d21-84c4-13e68d401397, 3919 
217652 cad32709-ef58-470f-8e9d-42cfde8b7758, 8505 
382008 07644d37-617b-4c6e-9dd7-fea6b6d09514, 3919 
176240 1de5a167-4131-4ab3-b98b-40308ef4e0b6, 3919 
347120 c9fe5720-593c-4f78-8067-c47097a42404, 3919 
137805 e36caef1-71be-4a9a-abc0-c25ba476c5f9, 3919 
291814 6cb0d377-13c3-4c7b-b4fd-740b6c35520a, 3919 
227255 6537fa1d-84ec-40d4-a38b-25381dfae304, 8505 
218532 16dbfa3f-1c8f-4244-bb77-409aa20937bd, 8505 
3035 6d985ff8-eb88-4350-974b-b0ee1eb7bc3f, 3919 
101051 ac071731-7b9d-403a-9944-31bbd39c8622, 8505 
384380 aaf75cce-66e2-4a3e-ba4c-16530bba9a2b, 3919 
161134 72f1fb12-94fd-4916-ac64-2eb4f85f7cc1, 8505 
90974 5d3dd753-4bca-489d-923a-90e2d323b74e, 8505 
53949 dbe8f95a-7a8d-4cb6-acdd-aae628a2b6f6, 3919 
139802 cb475153-2848-44d6-9086-037686936f4e, 3919 
267319 663f9825-ed2c-4d0d-8cf2-04673b55146b, 3919 
189246 21fe898b-de19-4cc5-8013-150e6315b933, 8505 
241920 171a7fec-169c-42b1-820b-7e112dc977aa, 3919 
328332 94ea42ce-7403-45e5-b007-5ef64039bbcf, 3919 
37000 146a9241-38a1-4383-ab68-26e821c91af9, 3919 
267635 e35fecc0-83f7-4826-b2e7-9b482d3d8454, 8505 
126374 48b0b3a6-fdd4-40f8-bdbd-af0305ceeefc, 3919 
361726 a74f38ae-c626-4f44-8fad-fece0ec3cadb, 8505 
371823 62728cbb-620d-430a-a283-80b36d11831e, 3919 
245840 a7ecd156-ebf3-48f7-98f9-ce59524ca041, 3919 
358174 745f0776-f1cc-4b43-819b-c019ef3de593, 3919 
138988 fbf65c60-1f69-4115-a177-01a5cc4002d0, 8505 
222890 2750523b-d2d3-40e8-87b9-7f16b83b1e7e, 8505 
72880 3844ff89-b900-4f40-81f3-a0fb3e1d8ef3, 8505 
310490 ccf13b53-79da-4302-a790-6c5514d76762, 3919 
119898 f2dc3327-a128-46bf-98a6-5936838e1d5e, 3919 
92302 bfa376a3-99de-4afd-8359-ca0bd46e2ca8, 3919 
119835 8862d116-18c9-4589-b1ec-5df08065988a, 8505 
140974 10f10dda-c354-4bca-9b01-80017bd596d7, 3919 
119191 d26a254e-ae9b-45b9-9d03-dc9984cb882a, 8505 
253053 925818b9-17b6-4a86-96db-5ab7debd47da, 8505 
70566 56c20e20-e4b8-4ba5-8efa-a78b84541d6a, 8505 
361582 0a73010a-c110-4f82-9173-561c5ebe49e0, 8505 
77171 7fad2910-191a-48cf-8d72-23d909b72651, 3919 
48799 2e8d13d3-a0eb-48e8-b4a0-5574c275f950, 8505 
68437 13673638-8350-430a-be90-3394ee81861e, 3919 
171242 06f5d625-b647-40a9-8089-dba604e55a94, 8505 
392143 1737c3ab-2e49-4bee-ad45-7599bb6c25cf, 3919 
170025 ac7daa72-1adf-49b2-bb95-b5a1315a20f5, 3919 
190928 29efddda-2c4d-4ecd-a1d4-ac2b1723e5a9, 3919 
342382 b4bdf5d7-97ab-478b-bbdf-9777aefdd926, 3919 
49114 ab2b3b81-8216-4927-a36a-af1f32b38856, 3919 
5689 a472e1fa-897d-4dcc-939f-7a79a0787abc, 3919 
170255 f3cfb919-0f6f-47bf-bf3f-5034b25a152f, 8505 
142726 491193f8-1fe9-46d0-be0c-0ac0d54a2770, 3919 
225954 6b5fc47e-d9cb-48cc-bd2f-32925930554c, 3919 
3273 47cb85aa-4572-440b-9040-fd80837f2196, 3919 
164860 a4f3b2a5-7655-4ac4-a2b7-0ff2e6a01ec6, 3919 
27454 9ac4a855-8141-4f0f-8bf7-ecbe69796f9d, 3919 
170440 d14774aa-06fc-4bee-96e2-46fa79bb27ba, 8505 
164723 ef4b736f-038a-4992-863d-44c53bc9971b, 8505 
216703 eb5e5227-15e1-4f5a-80dd-4c6b4062d0c1, 8505 
306653 567812a0-5de2-4d0b-9183-0f9089a2bed1, 3919 
244533 b4ee3408-d153-4b6b-a177-392a67aecc6d, 8505 
183052 5b68d8c1-19fa-423c-b087-d43492b28e18, 8505 
178508 1bb4c217-d3d7-40ff-800d-a1bf39f95f1e, 8505 
315107 2f5ed6a3-0a9a-40eb-a103-3c252a92507a, 3919 
325006 49e090df-de83-4739-952a-492462a7e47d, 8505 
33841 90808946-4ec7-4c44-9112-2bffdb292c52, 8505 
348340 806fae81-6416-444c-83e8-81b0ccf181ad, 8505 
364832 22b6e487-8a85-42e6-8958-adcdc0fd677b, 3919 
285391 8b8807ea-19bf-4c0c-9a0e-3eb8227f957a, 3919 
260383 82063138-8400-4803-bbff-910042106d27, 3919 
386796 333f4c88-aa37-4884-b406-cc06a2e7e62a, 3919 
335045 1254d1da-553f-47b3-9d24-19e373512369, 3919 
177774 d89d0692-4067-460f-a04c-bf206762f13e, 3919 
139145 16a3168f-2a4e-4f73-9f7a-bfc8b29de072, 8505 
189527 9fd40c7a-1086-44a7-b182-6e205a9da27b, 3919 
303819 3020f02a-a7cc-4a32-a146-ac9a5cd7812e, 3919 
222262 a62a23a9-acbf-48e3-80f5-82af3d34976e, 8505 
179791 aaa6281e-173d-40ed-8dd0-ffc1c892b89b, 3919 
245291 5e1025f2-3b3c-4750-9f8d-d9b30c130d58, 3919 
197674 7903e8cc-ec7f-43f6-9a15-0a13e59381c6, 8505 
361747 b22e1561-f2ca-4e93-9953-1000a5de2b5f, 3919 
110614 50871bca-491a-4d46-a7c6-32614e43c38f, 3919 
349730 dc7e63c1-9f9b-40b7-b412-5d838f885571, 8505 
342919 d568eec0-5285-465a-b658-5c600d5051e0, 8505 
219610 56b1fd91-238d-4f98-8fe0-58aaec8649ee, 8505 
141470 e7121c5b-976f-4aa6-9de4-bac1a4d2ddd5, 3919 
215483 cf675bf8-5f05-45e7-b2a8-7729e39421d8, 8505 
73873 c0b4c537-a46c-4a24-a336-0c413257fa07, 8505 
310358 86e5d4f0-ec81-4c9e-a934-7eb813992c24, 3919 
232241 72bfcd6b-875c-482b-ad06-fdc6f617d265, 3919 
105147 b17e27cc-5467-4fff-8294-7e97d125ab1c, 8505 
280881 8f1af77d-33b3-4ab7-84b1-619a7db914e8, 3919 
165082 6bec257c-ed8f-475f-8dff-67994d5fef8a, 3919 
377425 39df9521-32c7-4ffb-b78d-6dfd082d2791, 3919 
398386 10684d8e-965c-4a39-a564-142cd680764e, 3919 
101881 2c22b37e-0c9a-474d-b0fc-deace4f6f06b, 3919 
361496 b28d3df7-1503-4589-9ce3-4b0b67b08f0b, 3919 
366252 5067dacb-f6c8-4d97-9699-130f1a8f0e63, 8505 
335176 02bcac81-53bc-4e25-acd6-f207ac445e46, 8505 
109554 682493c8-e2a5-42f6-bc2d-02057dafcd51, 3919 
298988 6bd70b4b-ecda-4d73-b4b4-5cc835c16d42, 8505 
130553 9c43a2d3-8ba6-49e5-bf84-daf685a32d6e, 3919 
188266 030b3c95-7cbb-4749-bee2-f256793c073f, 3919 
122029 fcffeb83-eca9-4b67-ad77-a1e79d424b68, 3919 
162635 70212f6a-5165-4f74-898f-a20ba6a84efd, 3919 
127918 118b4ce5-4d7c-407e-9259-608c9a195232, 8505 
386119 e5133b8b-bd15-422b-bde7-4e6e9baf2d45, 3919 
397443 37160630-30b3-4789-b2ba-7cbe58496d39, 3919 
352562 f6a6b4ca-dfe0-45d0-9bd2-808968eb190f, 8505 
312082 b15e3e8c-aa30-4f0b-a667-8b8db6c27dfc, 8505 
277050 11710c60-900f-4de2-89bc-8206573dd62d, 3919 
376406 4b1a87c3-1ad3-4151-a01e-6b237c962ceb, 3919 
327503 2f0effe8-1327-44fa-b1dc-161725e69a0f, 3919 
325571 de545915-8821-4371-8f12-87251d354b8c, 3919 
252162 95da9bdb-0e2d-4463-8f9d-80bfacd0c7fb, 8505 
37870 d20cf73a-75ab-40de-a772-74600cd7d240, 3919 
202747 c5116362-1e70-4b31-addb-15fee04a8e18, 8505 
190035 c1d2f5a3-3002-4606-87e7-86d580438f95, 8505 
201472 c036745b-2c20-4115-83cf-3aa16aadd007, 3919 
288448 249dc64c-98df-4d00-8fdd-72394d629dde, 8505 
177990 49c5a488-188d-4d30-a1be-1925982ca0dd, 3919 
334057 6c4c4c46-8235-4709-87df-6ad25ec137e4, 3919 
282180 235cc895-ac7b-4dc9-9fc7-28d8169c1599, 3919 
38827 ecfe0a76-8e1c-4b3a-a382-a470f8ccb635, 8505 
173585 3cfe586c-9ffd-4dfe-96a8-168d06004d64, 3919 
123413 94a32c74-597b-407a-b7ed-cb2d126d827c, 3919 
167405 6b2dc145-0680-4175-b09a-1a94c7c83e33, 3919 
4873 16e65b1b-6c1a-48d3-8824-5cae20407b89, 3919 
102390 cd29c83b-4aa6-4648-9043-5b3bf60913a9, 8505 
270533 30ef61ac-83f5-40b4-bc09-f09c840bee31, 3919 
114283 4630202c-8d1b-4943-abd2-7c838308544b, 8505 
102478 8b43b5ee-20f5-4469-816c-b0fa0a3609a8, 8505 
135851 6b5dd6b9-417d-4368-9e85-83c6442aa5b0, 3919 
285512 38627dd6-2c16-4c61-b348-2a5313be4ecb, 8505 
158233 40fb9ca9-8593-465a-8246-25e77f6e3db6, 3919 
220515 9d4a67dd-5a0a-4ef6-a6c7-d3d4dc49a0af, 3919 
396263 c3571af8-4df0-4ad8-9b7c-3d5278e00a3f, 8505 
65022 76ba67b1-5498-41cc-93c5-a27cd3ba39f5, 3919 
264352 845f20dd-5aef-4bce-96b3-e7407338cfaa, 8505 
245825 017a22b6-fb3f-4121-9666-6467ef3304f6, 3919 
60298 cd366eb1-d084-4b78-8275-340265c51538, 3919 
125547 f91830d7-8c1e-4055-9f7c-5e6541d2795d, 3919 
206801 c5d69091-bab4-46cc-a487-a1628bdc1bce, 8505 
128906 fcc336b6-440a-43fb-b055-c446d70850d0, 3919 
91701 53527788-e820-4f81-a0a8-754f6501df15, 3919 
359187 0fa2afa9-f633-4826-81f4-b7e5ed80fc71, 3919 
402872 3a1f30fd-98d5-4eeb-9994-e9903c362d93, 3919 
224800 c8c205ed-955f-4b88-89bc-931e329f6da1, 3919 
290294 8dcb4527-d094-4012-84bd-1a3edf7ff131, 3919 
223362 dee87544-e265-4ffc-a1de-5870a46c5ee4, 8505 
269484 7d28e1be-ed23-47c6-a08e-3f98e9d4c9eb, 3919 
312429 cac17384-a1e5-4081-bba2-2632bf2d9385, 3919 
330597 e53fee39-2d3a-4541-bd71-bc109c0015dd, 3919 
369906 c2a396f2-ccfa-413a-bd08-f7b7fb4f16dd, 8505 
311714 ced39ea4-be46-46d3-aa28-cc5d78dfb368, 8505 
231383 9d13e4a8-2ef8-4ce9-8f92-d633b853247a, 3919 
395763 47a9922f-ecc3-4506-97cd-7efeded654c1, 3919 
256804 22332fc4-6952-45f7-b738-b97489402556, 8505 
18303 288dab69-590f-4656-9b14-11bc5e9d7c8a, 8505 
311769 c8ed0a8d-c480-4b6a-81c2-cc067836302a, 3919 
199396 b6b733ca-a660-4f1c-8a8e-c611ae3b63cd, 3919 
209589 a32af97a-62bc-4857-a9f0-2277464e41c2, 3919 
135847 0e122ec8-53a8-4124-a075-54b06d8cea97, 3919 
54583 585d7df1-4c31-4c71-a450-e7e5141fa544, 3919 
167822 b12668a4-63b4-49d7-86e9-061a2dc00e2a, 3919 
114086 d7462fdc-df70-4ff7-85e3-1f039fd0e80c, 3919 
81082 44b35117-3ec8-44fa-89c1-706c57e18c1d, 8505 
184264 053bed62-6a50-4648-879d-e8827e771a77, 3919 
129459 20c6ca6d-ca4d-4063-968d-d6646119e097, 8505 
199229 5f943519-274c-4493-97a5-dada06b76f35, 8505 
89328 d80ab9e8-0937-40ca-b149-e5184afd3407, 3919 
166565 7fa95039-a454-4036-9035-a6d41fdcaa6e, 3919 
403011 e7ef701f-f436-470d-bb79-1606307897e8, 3919 
162929 3eac4c02-5001-48ce-ad7b-321bb424f2c5, 8505 
68781 58c15ec1-1b8c-4f27-8884-17b745b0efb2, 8505 
232417 f2fa46b1-fc1e-4e65-8486-c45f8bf27f37, 3919 
70735 c8369afc-6063-4449-a550-743b6843ac97, 3919 
396096 8abd4ef5-81f3-48fb-ac77-25b7bc2e4571, 8505 
198898 a68941bd-5cac-48e3-baf0-77cfaa6d4348, 8505 
399162 188b79b2-22c9-434a-ac82-edbfdf29d303, 3919 
136973 ad3f2ebc-3a63-4c49-a1fb-bc7dc2469769, 3919 
297340 deb613ca-ed01-4367-863a-9ae6278a867a, 8505 
283331 8f4db209-b141-4e6e-87b3-62f3993ebe85, 3919 
132936 dc4da66a-b6a9-4f48-85a5-e1f168ff875a, 8505 
265143 4ee10c31-722a-4d31-bfc7-ad09054544ba, 3919 
41910 4c17d3d7-4bf3-48c8-aee1-2a2b8d3bc9fa, 3919 
20263 ddb14623-be94-4fc3-8f73-2a68c4c47abc, 8505 
37520 9ab5de1f-43ed-4752-b664-1c5ec0d457ff, 3919 
181252 ce2fce42-cff6-44fa-9188-3e6307b5a1e1, 8505 
262119 9ae5f7fe-b30c-49fc-8abf-fbe1b53870d4, 8505 
145883 b4b73582-585a-4a7b-b6f7-4cdc1d093379, 8505 
387216 ece84523-dc0c-487d-b79f-590613ac53d0, 3919 
350235 a29ef8e3-35d2-4133-8274-21d77e4cf067, 8505 
40791 83cac28d-46aa-496a-a15b-588b91bbd1ee, 3919 
155891 6fd038d7-6ba8-41ce-b99f-6629400792c0, 3919 
50180 dc62f7ae-c617-473f-b2b0-62dad68ffc49, 8505 
242257 d509b039-e0a5-4b94-ab7f-baa2c04a7b59, 3919 
393279 da2efd65-da37-4232-b97a-4f3cd93ef10a, 8505 
87021 347e1fad-c23d-46c5-9878-33132567544a, 8505 
217055 6a6acfb7-4246-4b44-8aec-8a907a39ed8d, 8505 
19274 a187aa77-ad3a-46c5-ba4f-a29cc2c4e33c, 8505 
373080 c533fef7-bec7-4959-8cbc-f35d26250963, 3919 
223489 07b5157f-de18-4d07-9898-85709b6fcf81, 3919 
13090 1484ceb6-87ad-43bb-98eb-7e9fb4cb077f, 3919 
61614 fb29734c-69dd-465c-b91d-01cb219f83da, 8505 
128458 969e1760-6067-459a-a680-67536ad5ed51, 3919 
132444 99efc599-a974-4a0a-8675-109061930b6c, 3919 
236351 9b228c97-7fb0-45a4-8287-425c8cfd0477, 8505 
84950 6c931001-0521-49e8-ab72-2d747e8bb8d9, 8505 
55037 05ee6136-7005-4465-b649-6297a99e35cf, 3919 
62226 09612a9b-f9b5-4bb4-93ef-106d16bb354b, 3919 
212753 61325387-6583-4892-9f3d-3f5ec908e23c, 3919 
57657 e245234a-7bca-426a-bad8-ab9fe6addacf, 3919 
375180 bccc9f2d-2a82-441e-b672-00bbedf2b00a, 3919 
109135 562347e2-7d36-4729-8dcd-a784a1336927, 8505 
253100 0a0b9b71-d19b-4708-88b6-3d49a15b6832, 3919 
113237 935d889b-9f22-4039-b854-1b5ee9497cc0, 3919 
82273 afe8001f-751d-4384-b68d-61b07efda682, 3919 
369787 c9a09aaf-31f7-416e-8e14-ba962b93d4e9, 8505 
338631 577142d1-43a0-4f28-a57a-65abc182c316, 3919 
354574 c8be2181-37b2-4676-ad3b-298845a16863, 3919 
212610 023721a8-e904-4cdc-be40-2eda2593eb20, 8505 
354473 65ca9e8f-799f-485d-aeaf-d4dee1abcf30, 8505 
122571 0083d53c-0dec-427f-b464-5c9f8468710a, 3919 
29354 72fc19d7-0587-4d0c-96e9-18b78545e926, 3919 
222159 fab9f02a-52cb-4cfc-9a29-16bb905de943, 8505 
62607 fd88f037-603d-4ed4-a727-9513ba2a86ca, 8505 
83989 6fcdf93d-0062-45c1-841f-05df7e15e17a, 3919 
344889 3b36da93-1b22-42a7-b21a-90577a2c916c, 3919 
93328 96bec18e-3f0a-42d9-99da-2cfd7f5dcdd6, 3919 
140012 641f280b-54bc-405d-9ffa-5e2318167010, 8505 
169733 3d41728b-89fd-49f9-8e8b-6e37cc19dc88, 8505 
4780 525c699c-a84c-4a7d-844b-6c54f66f2f7d, 3919 
400089 a45ca642-0756-4e1a-9cac-3f0893fe082b, 3919 
107117 f7cede66-af4f-45c4-9694-c764a18a8e5f, 3919 
268240 edb44a3d-f3b9-40f2-9f39-764cb0f9501a, 3919 
58535 8298b9f2-e413-4576-8c8d-cc19d5d5b702, 8505 
353376 08fbc59e-9777-4bea-bd95-2d7e09918937, 8505 
186740 d93e3cc5-e7b2-40ab-be3d-d579ace441a3, 3919 
135191 d4835400-22c0-4701-8154-bd9b46d4a4a0, 3919 
286727 c0c6260d-c74d-4583-9918-16e272f1c21c, 3919 
236151 3e79800c-c5c6-470d-8702-9e7968737b0e, 3919 
111344 39acacf2-7e62-4cc4-906e-70ca507b15ea, 3919 
49234 9e5b9ed5-6589-4a54-acac-51fc3322a36d, 8505 
311595 f53ba571-aee5-46df-b716-455595999578, 8505 
181899 f91d8320-406b-4db5-836f-d856a7c3ca16, 3919 
15360 036d7b81-dca0-4505-b85f-a1a32da7c123, 8505 
252029 3d3bad4a-a1e3-4139-91d3-5febf961b69a, 3919 
193006 149e8590-71bb-4107-ab09-ad83b7bfb260, 3919 
47929 6ab75fa6-f304-474c-9219-d321085a511b, 8505 
330019 9ebbc5a8-33e9-4923-8621-7732e3673a9f, 3919 
141213 95eddf49-a5a9-4474-9ef9-08cebb8dc744, 8505 
222738 09d03fae-3664-475c-805c-90e534daecaa, 8505 
318388 96d80848-a58f-4019-ac00-b935f29b613a, 8505 
129299 3db49207-5b79-4fef-abe1-3e6b6bc23d12, 8505 
185537 38ea16b3-cc24-4854-af13-7fecc0ce7d73, 3919 
310827 a3f37e17-59df-4485-b3c3-33f21468c153, 3919 
97499 13772f58-7677-41d3-992e-f4f7cc99b645, 3919 
2774 a5d95e0d-2759-4205-be5e-dc22efca84bf, 3919 
186150 f8d10a6b-8453-4bf6-83d0-1edd0817db8f, 3919 
352895 fda1031e-7e9e-4b9d-83f4-d56a871587c7, 8505 
185508 d44728df-de30-4ee4-a006-90bd74a04e70, 3919 
251175 64f21bcd-f51e-412d-96d5-2c6d032dd2fa, 3919 
312509 fc9bc5b2-306f-47f3-bdb4-b5ec694f1373, 3919 
34661 e2efa08b-d59b-4601-afac-df52f04d98d8, 3919 
10173 490e7ff2-417d-4173-8f04-d7874cf92b4a, 8505 
161967 ef0cd0f9-6a08-4c6e-bf24-3ef3fef3d1ef, 3919 
49032 55b7e93d-34d8-488a-867d-747163c12b2d, 3919 
100634 9d87eaec-f1bf-4a15-ab9d-38e3529844f5, 3919 
64289 761d76c6-a7d5-439d-8046-06185e2cdcd5, 3919 
402218 8c2c1b78-3097-41bd-b13e-a988b06236a5, 3919 
206237 777e1f23-9389-496e-a89d-c17e0bf9abce, 3919 
315811 344dedcc-97e7-45f9-8f56-e31b0d311455, 3919 
85489 83693272-716c-4d1c-adb8-a8750a350331, 3919 
352855 cdb330ad-d3b1-4bec-8fea-3ab87af954c5, 8505 
158174 a1a967f9-2992-4959-8ef6-898afffebdb3, 3919 
249710 4f2dcdce-eb59-4ac4-8c8d-2f3316758c68, 3919 
240535 99d82159-0747-4de6-8373-e7149e1080a2, 8505 
138541 de7aa57c-5441-461c-b519-9a97438c00c2, 8505 
195748 f3994ffb-aa6c-45da-b1d0-1975597c4a37, 8505 
87933 65f108e5-0d6d-43f5-b245-044b2408f51d, 8505 
328093 b6944607-a64b-450b-b0f4-c5b77360a3a8, 3919 
393604 48b32ad9-cec1-40d1-930f-903c0a3085c2, 3919 
8219 18b0326f-a987-4811-b731-3ec1e61a6bb6, 8505 
98621 a88c7462-82da-43a2-8bce-311ed8494599, 8505 
72641 4289e9ed-4920-4816-84d0-37a82ab43cd1, 8505 
96337 a3a04a8d-fbbe-40f6-ad23-1791ac410a2b, 8505 
339019 dfbffad1-9fdc-4083-94f1-1f96b5da5f8c, 8505 
40340 b5f758e9-116e-4784-8227-def1b452265f, 8505 
321553 016b6311-41ce-4c83-8357-428e006be122, 8505 
223695 a5350276-fb9b-4701-a5d6-1b30837efeb5, 8505 
3590 2d16452d-8159-4502-bce1-745c8ba39b85, 3919 
382826 7c043710-cf12-4471-84c4-00a5bab85e2c, 8505 
26146 3d986df9-3e9d-41a1-8ce6-45ef72007df3, 8505 
199673 5e8db74c-4222-496c-9c74-ee6c18d395c7, 3919 
143279 12c4f34e-5fcd-47c3-a97e-2fd3d73b93c2, 3919 
11210 49a95ff0-957f-4b42-824f-01547e81c99a, 8505 
199957 074009b3-efe9-4138-bdd9-1785b60566ce, 3919 
326473 1b639c43-62d5-4e80-a5f0-b71ae90a9ce9, 3919 
157361 84ad7a62-155d-4128-84fd-da621c7e938f, 3919 
262801 d0df6d20-4748-4c5c-8f37-0617ad67965c, 3919 
17458 f150c0ec-3273-49c3-ba1d-3e2330de9296, 3919 
32872 620e65f4-aa63-4a0d-8142-a0599657e286, 3919 
106765 76e2c053-729c-4a39-8725-82bc5a552352, 8505 
188838 0a7954b2-780e-4c1e-83b5-aee8b3dc9716, 3919 
150044 092bfdfc-0183-42a7-89a0-a6d70ce1d67b, 8505 
14510 bc988b9b-a230-4c92-acb0-cb40f0b38115, 3919 
167982 804dd04c-1452-401d-8860-2835cfc18c68, 3919 
188882 ddaefcf9-1192-4511-a2e3-32fe9a6d377c, 3919 
62335 b89f4037-2bc6-4888-822a-68b751958f3a, 3919 
31598 7a46fca0-0b5b-40d1-a0f4-2095954831db, 3919 
171669 70f04844-8bfd-46b3-9f3a-3d3311196d18, 3919 
374678 37224e29-31d8-4894-93d0-153218ae4f0a, 3919 
132252 34652d39-c35d-4985-97a9-b429d6f53f34, 3919 
292148 e84cba36-80be-4bb4-838c-0579f635647d, 3919 
68451 7c4d7bd2-d8ea-40bf-b887-df98420bcdab, 3919 
206147 8b5ede58-097d-4762-8cf6-64558774ef3b, 3919 
247584 fc68bc14-1ff3-4e6a-bf83-33beb3959e39, 3919 
54373 31fc4936-e829-4fd0-bc5f-2b032d214f2b, 3919 
299073 b2c91b28-cd60-483a-a4c1-8736f1eb61ce, 3919 
365212 d9edc52c-204d-429b-8cba-a84a4af892a8, 8505 
221031 ef3db87f-8418-4603-9798-8a6440530beb, 3919 
88598 e3f86446-9425-4f24-909a-fa4856cd1f75, 8505 
18387 5d060fbe-8c2d-459b-a690-8c0c1874d5e6, 8505 
261010 09b7b706-32a9-4ff5-90d6-74d0f4a9422d, 8505 
90783 f9e2c866-08c2-43e0-908a-8d3e55d9b5b6, 3919 
274299 961c16d8-da2f-4904-81a5-053f3d419b26, 3919 
389527 453c0eaf-2538-4e74-8921-23d514d47736, 8505 
387364 2ce87d19-6bff-46a1-987e-61ed9db31536, 8505 
136209 a01c86ea-a690-46cf-bfdf-8cc448a55b32, 8505 
137581 7326ef19-803a-4742-86e1-3a86d6212710, 8505 
199484 f80550dd-17b0-4055-a288-a613f25c6c99, 3919 
304511 6ec5391d-9e59-4b4a-96f6-1297a2658f06, 3919 
129636 75a1d996-7087-4a61-9853-527d39b79b64, 3919 
179884 ea93e94a-7004-43e3-82f5-96bcdb1a7513, 3919 
103523 f634014d-2ae2-43a5-86f8-e5efcab78b84, 3919 
338779 fad02a9f-39ab-4fb3-bebe-938ab7ad35fe, 3919 
257624 a29cbcff-c20b-454a-ab0d-dd263baae4b1, 8505 
135433 d22d478c-100f-4ef4-9928-b4e0ea47a188, 3919 
164550 4604e30e-b95e-48b6-8163-b5972665267e, 3919 
350352 88fb8d92-c79b-49a2-b8d8-be80cf9781e9, 3919 
160192 0e1154bf-4e29-4ab9-8b42-6eea88bb578e, 3919 
364703 8a594758-d8b9-435b-80d9-8a244cf03345, 8505 
346960 62e5f641-0a9f-41d5-9ae6-5a10c2253a83, 3919 
147299 995ecb23-abc8-4ab6-9d73-789dc019e2c9, 8505 
362356 9fb0d2c1-0125-4243-90de-9bc1bfa2e064, 8505 
23125 e765492f-b532-4029-a154-21458899381d, 3919 
149988 d45457a4-c382-45ab-a590-19e884db14fe, 8505 
247221 a8b9e332-30fc-473c-9beb-479a04da7c03, 3919 
21564 e5b664b0-470a-417c-89df-597f53565a54, 3919 
46046 63ca89ea-6f42-4ef2-9017-d942b1be3ca5, 3919 
88661 c41ffe8f-dd16-49b8-bdf7-4d00d5b46b51, 8505 
249843 ba982b3d-9984-4d10-8ca1-d6ed782f4551, 3919 
219028 eed04682-9825-4a4b-9746-6138e87351d4, 8505 
329111 76c3ac54-a6fc-4d9d-b549-4e8457ef9fef, 3919 
174379 76bab9f1-ae87-4bb1-9207-a615e94b6e44, 3919 
198868 10078163-6266-40ec-9637-1be01bd555eb, 8505 
80391 7098ae30-6587-4d74-a7bd-99035bec8494, 3919 
101532 3bc895de-c3e8-4b64-8d4d-71c4aa2b5a62, 8505 
95264 33ece56e-ce0b-4e3d-9d47-d33f4600dcae, 3919 
169560 fefdc39a-5b7f-4f13-a65f-4b5ef3c35901, 3919 
63699 421acedb-86a7-449f-92d2-a825ae1d9d7d, 3919 
133117 8e59c5cb-8974-4e03-b85d-1a706107a207, 3919 
14876 2c69412c-4a7f-4a05-88bc-d675d70654d0, 3919 
244871 0977ac86-cb09-42d8-a540-1561fba97872, 8505 
186305 568268c0-4885-4944-a08f-31b0fda999b3, 3919 
226709 c2bd88e8-eae3-4e99-b61d-b8b3d8c4548e, 8505 
387081 0561d798-eb9b-4160-8eff-e1e02f474230, 3919 
359274 d8084594-98e1-460b-b50d-dbe39b6daa42, 8505 
193322 26fe4738-d661-44a8-a6c2-770eda0c438f, 3919 
183419 04809293-7c33-4717-9ac9-8aceb525af6d, 8505 
241377 1f76aadd-4015-42a7-929e-7bec9e22dfdd, 3919 
144801 15e833a9-a045-4bd3-9511-dcadddaf1e44, 3919 
10128 f547b990-0727-4831-81b8-6532d9711cda, 3919 
20927 a8263990-4990-4fb1-9dad-c03cfef96b9c, 3919 
369915 3473a287-e482-4837-88a8-3b0bc08643a1, 3919 
110379 8679e04b-b17c-4878-bca9-3b98b5c4deb3, 8505 
249789 bc889831-5798-4308-a18e-bbd9608b043d, 3919 
289682 4bdda510-8488-45fa-9828-cd9dd83081a4, 8505 
279877 7cd3745f-f615-45fe-98be-9ac8e2704080, 3919 
158104 fc4fbf63-74c4-4ef8-acbd-7f3e4b039d2e, 8505 
285805 0db1c415-554a-4042-a750-bb862f21c832, 3919 
14945 0c24801e-2a5b-4ec3-a689-8a29e389c350, 8505 
216409 937eede2-0f37-4a43-b61f-1294d908a91f, 3919 
160517 74c60785-691f-4c51-881c-fd6fe350da8c, 3919 
51543 ee986f2a-03fa-4af4-a622-d24a35aa8b43, 8505 
383918 8c7a1983-5ef6-487f-b63b-73e60c7eff10, 8505 
398463 34bad3db-a89c-4806-8db6-41f3d0f8ad72, 8505 
256187 a402198d-222a-41d1-acdf-c3523a91d386, 3919 
53017 8f5aac77-54b9-4c79-873f-edf4c754a05f, 8505 
18844 38f14a4b-5f3a-4753-ab94-5576ad0e69c1, 3919 
139178 8fcd3090-76f0-4100-8b98-bed52c4220ad, 8505 
286222 3ea73a34-c6f8-4d59-a461-22a1e39b48c2, 3919 
96206 6f74758b-d4e6-4a05-95b6-e8963ff65f7f, 3919 
11793 0d010a1f-f9d4-4640-a865-654fe941885c, 8505 
99099 94b9775d-9aa8-460d-8beb-88d1b713c8bb, 8505 
242398 632a21e7-b87f-442e-8a1f-20f7a87f8a2d, 8505 
357434 356979cc-fe6c-479e-9123-03e843e7c943, 3919 
314489 20f38183-c5dc-46f3-a540-c0389362aca8, 3919 
336717 a3ef7008-5b2d-4c72-bb0a-d7094b242b5d, 3919 
186530 0f74e3ed-6137-4680-bfb5-7b5a094d48ef, 3919 
246565 a46ed0a1-cd9f-4871-9850-d61e466f1d63, 3919 
41676 c3ff4673-03e3-43d1-9168-d6322bddd9ed, 8505 
262926 5889a08b-dc9d-4e94-bfa1-f905f3ca0abb, 3919 
200813 7a3b50d2-db44-4948-aebb-dac43c85a824, 3919 
130384 1c240e2a-0da9-4e6b-9872-d77bde4f9aa5, 3919 
376773 eb35e7cc-6808-420a-a188-f33d6f20d124, 3919 
316618 f5d9db5c-f227-40f0-b468-1a09584ad6d4, 3919 
396160 b6e456c8-fc19-444f-83db-a57a5e7f6b93, 3919 
380907 25369b73-5072-4f59-8ac7-5442e6c0e0cd, 8505 
102002 2ae281a3-2ec6-4cca-91fd-ff427fdbb499, 3919 
166201 10b6cad8-a40b-4e4d-9379-7e350f1e4b3e, 3919 
228616 76f67a70-db39-4416-8b51-003de8aa2231, 3919 
43865 fd5afb32-2961-4672-a107-c124fcb2283d, 8505 
390103 f9fbf98d-b7da-4792-836a-e0baf4aaa89e, 8505 
349362 6dd39f14-87bf-405a-9223-da0ca0e69302, 3919 
387372 2039977c-f33c-4cf8-8b55-610785ea015a, 8505 
235647 d36a6a05-e4db-402a-8338-c84c05b7fd91, 3919 
244791 3a19bc84-fa05-450f-804b-782350f7159c, 8505 
19232 9fc0242c-152a-4022-8303-49448bee72a2, 8505 
158727 3fb19d5a-41b1-4b52-aef0-4f06f8f5bb69, 3919 
221928 05dd55f6-3fd9-4f59-8074-79a9db7b7444, 3919 
248970 ebdc4b54-eeb8-4877-a509-a046e3becddc, 3919 
354792 ac22e2c9-8a2a-4b0d-9af1-778e1c5f658d, 3919 
239889 3b72ba65-b884-4adb-9248-bb2068a6308b, 3919 
175786 c5897257-e47e-4a65-8823-a91726cdd6f3, 8505 
339820 8bb26686-8f7f-4a63-aaf0-53e51a6d6f3b, 3919 
101155 17852f4f-b068-4df9-93f9-9ec533f9d8e9, 3919 
10182 20efe2e7-73c0-435a-b8c5-9b064b31f9ed, 3919 
86960 82c0a812-d581-4ea0-b478-5fc2df355b2b, 3919 
70092 6996348b-e01c-41eb-bcc9-96cfc2ce0aec, 3919 
103484 76071934-1ce9-4dca-891f-d96cd73cbcb6, 8505 
32798 c6fd15a9-99e6-4c05-bc17-e855dfde967d, 3919 
11019 1293e731-64bb-4741-b257-3e95582f749f, 8505 
53489 94489a64-e254-43ad-aa99-d96590cb6bb0, 8505 
291005 d75d2c2d-098a-46c4-80c8-ed0fe194e8fa, 3919 
186310 7fcb6399-3f86-4975-83fe-ed6f49655702, 3919 
329688 63c480cc-48f8-4716-a4d4-65b5a672fef0, 8505 
113378 aa6a1af7-7901-4075-8c8b-5a60968ff2eb, 3919 
277391 bf47b851-3bb3-4404-aea9-701bf3eaf853, 3919 
375289 33a53058-cd2f-435b-9325-1cfef24296f9, 3919 
65300 ae76b503-a03c-4ff1-887c-1614dabf5328, 3919 
344835 1745dde4-ad81-4cad-839c-51aa2d6c93d1, 8505 
20048 3284465f-524e-4493-b4f1-fa0c7f8dcd5e, 8505 
197510 e5918908-cd6b-401e-b4e9-ae84261b233e, 3919 
343445 cd1e60c2-496c-4774-a0b4-0cc131334407, 8505 
224134 519fc3e4-3ed0-48c0-9fca-5ede16d9199e, 3919 
345048 59b25076-54ad-4c26-aaa6-6db182aadd60, 3919 
327871 68d7cc01-8acc-4e39-a16c-5613c8f9b305, 3919 
9075 ee1944b9-c02c-4976-828b-0823a4aa381c, 3919 
290475 93e5a176-7382-4227-a693-b6e0f0263ccc, 3919 
197878 132e5f5d-84b8-4181-948f-002d2a090df4, 8505 
176556 d22653a6-f0d6-4e85-8cd6-7674ad1c3522, 8505 
142932 4c3bdaa3-1bcf-4fd5-8a56-626404f758b3, 3919 
332423 ab351bc8-a076-484d-a035-2506f3d07a82, 8505 
373793 02d264dd-b031-4b09-90d5-8de77a11f7a3, 3919 
388030 84a7c43e-8e38-404e-845c-db3c037543f6, 3919 
245485 69560cd9-ff0c-47bd-a4a3-f742a9b372cf, 3919 
191609 54f59172-d087-4ee3-bb70-d98348736d23, 3919 
27181 3081041e-a8a1-4084-885e-b887e707be0f, 3919 
152300 548222c3-fc44-4b22-b15a-a6b620620065, 3919 
158805 be8c6100-4b10-4ca0-8ceb-56c2afc0365d, 3919 
269682 953d698c-10da-461c-a0eb-fb6450d862a5, 3919 
359948 8a2c120d-19a3-4bd4-ac11-1d45ceafa96e, 3919 
71514 4d545b45-cb5f-4d06-b7ae-7646024d4408, 8505 
113582 0d2dc5a4-380e-4b96-98cb-c34c56455d5e, 3919 
327799 db0279d0-3c31-4d30-9e56-5f08e47cbdc2, 3919 
71708 1a99fa5d-5ebf-4b8b-91de-b57b473e3ae6, 8505 
279135 3b48bb52-acc3-473f-a4fe-d05d3e947e16, 8505 
378153 d1dc0460-7942-47a9-b39e-9898037644bc, 3919 
157542 27a220d3-f318-4226-8192-03d0ecd257d0, 8505 
268130 8c50b068-a921-4291-b575-193fce343e3d, 3919 
98365 31e3a41d-dce9-4825-bad8-b2758d6fde27, 3919 
174677 831114ef-4116-4322-9fbe-1cadad53ed5a, 3919 
292333 2d9d6b9d-d144-419d-832a-c32695a83995, 3919 
393343 1f3d5c07-2283-4626-96af-1d1cffaaddae, 3919 
280785 8a1e6d92-dd9f-4eb3-a7cd-15ca855cbc71, 8505 
368533 a56bfce9-f122-4db8-90bf-0b722735c2bf, 8505 
7300 14d709bc-f2a4-47b8-a39b-e846c6d08717, 3919 
271975 ede8da86-4c05-44c4-a9c0-affec528eb11, 3919 
373968 f0008491-d7c6-4ace-8f8c-72159eb58e78, 8505 
334792 f09b2eed-b504-42ed-b603-eb39cdf3a1fd, 8505 
8832 997782cc-ff43-4145-97c9-1535d742e283, 8505 
237576 0f339696-c152-40da-85e6-518bd4a5eb94, 8505 
86482 40520f77-1b90-4252-a035-4e4a1e2f0679, 3919 
290708 9cd10c49-1f60-434c-9e54-2d4264bacf89, 3919 
149342 82ca1c48-7af5-4622-86e0-5659cd250e74, 3919 
196709 0b1811c9-e30a-4859-863d-2b0dc87e5c7f, 8505 
196538 ddb68f8c-7852-4751-a915-066df1af3b1f, 3919 
196975 1cea69b9-6784-4266-b76c-08dcdc690467, 3919 
62063 a2e82591-cec2-466f-a05b-685acb42f85f, 8505 
176451 9233d316-20fd-4c07-aa83-66775850be1a, 3919 
251897 edf362ee-d52e-4479-a26a-d87969e39e33, 3919 
351895 f0580655-eb2f-488e-b669-cb321c509e31, 3919 
120680 f7723b1d-c7ca-465b-9b1c-07c114c3c32d, 8505 
169091 237980be-30c0-484d-b802-e37de95820d3, 3919 
21856 18b644b4-1adf-431c-8bc0-8ab63521b12f, 3919 
114644 4dcdf4de-5a4a-487a-8720-197db2f2e635, 8505 
125291 04861c4c-5b95-470e-abf5-c560d5a8cdae, 3919 
389387 e5f1c45b-aff6-4423-affa-00f584482ab1, 3919 
21154 991fbe78-2b98-4966-a39a-96c95321dd66, 3919 
284286 9e62c9ca-d960-4504-bdf0-964f54c2ae0e, 3919 
337097 2cc7e093-fa15-437e-ba10-6794531c46f1, 8505 
153093 e1514b94-680b-4c90-8f54-176fff60ff80, 3919 
67890 f5feb79d-73d1-4388-bb99-f9b18641b14f, 8505 
147099 eaf2e7bc-2ea5-46f6-be41-2dbc7ef519c8, 3919 
240715 f208799b-2c0b-430a-a129-88d498cc67b7, 3919 
389858 054ccec9-d477-43b4-adf7-486001eb1026, 8505 
46911 56386936-f6d3-4c61-a3c7-93dfc7d4ea24, 8505 
67707 41ac0d77-317a-42ef-a710-fc1f578d5e03, 8505 
32990 88fd878e-ec78-44d8-afb2-e209735781f0, 3919 
230227 aaa39e9c-982e-4ffa-b0e9-d6b46aeddac8, 8505 
133005 bc0f52b7-0d3c-4478-9118-3d43920fcd99, 3919 
65144 cfc837fe-43c6-423f-911e-5ccd437bff64, 3919 
297790 27b1cc45-3f1c-4533-a9fe-638b2261b326, 3919 
377982 de762107-abef-4fee-a821-ed1f964f7e5f, 3919 
108364 34b6db99-aaab-4562-a0fc-1df3e272e50e, 8505 
222319 60977e23-bde7-4d22-912b-92e8bb14e26e, 8505 
135655 9908eed2-51c8-4705-91e2-89350aa446b6, 3919 
356454 c6101c53-583b-4a1b-bf9f-5d30caab8cdc, 3919 
274870 8a1e2865-fd06-4d42-99a9-edd60c91b711, 3919 
392326 88865749-2171-4198-8133-495a734162f0, 3919 
65625 82bfa5b9-8a68-441f-b473-6ac224232ca3, 3919 
257849 375674f1-3fe0-41bd-bf09-04491677071b, 3919 
199127 8c7dba8f-0320-402c-b4a8-7d5cd2953f5c, 8505 
136291 964eedb4-82c1-4b0a-9d68-4cd330ca05a7, 3919 
133427 3497bfcb-b3f6-49e5-b3da-3f4955ad7e48, 3919 
304690 5fbaf443-a8d2-458a-9ed8-3caccf54bc7f, 3919 
141678 29e6e466-12bf-4942-aeaa-33e33c9c4a70, 3919 
155292 c2a4cd33-0b51-4085-9539-f0b9d7472b0a, 3919 
89295 8050ac0a-155a-4f24-8202-499ec837ffd7, 8505 
49162 e46a206f-8a2f-4139-abe1-fd4cadb9b00b, 8505 
182580 186ad70a-bc12-4d97-a977-0185474c2c10, 3919 
361739 0a5e0c11-fcd9-45d7-ba0f-2958a1e57210, 3919 
306899 3da07d25-c7d6-44d8-8b3a-d23d3e0b52c9, 3919 
127430 59b3c324-7a5d-4b79-b6c3-85a2c81febbc, 8505 
155344 7e9dd22c-1790-4492-b6cc-f91fd3af82e4, 3919 
393121 f120344b-e6c6-494d-875f-ab618d2393d1, 3919 
49644 6b461114-bc53-4a91-9861-3e20e0299dc6, 3919 
367768 0a3da06f-e5a1-4e8f-ac2e-28571903b2f1, 3919 
252952 e8bcaa19-84ae-4812-b118-0023a633a30d, 8505 
172021 9f26aafc-cb52-4f56-a004-bfd1fee6aefb, 8505 
274591 35867267-3771-4b0d-9092-f9fa869e871a, 8505 
223811 57c9f324-3425-4e73-87a4-a6896a37160e, 3919 
240274 3509f08a-f11d-43ed-b0bc-1831f5fc2f34, 3919 
369929 3bb172fb-dfdb-4f07-97b0-f61e9eb50472, 3919 
141481 72ec4e2c-717c-488c-90a4-9c5a8248b821, 8505 
260139 62c56620-54bd-4d04-864d-af88fd51b7a9, 3919 
321283 d243ec6d-5941-4aa0-bf6a-ea13ac3358e5, 8505 
253025 c04049ab-6a47-4910-b227-d405d852ac39, 3919 
62077 ece058ab-01ce-4afe-b271-b40ce50935a6, 8505 
242301 c069e5f2-4bf4-43a9-872b-8097a5fe6975, 3919 
345533 668191a6-54f6-4a31-841d-85e59e571f62, 8505 
29717 0c480c36-050e-403b-8f0f-d85216f221c7, 3919 
211138 b3301ccf-df75-4b67-bd48-a729ec6db4e7, 3919 
93941 da297d1b-cd0d-474b-9e61-733fa6f677d1, 3919 
375207 d5ecd40b-055a-41d3-b455-eadcbfc50852, 3919 
327420 c5bffdb9-9458-43cc-8a4d-37f9845dedb3, 3919 
105493 fba30b25-2350-48df-87a7-32d074437c26, 3919 
234080 b6bc2b5b-a65c-446b-8beb-deb0ef8cf8dd, 8505 
396216 ded7a3c9-3714-44a4-a402-8a8ca4d5ee96, 3919 
251742 4844f411-3b87-4507-b425-eda404f546f3, 8505 
110221 10eec34f-d86a-40fb-8878-3a732ec29923, 8505 
341546 8e03a93b-dc11-43b5-b8d8-604ae8c837aa, 3919 
325056 2c724b62-d14a-4689-8349-3270d7dd7817, 3919 
400779 9672fa6c-e077-4091-8e48-dcebcaccd5d3, 3919 
349809 08d7e990-f635-4e38-882e-d028f65af172, 8505 
322747 3c004a3d-8e6c-42bf-ba9e-62397b43428c, 8505 
317846 722e38bb-2b48-4b3d-a939-5216dbd9c643, 3919 
304745 017a7de6-5e20-4629-a8be-ce3245502a5a, 3919 
353582 74059f8d-8bc1-4dfd-9e2b-d2a1c8163707, 8505 
363076 7f736b6f-99c6-46b9-9889-46f06d718c3e, 3919 
63812 51493a04-0c55-4a45-a4ca-6486c62dd9dd, 8505 
339137 8937a8b1-de8a-4f56-9eb0-02fb95e43b1d, 3919 
385816 180732f1-478e-4f83-b4b5-5901d682ce90, 3919 
169614 d3715483-052f-4a13-9e47-895759298e87, 8505 
30542 019d945f-6d93-4986-b814-1dc708688042, 3919 
141947 ba7525fb-24e1-4b08-852e-9f60b93660cb, 3919 
166123 fce98ec8-7213-45a6-9666-7dd785ee75d7, 3919 
97806 b7adb41e-8def-45c2-8ca4-323913240170, 3919 
110175 8feeaca4-5a02-44b3-8d36-6594c83c7253, 3919 
184363 48432a94-4b1b-44e0-97e9-35fd50a28b3f, 3919 
161219 0dcba9a4-1441-4be6-ae23-ab088386f5e6, 3919 
211557 d7191674-e6a4-441e-8414-8b3b47e9d088, 8505 
233421 8d474012-dab4-4fc8-9dd2-3538ee87bfcf, 3919 
83239 5f716f27-f30e-461c-8152-f96242d880eb, 8505 
128793 64e60124-aad3-42dd-b26d-61cb4f21d9dd, 3919 
265850 61d5391d-813e-4a69-a832-656e77053258, 3919 
288703 1377638a-a768-4b26-a1ac-5d9b30041072, 3919 
200191 123fc073-ac89-4efc-8693-1f8472c662a5, 3919 
133412 b4458387-e269-4a65-902d-ebb3541d2200, 3919 
55883 bfe37f0f-bbac-4572-a01c-6668abd03ae6, 3919 
254138 1eda5517-3437-481e-921e-b0b8a14dd594, 3919 
397563 35040d6e-b2db-4a5e-9e3b-6426a2b36dfe, 3919 
346555 4d171588-e90d-4039-a7c4-3a4d37de0131, 8505 
130607 e3170914-1105-4cf9-bc85-51fc4b765f77, 3919 
343812 12bf4e9b-c5e8-4333-bea7-7352578c1eca, 3919 
256321 f157eb3d-b98f-40ba-92ba-b1b843504a9d, 8505 
114063 89d81278-5245-46aa-85d7-7e92633ebfc3, 8505 
78863 37248ff3-e416-42ca-967e-cd4bda928e10, 3919 
27832 0c5220d1-0e96-4fe6-8e62-b4fd2ef22b2f, 3919 
347943 d0dce597-f935-4825-9a31-093a27a40db4, 3919 
363857 87409e3b-a48e-4109-bdf2-a99dd2f5c9b3, 8505 
75619 36bd2c3f-a546-4a40-b1a2-323c76bc7188, 3919 
50124 e3d0e61e-f2c0-4fc0-8aa2-b949417bc682, 3919 
16101 c5b78a60-2e76-455a-9b9c-aadf40f73988, 3919 
72535 dbbe7395-500a-4f52-84a0-9a402f699ff1, 8505 
176456 5dc2bf4a-9407-4d0b-922a-10cdd7e538e6, 8505 
346056 a771471e-08af-4b36-a0dd-2a2baa67e7ed, 3919 
44390 89e086f5-ef95-4d6d-ba1a-91f7663fd118, 3919 
173953 2d5a7409-db7b-4a44-81a5-9a16059fdefd, 8505 
381681 0e15136f-ef76-4ecb-90a2-a841ea9349f3, 3919 
349795 e45d7921-a51d-4f99-b966-14c76ac717dc, 8505 
372930 809aa3f2-efab-459c-94c4-132e78c58271, 3919 
130250 2cecbfb4-c9f6-48f6-842d-c2a0687b33a0, 8505 
161829 3ddc678c-b8f5-4acf-af6e-959660aea10c, 3919 
135885 83c28dfb-6591-4821-84ce-1681da0c5d8c, 8505 
30221 629895c0-4eae-4c6f-8e46-b7b0e5c73c04, 3919 
158636 8fffe5dc-3f61-49d1-b41b-de97d415a27b, 8505 
86485 d6b4ba29-d18a-4cea-be08-079c3b4b5e69, 8505 
255699 b9e50ede-1571-4881-a73e-248ddc962e2a, 3919 
51642 fac7380b-35f3-44b5-867d-010674611c3a, 8505 
70883 569d769f-4d5d-40fd-ab4e-24971d6bcc8d, 3919 
318416 8d258bb7-cf47-47c5-b430-ffd06dbd79e6, 3919 
193752 c98b0150-e9df-4e53-8058-9d7ff2f3e6d1, 8505 
88557 1578c8d2-0427-4e87-8f76-6e99e70072e7, 8505 
259423 776117e0-35ce-4a1a-9f6d-4ed9fda295ef, 3919 
26739 72e37805-c877-4c88-a7c5-8c16aed39475, 8505 
260555 bcf692a2-bdef-4560-bcba-e6b8c329f1bb, 3919 
50613 36ee13c2-c496-4930-ae3e-756a18dad54d, 3919 
209472 08f31cb8-c6b3-4e58-9bff-5b017d056d38, 3919 
34089 3dc43033-96c7-4c40-b602-c22be874e2a7, 3919 
378311 ab8b236c-b5ff-4d54-a9e8-98c4a5037e47, 3919 
177131 b3163600-f972-495e-b9e6-dc52f88d4c2e, 3919 
264419 757b8764-5ed4-42a3-a7bf-35bebc0223ec, 3919 
343058 94139a9b-e166-483f-a710-36b22f17cda2, 8505 
397818 5ddee547-382f-4b84-93e8-51140e182391, 8505 
232970 510f28ce-e853-41e7-b46c-2e9a01cee2ca, 3919 
366802 f1d2cb99-7193-4a50-ab1f-f9af941576d6, 3919 
215379 cac0142e-66b2-45ef-b340-feb04a1923d8, 3919 
74572 4f67ea89-a5b7-4230-919b-f392813cf1d7, 3919 
167913 0b3f05a7-251b-457c-8e51-75a29a98bab0, 3919 
226386 c8c77364-496d-4f05-87ab-07e9a2cddb72, 8505 
69272 bfac4f15-0da9-4572-846f-f379f708f7b7, 3919 
356952 c3b70b53-1f4a-422b-b564-e964f3121529, 8505 
273445 3aac8ef6-6b6b-4568-8a60-d39b128f4e44, 8505 
109411 0a520410-da9e-4e92-a4da-b5c8995896ce, 3919 
249559 6203c938-d76d-4fe2-ab7a-a5faab7f9d6e, 8505 
38010 25677afe-1b5e-445a-8ae3-cc8c69692d76, 3919 
269309 3df4d3f2-d53c-4252-ac7f-f5d09a911963, 3919 
329099 914d5693-0ac0-4c03-bc0f-e55eaa579d81, 3919 
302697 2c2380b4-7ec5-464a-8476-fb13cb71c7bb, 8505 
124021 2f60d2ed-ae97-409e-b53c-51fd37d556d9, 8505 
336855 7b908a95-df6e-4ec9-ad7e-7b77f0b6cf45, 3919 
27494 ea594a29-30ad-4fcc-8350-4fb3ecc68a78, 3919 
147278 7b83ef1d-d940-496d-85da-dabccc81f096, 3919 
85561 08c9bc32-3215-4872-b161-9f552e83448c, 3919 
68946 301665f0-ec49-47e4-9911-86c662d66917, 8505 
130143 fc36e38a-9a7c-4353-b1b3-0ecad4555347, 3919 
93912 a551804c-b375-4074-9dca-184114e1f5cf, 8505 
5317 df1b89f2-40ec-46e2-beca-9cc63aeca24a, 3919 
79438 eb0b4fc9-e5c9-46a1-8fae-ab56dfce735f, 3919 
152328 8489f5f6-7274-41c1-b14a-0ecae7198c7e, 3919 
291512 36bdbb1e-015b-40f6-996c-3974f5128695, 3919 
327705 a6f8848d-f716-4f21-bb98-a4d57b6e9f82, 8505 
72166 ae10d5e0-b7b6-4d1a-871c-845d000f9026, 3919 
274514 bb687801-6c89-4a6d-ad22-097343f7d58a, 8505 
317942 f8999bd7-24df-4c44-a7da-774e7a3eb4f9, 8505 
323592 c23e38cb-bcd4-4a78-937e-08f2d6107c87, 8505 
352463 d54c208c-a7e1-4112-a1d2-36ad5cf97ed0, 8505 
201377 48e7eda5-5a8c-4654-8414-de452c1dc3e2, 8505 
69120 912af540-e144-4d5c-83db-8ba87c1618fa, 3919 
364943 38042655-9514-48e8-919c-2de7d82c30ac, 3919 
401831 8607112e-890d-47ba-9ac0-c320fa83a54b, 3919 
154462 20ac239e-baf1-48d5-95c3-66d682535126, 8505 
187062 2ea68613-362e-455c-888d-d5d3464d1c21, 3919 
330981 f8b03d4e-6a6a-495b-bd09-92303a991d34, 3919 
337762 ab781f8c-ebe0-47f1-a061-1716a37f69de, 8505 
268475 4656a3f0-a556-42b8-95ca-8af1c0be0ac0, 3919 
281606 f82002f8-2fe3-43ac-8172-cbf2d4196773, 3919 
73032 0c4d7d48-7726-4a3a-9d5b-22875d137089, 8505 
294830 7155b8d8-0976-40a1-b4a9-c0ee7e65b68c, 8505 
103043 7cd4baee-5321-4fd0-8c9e-7a17320a90e1, 3919 
303319 df0929e5-5128-4e55-80fa-82a1132aafea, 3919 
294838 d771b92b-a721-40d7-8976-a229377500aa, 3919 
341685 3c95a5e1-b2b2-492b-b4c3-ee6825a457d4, 3919 
387930 c33b5547-cbca-4c6f-b7e9-1564852c19c6, 3919 
77594 3424fed2-6ffc-4814-a7ec-40128859abf8, 3919 
369759 8d42c2fe-48b0-43f4-aecd-61613524826b, 8505 
372543 e9c67650-c881-4e92-8cc2-c5374945a617, 3919 
87569 6176591e-6558-4458-9dca-e291b0029d4c, 3919 
124398 7412116f-cd79-4768-b9a7-49ac7d27315c, 8505 
399549 7c8518ba-3a5e-43a7-ba5f-da2a677e2480, 3919 
330369 bc79e3d0-67ce-4c61-9e70-4861164993a9, 8505 
73009 eacb9ef8-b30a-414f-9dc0-3c4f9c732ecd, 3919 
251023 0cca4d75-c75f-4ce6-ab69-834ff978a7f9, 8505 
263577 3811ccdc-2565-40b7-a1ac-bd196667e895, 3919 
142276 275c528e-b5bc-4d7d-aa9a-b2da06fd3e2e, 3919 
178440 09fcbb66-b3bf-48fb-8d96-ed8509e8683d, 3919 
131325 b04e9585-e2f0-4040-be15-eaeeaea189af, 3919 
238396 fdc89c75-54ab-4685-aa5f-b29075730702, 3919 
296234 55627a30-f90c-4a5d-9d91-dfa365ab67ae, 8505 
147088 bb17b749-a88b-478d-bdef-005b800180a9, 3919 
16362 0010ef41-800e-4be7-9297-0bdc94ef27de, 3919 
220772 998b8652-818d-4f2d-9a00-13b27d86541e, 3919 
195884 029cee49-171a-4827-bfa7-dcb4b3f991b2, 8505 
219564 c0a83d60-89cb-4f6e-9fde-8849325eaa9d, 3919 
365267 9e2aa1b1-da27-44bf-95a3-ad7d19b7c62c, 3919 
244070 420efea9-c4f6-4821-b3f8-fd11849bb46f, 3919 
175914 bf08d0b6-2ab3-48e5-ab62-db5f13be018e, 3919 
124242 ce34d4e4-47ec-48e7-9c99-639876be44b3, 3919 
163203 14a10396-cab5-4196-83b9-7597e3338540, 3919 
170814 46fe8a5b-1293-4fc5-af40-2e6f2b96ebce, 3919 
27983 87b038c6-44d1-48ba-b2f9-7ab8fd24df56, 3919 
56369 bac06005-bc21-4544-9902-40dfc9254d47, 8505 
351205 74ae1f37-dc09-487e-93ac-432c8fef1920, 8505 
137481 6f0d32a0-f999-4357-9ce6-2a479fd99982, 8505 
386052 2b19b5d3-f358-4d47-a289-2efa64174ddf, 3919 
348581 3a01187d-dc8f-4e94-8e93-f6e838ab7384, 8505 
352353 75cc29e9-006b-44ab-bd7b-9242e6a80420, 3919 
270203 b2cc63f4-5bf7-4b1c-8c4d-f07325383e3a, 3919 
144322 db89c283-75b7-4311-b017-beef59da17b8, 8505 
49295 26955281-c7a8-46b2-8e5c-29cd67c07874, 8505 
23830 28fcb78a-771e-4ca9-acfc-f3319e3c2845, 8505 
172850 c6cdae6e-0c6d-4eca-8b30-9e77f8bee8c2, 3919 
118671 a87263e4-3ecc-4db3-81f9-d2eca4412966, 3919 
393232 e87daf98-1583-4d05-853c-fa71641c4b40, 3919 
386232 819f1540-c707-4fc3-88db-30a59f6354e8, 3919 
118652 2419ebb7-6769-4ca7-929d-9694a97ed630, 3919 
341658 10949566-5548-4a7d-8708-73fc2a59035e, 8505 
311036 c1bc41bf-bead-4e89-82ed-6dce2938e04b, 3919 
344113 99aa1ce4-d248-4157-92d8-9bb3a0dad063, 3919 
315188 c2b12433-efda-465c-931e-334c606dbf9f, 3919 
37414 6ac9299e-3311-41b2-a817-d8fe2292a5cc, 3919 
72181 039acfa9-c01c-435c-977e-6b4ab29ca49b, 3919 
387357 cd07b77f-621c-4021-9efd-0fee9a8508ed, 3919 
161879 13ae37a1-c69d-4d8a-a637-b5dc6b179e10, 8505 
303583 cc187bf8-97e8-427f-822e-b744ab49f418, 3919 
90247 37b8e0cd-718e-4b46-8174-28eb5245e0bc, 8505 
356853 4ea1751e-838b-4b02-b01c-dc9a91b811d8, 3919 
189361 eec1ac55-ed28-4387-a757-2ed4f415314a, 8505 
72894 38dba047-3c95-40b6-9849-e2dfd69ea8aa, 3919 
131847 845e7bda-cd06-4415-85ac-eba1e164f38c, 8505 
403854 e831f693-d145-42c4-9374-649ea554f353, 3919 
212244 c82ac85b-f596-4c46-9d83-7684a6aac770, 3919 
27230 af6f52c7-494c-45be-878a-e68b513ab399, 8505 
297764 cbbbaf6a-4176-4b7b-b6c4-ae1041747ab7, 3919 
151921 a911e204-db9d-42b4-b1e5-cb7c94678a82, 3919 
88275 31a5fd02-dac6-442d-9aad-067133003f90, 8505 
354975 555e39cb-bbca-4db8-8f55-8236f56ad3cd, 3919 
393271 702df5f5-bec8-410e-8d13-c73796a28169, 3919 
188696 465e430e-92e7-490b-aa41-ed5f60d7217d, 8505 
302689 58c17ff5-2a68-4483-bc46-b3142e38c6ad, 3919 
64427 8addd5ac-448c-422b-a2ac-e069b8c04fe8, 3919 
244354 5f3f5e12-a17c-447a-8dc0-48cf0f76f096, 8505 
90531 320aede4-344c-451c-a228-fcc21a07ed26, 8505 
381742 1681f65e-f2a9-4271-967d-87d95c2a0ef5, 8505 
33322 542fc2a3-1484-467b-a58a-cc361c432dbd, 8505 
73424 bfb91b06-a7a2-47fc-8371-94fd72644484, 8505 
195121 0a145c5a-f4bc-4151-94d2-8a1d6c4b2330, 8505 
41747 0a52d2ac-55e5-438b-9356-62293afc1818, 8505 
154315 88e1e0d1-eac3-4e4c-afdd-986f06cb20f3, 8505 
341889 3cc879d2-2b7a-4f84-84e2-dc7604547d50, 3919 
316356 29c81381-8043-4e6a-9f97-aad2ade9b715, 3919 
142216 cd0b9086-bcf8-4a55-a086-fe2ba72e28e9, 8505 
17359 518e453f-bf45-416a-8cf3-7351404d3250, 3919 
43550 01cb50db-9c4c-4c21-b721-6f5b1d8ed6fc, 3919 
122614 d57fa664-6ab0-43d5-8ac3-da839a5b10d0, 8505 
156938 6a813fc4-1375-4554-8299-7895cab0d204, 3919 
261431 5d80b485-9ce7-4bfd-adc0-f6f687ba7c9c, 3919 
263042 008afe4e-e6a0-427b-aff5-b8f5766fcb83, 3919 
12893 bfea07a3-c7a0-452b-9de7-506b6e2dd0e5, 8505 
195324 bc1f3be8-d60d-473c-897f-f06c8b5ee50d, 3919 
58372 2c789851-f9d6-4445-8e0d-54dba853f91e, 8505 
230114 4bbf0409-07e3-41bf-9fa2-f7003784c4cf, 8505 
218724 db594cac-7420-43be-957d-7cc43c339400, 8505 
274266 cc6b8142-196d-49ab-ac2a-adc9d10781f6, 3919 
155304 6110537a-9bbd-4909-acbb-1f3f604ddbea, 8505 
114214 690fc3e7-ad4b-46f4-8017-c886706bf5eb, 3919 
350387 0b7a3773-99f3-4cf5-bde6-68910994924f, 3919 
146810 abb899b7-368c-4a09-b38f-196a51af967d, 3919 
237667 f0274425-07e1-44a1-bb2b-efc191e0c68d, 3919 
377925 fc72ddae-2d51-449c-9f9b-5374c11bab18, 8505 
27007 3661da09-781b-4d10-8214-9703fb7e672a, 3919 
126621 cc931add-2eba-4c2d-a34f-cadab6ecf9a3, 8505 
298456 f95238d8-e5d6-48a9-b929-7e899f4ea39e, 3919 
93996 72bbaeba-c094-4ee3-9b70-f22f02ed11b7, 8505 
145704 5b976931-dedf-4955-aec3-0441a7185f0f, 8505 
387114 7bcf7193-f2c1-4acd-89ce-cb4f7205fd74, 8505 
242045 cafa6712-1dac-4d47-83d2-b588b16c56b3, 8505 
58899 6735dc1a-a6bc-4b58-9de4-9fab963d902b, 3919 
112134 8f400487-0a89-45da-858f-56c1955e2a73, 8505 
25366 149c7d17-7f96-4556-8a3b-2e22fa8b6849, 3919 
81742 565f5079-b2d8-4137-bebf-4f20b29a3c7a, 8505 
340636 5609d5b9-4395-4a5b-9ce4-15e84f961ad8, 3919 
29040 2db000b0-94ec-401c-8b73-c0389097b7a5, 3919 
13556 941f7096-3796-4d2f-8d6f-628ae0a483b5, 8505 
234371 3bb1af35-21d5-4501-abb0-bfbea2344ad2, 8505 
149846 e1916e5e-7069-41ad-8847-310b4229d72b, 8505 
99411 2574cfcc-93dc-4b73-b3ed-88476351f1a1, 3919 
28168 abaa4c4d-19de-4f33-b4cb-7505d995cf9a, 3919 
359842 ed5266ad-f134-4d07-99ca-813535454ce0, 3919 
61340 4f432b38-4289-4729-b4a9-5dc208567ef3, 3919 
296413 f379d758-a03e-4e77-9773-221e33613a1f, 3919 
13439 814cae1c-b082-4cb9-9b05-e29bc11ea763, 3919 
10895 6d9b5565-aba9-49ea-9933-2c07203bd6f8, 3919 
115365 d45c6be4-0b95-490c-bece-64f014619917, 3919 
204942 b8c65b4e-79a9-4943-9525-5b000c542cfb, 3919 
251002 3bd3f4b7-72b6-43ab-a4e4-5ffb0b5968cc, 8505 
218536 7d968cf1-42ad-4ca7-b95c-c525274b052b, 3919 
310219 4d82ea58-7985-45f8-93d3-26181e6a28f1, 8505 
186387 afcfe21e-c4d4-46de-81ce-86db2f8c3bf7, 8505 
159977 080d4597-0b5d-4a64-8544-5cf015e3c37f, 3919 
390182 22194e27-2485-421e-b1ff-a74cf9bf5fb6, 8505 
293321 10ca4dee-e99e-4c9f-ac20-b4d704a85a35, 3919 
33064 cc805e96-07a6-403a-8d4b-aac36daeea70, 8505 
265471 828b52d7-df0a-49b4-9f60-6defe9fb7530, 3919 
88123 70c20ac7-a518-4360-beaa-11ef255780a5, 8505 
266667 84030217-2d31-4c87-9c5e-4beabd78be8f, 8505 
59482 a9866cbe-8d7f-47e7-960e-195e59427b8d, 3919 
369057 9f34a2f3-ad53-4eea-9b8e-779e111f85b5, 3919 
360378 168c9d51-f199-443c-a689-94641220af8c, 3919 
316674 673534a8-cc24-40bd-8268-6fc67d2d6476, 3919 
390312 909834fb-75de-4747-abb4-6a7264ed7e9d, 3919 
300884 3f589462-ab35-4b5e-a08b-f6c54a105a9d, 8505 
64262 0cadd961-cbee-4590-9494-7983c5945096, 8505 
388828 c6616a42-04f0-4511-a2d5-3eaa56918c41, 3919 
382071 ff735081-3921-4fad-8b19-5dfd3266c5da, 8505 
382527 acf15e24-a47f-4747-aa7f-dd8f88928986, 8505 
5483 1e81bf0d-e7b9-4a7f-a838-376a96aa2e5d, 8505 
121441 cdada017-10fb-41e0-94fd-84192b5315ee, 3919 
211800 89c15a96-a06f-4b4c-a4cc-c73462edcd1f, 3919 
311326 b44de6f1-d1dc-4e89-aa20-d0ed7222d2d8, 3919 
62723 9ecf72e8-784f-4e78-b398-2b3c48d72933, 3919 
150573 9c2e8489-95f2-4cfd-a47f-08bbda0a8fd7, 8505 
330628 6144f32a-3329-40d2-89d7-c0b83f5fbd74, 8505 
323808 ea6bdf84-b938-47c6-86b2-3fad0e8a3ce3, 8505 
271885 de0ef6de-a577-4786-bcaa-86bf801dc7c2, 8505 
164260 03fb3bb9-c1c9-4e7f-b5be-d7c61d8fe2b0, 3919 
327544 b55327c9-4376-49b0-855c-eb67c563e743, 3919 
95236 bc43cfa7-76e8-4b69-a23a-8729834f5a61, 3919 
316452 7d75eb82-c8e2-4ab1-8f43-cf463afc83c1, 8505 
373137 6bed9493-6a03-4ebc-8721-448a15d2337b, 3919 
139716 9daf26bd-1664-46ae-b56f-9a6f93ad6869, 3919 
63836 9b606b15-20cc-4b98-bc4f-8feb75fcde84, 8505 
181357 c5b4d0be-d0aa-4894-b63d-d4304866f773, 3919 
183422 84849a68-33b8-4a4c-a28c-02f9a460bc3b, 8505 
105039 f0f157ed-8ea2-493e-a710-fc573093fdb1, 8505 
262232 0d72236e-fdf0-4032-8d10-908854c4d7b9, 8505 
61532 3ab6f28f-970a-40ff-8f66-21898a256540, 8505 
207644 a4bf3d09-a68b-41b2-8399-228df077bcb0, 3919 
357476 234084c5-de3d-4d73-8f27-fd0e7f57822b, 3919 
114892 056415cd-1437-4dea-986a-40573be47c71, 8505 
113223 33147b46-00e6-4665-ae5b-2c9d6efcb0e3, 8505 
144288 223d2113-d318-4823-836d-28b5cb62a0d4, 3919 
390355 2036cece-2678-48b2-a4da-340612dffa25, 8505 
202331 30c72f4b-33e3-468a-af0f-23a4b79a107c, 3919 
206269 1e10e73d-492f-4d72-a146-352c2f987c52, 3919 
369022 3e767c3c-7fe9-41ca-afe8-00ef7734dd14, 8505 
305561 f1f9451b-dd63-4071-a625-749765aecd1a, 3919 
63696 0dabcb16-c60a-4155-adbb-a1da6cc24b56, 8505 
335347 41fd1571-d582-4215-87ce-21bc10801437, 3919 
384435 f66a268a-78db-4d1c-a97e-8a3ff7779913, 3919 
363374 fe490e07-a683-42fb-990e-f237bdbc0753, 3919 
385105 a33a81cf-7e27-4309-bb2e-40bab003b793, 8505 
51799 e50f0683-b4a0-4e41-9650-50415bee860d, 8505 
247340 dac47e6e-4a0c-4789-8ecc-db14c4adca73, 3919 
368430 f00a6eac-dad0-415a-b866-b38bd34fcdf5, 8505 
223090 f5a8e87f-56d1-4d25-bc0a-5834992f522a, 3919 
229303 89e3eeb6-9041-4e09-ba03-6b2b312ec85e, 8505 
247651 a04d2081-4201-4d00-adb0-2b46db5893b8, 3919 
279873 1d882f1a-2a98-4612-8d5a-f0c78333eb39, 3919 
148342 c4d84954-a5a2-404a-8c07-dd077e685d89, 3919 
254446 3e49ca12-c63d-41a3-a971-afe4ff78ab30, 3919 
60455 2c9bb6b5-2c43-4c25-b3d0-a55e548c7ea7, 3919 
137328 4be850c6-edff-47ce-b0b5-110eda1e9da7, 8505 
104188 c5fdb9d2-7d7f-47b1-86f4-ae0fdda42bf3, 3919 
377398 c2bfdf40-f186-4da7-8712-726d6a9d4cdb, 3919 
366620 3dea8af8-4be9-4470-a66a-f1fb0d9087de, 3919 
168371 3b2a4818-7d45-4c4d-8783-58f29230a28b, 3919 
127624 6e3a0ac2-d178-49b8-ac24-82705fee8fc5, 3919 
391871 b1fa9250-5d7e-4c0b-9d52-a2e9141c3fbd, 8505 
403577 3ebf3265-49b7-4a6f-a475-0de9f5523d77, 3919 
300909 910b5488-a0e1-4f74-aa52-61b7a73a5944, 3919 
135335 f0dc0923-5263-4621-8f4a-3b421e21667b, 3919 
244280 9870744c-5456-4084-868e-df89ba3be268, 8505 
217327 4aaba7cd-0381-4230-a551-aac4b7febd49, 8505 
266779 31d3d5d1-0093-4c92-9980-7226042f3513, 8505 
22729 22e4c08e-1f9c-4ca4-9e9c-eaae688358b6, 3919 
358642 2596a904-ce57-4faa-942c-7ab943285f8e, 8505 
324762 439502f3-056a-418b-8af5-eff16744efa1, 3919 
310019 21cd2c5b-e5a5-426a-b0fc-3ca1ab9fc7e2, 8505 
315838 4101f5d0-782f-4600-ac23-80c93b5e6ddf, 8505 
5848 e2bbd825-cb20-42d2-8c34-7617d8a86746, 3919 
358331 e1d04a7e-ad54-4e6f-bfd5-86768768098d, 3919 
34429 aae671d8-5db3-4682-852d-01f3f0c3de1f, 3919 
235877 caf56aff-18bc-4d1a-a48a-f0ae5d692802, 8505 
346568 02e2322c-71e8-42cf-9bca-6a22c7122fca, 8505 
266669 a327c556-becf-4cf9-aba7-4cc06d05e42c, 3919 
391733 f5459e1c-b6e0-48d7-9686-b3bcf65424ee, 3919 
69563 a6c62cee-6f85-471c-888d-73c9305e81d9, 3919 
293768 91608c9d-bda3-4e25-8ec1-ffabedf01ea7, 3919 
49133 86250b90-a226-4e96-b2b9-8912a6027270, 3919 
361573 0fc85725-a1e9-4048-a698-a535480691a6, 8505 
337802 79e34e38-0c46-4060-89d1-1d6005b6205a, 3919 
302082 3c50b274-693e-41e4-9ec9-8aa85ae1b304, 8505 
344514 03e74d9b-a5f3-4aac-ac74-98a2c2cf2f55, 3919 
18231 0f3fd0e9-0231-4565-8cfa-04e6e258d98c, 3919 
322693 685a7f0c-e046-48c5-9ca4-024b17ba97a2, 3919 
93601 9e58a0ce-3695-4df7-b8bc-b07323914192, 8505 
71178 20301f6f-28fb-4718-97b8-d65914c3fbbf, 3919 
340963 d97e88fd-9da4-492b-a7b1-da437ddb16e3, 3919 
28968 cc580df7-1b04-4e7c-acd7-7be804535747, 3919 
159614 b363b764-042b-4c71-ade1-9cb639e0132d, 3919 
169953 91ecf71e-26a1-4d4a-bba5-97ac10d21af7, 3919 
358767 d1eb93c5-f492-4642-9ba1-6fd6aefc8859, 3919 
230693 169e0f84-ee70-48c2-affb-95b6b88832c0, 8505 
394274 fb41b4b3-485c-405b-92e7-2c15b82875bb, 3919 
258616 acb94179-13ff-4832-9122-e9f7b5a68b08, 8505 
325670 f7569858-7f1f-42ac-b17c-281afcf65775, 8505 
387546 666a2d37-4945-4bba-ac1f-5326c1c7be14, 3919 
165335 8bd8f00e-2a8d-4e5a-8d32-811e4eedab3f, 3919 
320452 21b94bb6-b4d6-4de5-9dae-dc1c688788ec, 3919 
181642 5c71931f-e7d6-49d4-931d-082aa1d8457c, 3919 
31717 7677d5dc-f233-4635-90a3-72e9a7bb45cf, 8505 
280278 bf380910-5ab5-4ae7-a16a-358d154586e4, 3919 
92357 3f838f7e-d13e-42d4-9bff-b635fc866043, 3919 
64220 87db158c-c232-4090-95ad-1af5a2f5707e, 8505 
72187 8a03f120-55dd-43f9-8a6e-b366824efd78, 8505 
207661 8e898bca-8a4b-4f9e-99f9-f92127eecf2a, 8505 
267858 9ca35cb8-5322-4b97-a4f6-a380b06ab01a, 8505 
301511 636363d2-9d1a-4d60-8957-22b36b70ecf7, 8505 
342419 fc470bb4-f2bd-4f4a-b619-d19262e85fd9, 3919 
233789 dccbae0e-010a-46ce-a0eb-95228195f91c, 3919 
79656 bc2ce8f2-3932-4c89-a57b-e65a88afb9f6, 3919 
276674 5f206543-0359-4d59-95c4-ded62e3bd647, 3919 
98883 8aa7074b-1c13-4c72-aa77-ca4256c9886d, 8505 
230773 aefba5f8-2c8c-4a9b-90c5-65691c0ea208, 3919 
92301 199c0e20-5064-4cad-b04f-238019a6f12f, 3919 
106695 c9621a00-5926-40f5-8464-1b1b933201e1, 3919 
211549 acb0c75a-ee22-471c-909f-9b681129174c, 3919 
30938 cde9ad76-704f-4bdb-8020-fdf5a4c5e5fe, 3919 
28382 f2fda9f5-2281-43f4-8c2b-c109231d8bf3, 3919 
38214 bd6bcb9e-dc21-4487-9237-ea90502c8b94, 8505 
372913 54f4043b-b733-444e-9cfc-13907070a5f3, 8505 
225571 1b85b8aa-b558-4bae-98f8-9959a39f23ad, 3919 
96790 93a3ef48-a217-48f3-8b6d-118c51e473b2, 3919 
213820 ecfbb3d0-f04f-4d9b-9025-c99d20e258c7, 8505 
3384 3ad3c9c0-092e-4287-b68d-39a0a439131f, 3919 
177687 10ac182e-6b70-4ad9-bce9-f4d344255982, 8505 
349487 54ca182d-c7a1-4b46-9e70-932bb2c44e53, 3919 
102077 ac47fb0a-5bb5-4997-858b-42faee024a13, 3919 
337904 91411460-9f5f-49fb-994f-919c142b280c, 3919 
62265 5988b9b6-e2d2-41ab-b10e-bcc63f0c224a, 8505 
93824 dc8bd6b9-321c-48fe-a50a-fc37ecddb6b8, 3919 
60009 2a1f2c86-3cd4-4960-874d-01d805c395f9, 3919 
179715 19ea15ad-f4c8-4ca5-a3fb-1ae101153f1c, 8505 
161617 04063323-3e92-47c1-9871-9a98fda93d32, 3919 
136672 4d6b8bfd-1295-49ad-b608-66fff818dbcf, 3919 
28290 5f68df04-c90e-4e46-86e9-2bc822a4b355, 8505 
394379 ba35b1f3-ff64-4dd0-9b53-1a60768db0a2, 8505 
330265 8f355510-ac6e-4128-8862-456e935e8db0, 3919 
396008 c1e490a2-0566-49b3-8e85-b015a818b7b2, 3919 
194210 c6c9401f-926f-4084-be67-09b34a14206c, 3919 
41874 eb6f5ee8-56eb-4262-8884-5e2ab0434513, 3919 
345473 b2c1eced-ab80-47d5-80ee-886cc4828f54, 3919 
366895 de6ffbe5-5492-4eda-8c4c-73a13eb993bd, 3919 
136254 c0260ae2-881d-44a1-baf5-d0ea48a66e9b, 3919 
195825 83c96f76-157a-4e72-a86b-5be4ebd7887a, 3919 
120499 4e86b3e9-f0b9-4b4d-9d57-2db2dae6d38f, 3919 
385529 904575fa-d53c-46c7-a267-097523b343ec, 3919 
214665 9c7dd7cb-49f2-4b44-9845-e16199ae15a9, 8505 
364007 3913f325-e594-45b9-b2a2-908c8aa76316, 3919 
207681 24fad510-6dda-441e-9ab3-b3c4819e3268, 3919 
278558 6ca77fbb-5855-4f71-8581-121e2ab0fbb6, 3919 
306863 7db59930-a4a5-4fb6-995d-cb5168cdbf92, 3919 
384167 3233ce54-555b-4d90-921d-c5868277c48f, 3919 
292048 5914a676-45a7-4cff-81eb-3a1131ee1304, 3919 
6387 6522bcff-056f-483a-8fc3-ab0f399e77f2, 3919 
38447 628941b4-97ca-45db-ae50-d1b5ddf2f786, 3919 
117510 a172f3d7-a005-4754-9742-54dcc7ebe5b5, 3919 
261655 ef563bc3-dd71-4448-b052-9d09d0a275f2, 3919 
10724 ef459c2c-9c32-48fd-bb7c-711dcf475c51, 8505 
88948 6597d638-ddd3-4d47-a286-0ec8b8ad872f, 3919 
360233 487e9870-0b3f-4810-a900-e81d8a2d2ab6, 3919 
137544 eb6a8d41-5159-41f9-9fca-174826852a5c, 3919 
32202 3446d3e1-b431-4552-ab52-e90756ed9f49, 3919 
197465 707138e0-739d-4744-af2f-bf6311b7e3d5, 3919 
149308 305fc90a-2f82-470f-86b0-c5a284f640ee, 8505 
399773 cccbacb2-8c5c-48cf-9156-9a4ee88c63f1, 3919 
345163 52445c62-ac83-4241-8d08-12f1d206d48f, 3919 
182356 ec735cff-fcb8-4c94-af5f-4f8c482903b3, 3919 
290017 e9e62d3c-4636-4e96-974d-4c4566a61fc9, 8505 
359738 10a626b4-edd3-42de-b6d9-52c18654d084, 3919 
346336 12acdebf-be1f-429d-b18b-af12260cc618, 3919 
100366 3c4c46aa-192a-4aa6-a88f-adc76a798090, 3919 
94723 296f9a9c-4225-481a-8ddf-e2e32b0e3545, 3919 
356309 ec1d649b-eedd-448a-974a-ec68e8916343, 8505 
314918 4d040547-2c68-4995-81ec-d7fb1cbbf272, 8505 
266235 303d69ef-de10-450d-b428-80af241dc52b, 3919 
127962 8bca73a0-0c70-42e4-a453-dec9d8762774, 3919 
402455 a729d8c1-ea96-4670-b8a1-64ff7ebde3c7, 8505 
317511 9108f7b2-553e-4c35-af95-a2dc3cd89009, 3919 
207738 27685cdd-9b46-4fc2-b1ab-36d544204c98, 3919 
37220 712ada8b-1581-4337-a5fa-4806be89ebbd, 3919 
99001 8080a72c-18c7-4800-9c89-dac903f744fb, 3919 
161309 44436f2a-d651-45a1-94fb-99b9d08b14ef, 8505 
230924 f4430812-a2b1-401b-8078-b9033193c5b0, 3919 
23338 fbfeacb8-60b7-457a-a665-6b64d9766465, 3919 
369311 b2e6ea27-fca7-4dd5-a8f6-c5061403609c, 3919 
181723 3d7fecd7-cc85-41f5-9f10-fc496ecb432b, 3919 
196484 fd63c344-5cc7-45cd-a163-d220223e7bfc, 3919 
51251 c314a006-0c36-4e52-9d98-287d34d65613, 3919 
107451 e261db4b-f53c-47c5-8f85-b48d600ac82e, 8505 
396374 ebbb3b2b-7844-4e10-b03e-6be257059936, 3919 
90536 a3757b4c-72b9-42c1-85cc-ac630d0761bc, 3919 
44683 dddaa1ec-4216-4f77-802c-7158f70b3c54, 3919 
333042 938f885d-b51e-4a9b-8f4d-d8e5fbdf298b, 8505 
312947 dc7c346c-a76d-4c19-ac33-399a5aded2b9, 3919 
155152 11dfff81-b0eb-4043-bc9d-986a85eb47b0, 3919 
277274 b54db7b7-e690-4ad6-8989-3a8843e29f36, 8505 
319694 b2b29be9-2ca0-4836-bd8c-51cb1a2babe9, 3919 
180807 de5ef9c0-31e6-4b9d-8b41-3261d1b7818a, 3919 
214443 6ad5c316-0848-41a7-8c78-2ca8dde0ce49, 3919 
172284 09828943-feb1-4847-be9e-ef37bb14ff4d, 8505 
177888 61486d5a-8f62-403d-b424-7f8345240a24, 8505 
78170 f5678304-031c-4d59-a41b-05ee92a72b6f, 3919 
221693 3eed1053-10d6-40e5-825c-205e3e4183f1, 3919 
260895 1c8ef8d5-2314-49df-bef6-207e151554cf, 3919 
116685 9ffffbc8-80a2-4e2c-8a9e-08c53ba88373, 8505 
156186 2611546a-9af8-435d-982b-38d758fe642a, 8505 
330344 fb234e50-1842-41ae-90c4-4dd5de22dbaf, 3919 
227003 17964763-f830-437d-bc0b-7d60b624bb6b, 3919 
145896 d86139c7-6a06-410c-a289-9a0fa7cf2e33, 8505 
174033 98d35500-8873-46ff-ac15-80cb896a1248, 3919 
12882 a225e313-849b-44eb-bfa5-d3252f48f884, 8505 
321036 8eb66efb-6de8-4f9a-b523-787e1e2220cc, 8505 
86617 7cbebe1a-c774-4f45-b6f1-5d412276ece3, 3919 
170100 4473027f-2ed6-4631-acb8-152ecf299a1a, 8505 
10282 80643edd-ab30-4ca8-bfab-506e76337fee, 8505 
329266 04499a9b-5697-47a7-a52b-a766888d35c8, 3919 
245349 f36e13c7-20bc-4a23-8f7c-1bdf6174a855, 3919 
362976 76f22776-7ff6-4e76-8fc7-f91ad930a4de, 3919 
245709 6f329921-67db-4074-8cce-bed446c43e47, 8505 
274614 db5bbc1c-781b-4332-a403-d0213c40bb4e, 8505 
275406 554089c9-b626-485a-9886-a0cb8f1a0f5c, 3919 
285790 9b4c4429-9799-47ba-a704-f64a7ac987ea, 8505 
82914 bbd71113-1611-45e4-a6ae-9a8d2e5b3142, 3919 
370715 b9dfecdf-5683-49fb-b700-86b9adb1af99, 3919 
193319 00946ee3-d4a0-4673-b252-d7c530f42821, 8505 
163687 e1b40708-60e1-4589-8be3-31dd1c67f445, 3919 
346477 79a7e4f8-d006-476b-975a-e854f518bc81, 8505 
124556 50b8c8c9-6c2b-4df5-8364-0c5cf8844ae0, 8505 
242989 66c80ea2-459f-42fc-a19a-3e6469a8134e, 3919 
398688 66743e87-f71a-406e-9513-91969841e328, 3919 
119466 ebad16db-df18-4889-ace7-30a2db2567f9, 3919 
343456 7aa6a850-bc90-4fdf-a3f2-ddabd3cfba75, 8505 
311724 4e1bbd8b-919f-41b2-a690-0a478a089a28, 8505 
121663 936e8381-e24d-481d-b23c-3d9bf1fc1300, 8505 
143901 52d7b2bd-b7a2-4a0f-ab5f-3eb6708802a7, 8505 
296996 995c78d6-4427-42a5-9908-2e0cc71fc301, 3919 
311281 ffb5d51d-d0fc-49b5-9586-d45ef697e683, 3919 
221602 67eae908-ccec-4a05-8b8a-6c25049e5bc5, 8505 
364034 d2317c1b-4685-4e11-82db-c13847440dcd, 8505 
266921 9ae064f2-e627-4bd3-8299-6e1bc7ca8d33, 8505 
254569 93f8134e-e591-4f25-b20b-86338beac71c, 3919 
134660 1da99275-0c40-498b-8433-e7d1435c59e9, 8505 
111869 b14bf4b2-315e-4b65-a2e0-09ce1f1aaef7, 8505 
380302 17ce6af5-8cbb-494a-9f33-b0c6c420ac05, 3919 
331438 89168e98-b815-4a24-9d7f-940f0957695e, 8505 
263649 a0fa4352-0d82-451e-a740-9d3f77bd6874, 3919 
265995 08c1e64d-a93f-45e1-a8af-e7f1d9c329f3, 3919 
135061 1a9f4c74-1b14-4153-84c8-b989bcd2a810, 3919 
138687 d6a19092-02f7-4854-b660-8c917fc4654c, 3919 
74519 56757f6b-b950-4776-9a14-b09a7219ddc7, 3919 
232046 9bf45c75-2b31-4f17-9189-8f48c674b4cf, 8505 
40812 4d3b3f61-88d1-4728-98ef-d63540560f16, 8505 
277727 05a23856-dd3c-4647-802b-6d358befa4f6, 3919 
158119 0b8951ae-1f92-4502-8eef-1ff74d036ec9, 8505 
253226 bb484a50-c4c4-4a30-afd7-e959ef61c24d, 3919 
252562 3f8a69f7-7057-4316-ac01-d5584881d7d9, 3919 
230446 bdb67475-d8d9-4d21-93e7-0f04e695fc34, 8505 
345561 df1cafce-c78f-4d97-b68c-0ea2fd1fd851, 3919 
247426 599b4548-e895-4797-8d36-b0f8810e5ff5, 3919 
83605 411df05b-9991-4661-9280-edf424a674c2, 3919 
75259 ceb3578a-055c-42bb-ac47-ebc580a55814, 3919 
106133 45440a40-f3e6-4d3f-aeb2-34baaca611a5, 3919 
181717 a45bd265-1d12-4942-9752-a6ba3b614d93, 8505 
309407 74619693-3027-46fb-a8cc-c8ab5b2d375d, 3919 
226297 7fc301e8-4216-4ca1-8f54-a7f1bc8cb79a, 3919 
232541 306304a0-2a7e-4ee9-9b35-610077aa89a8, 3919 
41255 893f6cf9-c9a8-456c-ba3b-9b6d56564dfa, 3919 
39649 aabce20f-91cc-4b35-9f17-b158c9f8d5ff, 3919 
286236 a25110a2-96d7-413a-badc-0b81df3914ab, 3919 
58525 3f41a414-e20a-4f28-bf44-87d96833e6a5, 3919 
253988 b50b5dea-f86e-49a0-849a-07af880e07a0, 3919 
13535 c01c4db1-5ab8-42c3-a7f0-4219893f864f, 3919 
168933 110d4c60-5996-4529-9fa0-abd2d76fa772, 8505 
217557 68fbde1f-45b8-49f3-b8c9-2d8d352389c7, 3919 
349004 3dabd2c0-bd7b-4abf-9ca7-5a8e52915525, 8505 
253145 d2d7012d-7c6a-4f27-8ff5-a450a0ea8ed5, 8505 
321 b4332251-9a45-4bd7-b742-27c656587028, 8505 
238355 6caa221f-0ba1-420e-8cab-64a6cf577595, 3919 
21073 2d713e66-d2d5-4a13-a0fb-962dc6d8e94f, 8505 
78472 f6fcb910-ed79-40eb-a288-7a3351b87438, 3919 
28233 2d64e23a-e68e-42c8-bb01-fa7b8716ce63, 3919 
357597 9903886f-5fc1-47d7-a2b3-ea04c25bcded, 8505 
156644 63d072ef-04aa-4ce9-8e28-f5d3b9b809c3, 3919 
265657 47e4f765-c782-4bb6-90b4-4f4a48978ef8, 3919 
206401 fb07c14b-df8f-459a-8954-6ed70b7f61f8, 8505 
358808 7c375527-80a7-4069-8684-f4454d06cf66, 3919 
253605 e1ee0138-7acb-4190-95a9-3de32bdff9c1, 8505 
225102 667ff7cd-cbb0-4abb-b26c-5914f2ce788e, 3919 
337666 64140c4b-e39b-4da6-959f-eaf801467af9, 8505 
339241 fe801848-d012-45ac-82e7-7fd895a4c7dc, 8505 
32627 6c9f0380-928d-42ce-be24-3b0e5d1026fa, 8505 
309656 c03d946d-fc26-4fb0-8de9-b218c83029e0, 3919 
108210 fe6fa8b6-cea6-4191-bc59-a7b41adfd8cb, 3919 
34648 473732f8-0429-4ee3-a37a-ab8aa792755f, 8505 
178616 5843d0d2-ceda-4571-b980-31588963bccf, 3919 
103336 8e22ae4b-3f58-43c5-bbdc-fb66b3036e47, 3919 
261036 71e26bb0-77ed-4334-b83d-38a6dc65bf3c, 3919 
391833 5d0effa9-af44-4ef6-a8ea-256db1a87c61, 3919 
299891 878d2aa7-14cf-4146-b191-d2b7bed1ce07, 8505 
210061 abfe1f01-0135-481f-b38d-b00b81c79b20, 3919 
285277 40ab7d25-48ee-4926-b958-bcdc759787e5, 3919 
199660 a4ed91d1-3d79-40d9-bc80-56cb16f82a20, 3919 
30980 7855d45a-9631-412b-a4dc-15b75df1d266, 3919 
345572 d32d3848-5133-4202-aec4-115a8e15ce3b, 3919 
162134 b3366dfb-bf70-4f16-81a6-03fae3ae0450, 8505 
303495 2cc247da-e7df-4a39-9e20-0b9dd5d9cda2, 3919 
80412 a02603c7-f349-4e62-9b68-faff56a06597, 3919 
189232 5dda9c94-bef9-4bbc-970e-391e8b77502e, 3919 
258839 f8081db5-0fc8-48c5-a4f7-9ba9a6e4e42a, 3919 
127407 0bbc723d-b6e4-43f4-9369-2401afb449d3, 3919 
274702 9a8ad3f7-de25-4917-a25d-d875e7acf124, 3919 
304426 54f78a4a-df46-4b40-ae8e-132496e47701, 3919 
150681 b38bfba4-0eaf-4500-85c9-3d96f90c9a7a, 3919 
388899 a771f001-484e-4ebf-9777-4d8aced07778, 8505 
46563 bd862234-ab81-431c-b6af-3b128163ecc2, 3919 
364804 b70892dc-a3bd-4401-a6a2-cc4166620202, 8505 
199721 aa2aea7b-cefb-40b7-8c23-ebd221a2ae4c, 3919 
206196 f87e6b4c-8bb3-4ce3-b46a-256e91a415a2, 3919 
401297 47a9d55c-3c79-45d5-ab63-f587d8850450, 3919 
103039 2fb9afc0-399a-4e37-9c35-a13acf84cf7f, 3919 
156237 f5a80f6c-01b7-4c8a-9abc-77811a29aebb, 3919 
297758 f8bc0426-80ed-46ea-b7af-32460dcac030, 8505 
274231 8551025f-6c48-421c-9645-bd0f863f2482, 8505 
173311 ed6a9e25-fd3d-49b9-9d7d-1bf4dd5c4482, 3919 
321660 3cfd5213-eb2e-41bb-ac03-5a953df13ee0, 3919 
367791 8c82809f-bbc6-4d35-b9fb-51ca245adccf, 3919 
148669 e6353b48-70fe-4ca3-99e5-55e60db6383d, 8505 
186623 80300480-68ce-483a-afb6-fa8d1451f972, 3919 
336097 b565f73e-a317-471e-b16e-fb591e9e4ed2, 3919 
99339 2f56d68f-ae6c-475e-a366-71238889e809, 3919 
212242 9a829b30-7d1b-48d7-a64c-dc95cc087b4c, 3919 
209645 6a54787b-ee32-45f5-bd9d-4e9ddd5e671f, 8505 
387144 290be92e-8c70-45f1-bb54-7e9ec02f4650, 8505 
2682 aa053cd2-ab40-4906-83b2-c02c08fcb97a, 3919 
116189 d75a7d22-ef76-4243-a7a9-bb1b9a47f6bf, 8505 
267553 5b20f231-881a-4fb3-82bf-b30223155fbd, 8505 
345681 2175f8e3-6bde-40e0-b66d-eea4566e87a1, 3919 
124213 c48f18e0-3f84-46db-88d9-b3725756b472, 3919 
283023 960683b9-41ad-4667-9613-7aa14ff41d9d, 8505 
251089 6e793664-1083-494d-a513-e5ac41bbe8b3, 8505 
327174 581733db-43e5-4273-b441-22e273c7fa25, 3919 
164283 c56d8c66-b3bc-41e7-a1dd-3ad337e5ac75, 8505 
18145 b825dcf7-505f-46bd-9e1f-622981785ef3, 3919 
131865 49b76972-d2eb-436f-9684-81ca8b926ae6, 8505 
153484 1b22b20d-9c8f-486d-9925-76e918163a38, 3919 
223607 5ad6b97e-7863-4fb5-bc6f-e612635853a9, 8505 
307993 fb10e404-57b8-4dcb-85f5-da9e9e0b5c96, 8505 
142423 568967e2-697a-4989-bbda-6d14cf9751c9, 3919 
228077 c94cfed3-f84d-48e6-894d-744e56e1d0e5, 3919 
156486 3177b547-efae-428e-af30-ac25e408e2ff, 8505 
302355 84d36860-3d36-4003-8b90-5be8f855578e, 3919 
166251 ee1bd2d5-93f7-4124-9007-a99b453b3f46, 3919 
309950 ece7bf62-81d7-47b4-a54f-4eb0855b46b8, 3919 
228990 0efb46a3-bc3f-4ad4-9fb6-287a72504698, 3919 
167660 6f4bba23-d2b8-4d56-8176-a66c347b096e, 8505 
186970 28d139f0-a2d5-4b44-b155-b7973d48b9ce, 3919 
34057 2272a2b7-ea73-4b86-92c8-a06b51f96306, 3919 
124748 7d1a708f-c29a-4adf-b946-fb52a90bb519, 3919 
267036 fea044ee-bc73-4e37-ae94-0d642f3f1e6e, 8505 
354575 53560bb9-4b67-4cf9-8ea8-04df58e6ee4c, 8505 
88720 9633bc99-0f38-4a78-b7ea-9a97e38033de, 3919 
287486 a5ec88f9-270d-4efb-9b3e-f4cafe20a790, 8505 
101283 9b6b038f-3212-4618-86ff-01ed3a3bf789, 3919 
244878 837474fb-0123-420b-b20c-562a268f7051, 3919 
224773 b7e2ff53-e15d-48bd-bff0-1c09c8cc9ccf, 8505 
363407 76820046-5ab2-4b4d-a3ff-7d4922f47f6e, 3919 
375376 f00dec0e-bc59-473d-998e-337c3e47b1d9, 3919 
87252 43ff28d3-21d0-4f25-a287-84f54fa54560, 8505 
317319 a7ba3dd1-6c61-40ba-acb1-bb67dbcff6af, 8505 
218384 ce25c214-3d78-4ca4-89d0-d7de4bca8cf5, 3919 
249189 dc765449-06a5-445a-962a-d97a2134138a, 8505 
164188 4abc6ca3-f8a3-46b1-8098-fced726672de, 3919 
360027 76fe8b45-87b7-483c-920a-4a4116596ff4, 8505 
318620 2e7f2747-0fd0-45b5-b63a-474fdefebac0, 3919 
354756 0cf5d221-05b5-4438-b4e6-a418d1831cd4, 3919 
189737 f82db985-5e39-499f-ace5-79b5be44f1cc, 3919 
179293 dbc8f793-1617-4804-ae45-1c390e98e507, 3919 
281994 27cf8786-f649-43e6-bffd-308f7dc093ac, 8505 
253435 7a09324c-b7c9-4e46-b272-6b64ef2b70f3, 3919 
284903 6ec1e340-29c9-4274-8c44-739fd2f50a21, 3919 
305737 dc42cc92-18c4-4724-858a-77966e9d5911, 3919 
128471 202ad6c7-e970-476e-a230-3c89c03d62fe, 3919 
91008 d1fe0ab1-11bf-4523-837c-822023e26b83, 8505 
337139 553cfc53-621a-4400-a5fa-50530245adad, 3919 
400832 3e56c8a9-80a2-4687-bc52-dbb79c43d9d4, 8505 
143014 3f32806e-16e5-4fcd-8e4f-c2d5087c8812, 3919 
236832 20cdeaa7-3d1f-4fb8-84f9-ce42020981e1, 3919 
345538 c4646550-d346-4f91-83bd-ad865b1c7506, 3919 
167321 8e50e671-fa50-4133-ac12-6e0db0b29917, 3919 
225096 9d45df60-47e9-4d03-9911-49ad9e32ca79, 3919 
297782 db5955c4-1ee7-4ada-890b-96a0921a48a0, 3919 
218345 e5b3cedb-10c5-4467-a7c6-906904ea22de, 8505 
72728 ef0bc721-6162-48ac-9360-b2dc82cf5816, 3919 
144377 6671dfd5-5b08-4c4c-ae1f-c94337f697a2, 8505 
37419 e6fc49fa-195e-404e-a12a-8d90e5139d26, 3919 
113986 41442bb5-a0aa-4b97-8af5-56135329a649, 3919 
80866 8b8c0773-cb00-4245-81e4-a5d2116df38a, 3919 
231602 9cb112dc-f462-4598-981a-9d90bc46e8c4, 8505 
84273 25574e8a-7b02-46c8-8ea4-ff9e903ccd4d, 8505 
123765 97ee5a83-86c5-4fe4-b36f-13bf921138ce, 3919 
36789 b1e1f77c-4439-46a8-a559-9dd883fe7b50, 3919 
212488 c1afb1ff-5eac-4b5f-bbb4-fd89c0faec3e, 8505 
225325 b6fd749d-c5d5-426a-b6b8-ca43f39fce94, 3919 
107760 953f6d29-eb56-42e7-9295-56567b3d0adb, 8505 
95609 3d0e33e4-0e4e-4cbd-be99-6a7c2fd54056, 8505 
368016 509b30f3-4fc1-4c94-af29-631f2a953c21, 3919 
4128 374ae76f-d714-43bd-beb9-20adf8701efb, 3919 
292971 b16e7226-9841-45a7-b8c7-dcbcebe5c3dd, 8505 
384003 f34d71cb-6414-4de1-b104-ae8a3b85d662, 3919 
260229 fb7c003a-cdcb-4934-a3de-2348dc70f688, 3919 
201742 ce75a173-cc65-451c-ac22-3d388632054a, 8505 
80587 a3734ee0-a66c-469e-9d62-e3aebfb9f517, 3919 
399633 23897bf5-c2db-45fd-bca3-5ce484c8b7b2, 3919 
308730 89956765-860d-42d4-aa58-913d92cf93e2, 8505 
222335 f8e2b141-576a-4549-ab8e-1160a2ad0223, 8505 
373393 6fd02b7f-9d8b-4dba-ab30-a88e3d81a2d6, 3919 
387002 527c710b-0196-49c5-b64f-52bd356d52c4, 8505 
24673 3a8cd00a-d80a-4c9e-9d88-4c1483b463f5, 8505 
12625 310b196e-5d3f-4091-a9da-33316917be99, 3919 
67123 7a57ce2d-459e-405f-8144-41a577d5c297, 8505 
71550 11bbfafd-7fad-4b83-ab11-079fdd8da5aa, 3919 
105287 3391034d-0e57-4fc8-8666-194df56efb02, 3919 
125641 e321d56c-b75d-4046-8184-fc0ed0937775, 8505 
180958 1317f1d9-11ec-42d5-af71-f5c04b7eebd9, 8505 
363298 26070acd-ee25-4e1d-8fba-f2046c2ca30c, 3919 
317025 0b0483ae-dd41-4af1-81ee-32618c32e5f9, 3919 
312261 8f2c3b7e-7ebe-42ed-b31c-e7c65bcbae40, 3919 
209730 ee24b72a-2327-41ae-aa14-8eb7a6d0aef3, 3919 
140333 75282afc-6927-4860-958c-f4adf8f46ba3, 3919 
157925 75540f23-d353-4544-b968-a54dc892a662, 3919 
330786 bd81efa5-db44-4a66-a7d0-2ea24916694a, 3919 
49862 5adc7849-9945-422b-96e0-8ee339c91525, 3919 
161953 7b60c631-5caa-47c0-b00c-85858906f574, 3919 
384011 f9817610-cd9e-4363-93d0-629ca7f1c45b, 8505 
266709 f381ad12-fcce-48f0-8ffd-33881c28f812, 8505 
398391 b80259ec-d4c9-425c-b800-5b7fea95d79d, 3919 
78878 e32062c1-c8d7-41c3-bf5b-469e84575b0f, 3919 
348364 2eea689d-0dfb-4af0-a994-ea886a1627b0, 3919 
2341 9c6e11a7-6360-45e2-976d-13556ada84a1, 8505 
244164 2bc7dbc8-0e89-452e-b01c-346799152af2, 3919 
161011 dadd5edf-09ec-4e44-8e9b-1d4be247347a, 3919 
328138 73b599e8-c1c6-42ac-b70b-6cec83ce1bb0, 8505 
303691 8c4e1aaa-0ce5-4719-b2ac-015e9de080dc, 8505 
263789 8b83d55b-4e65-4d2a-8eb3-2c26d310fab6, 3919 
160821 39d48fd1-87cd-424c-86e9-560c07f22f9f, 8505 
47351 f64ee6f2-6175-4ff5-abe2-4dde6e353204, 8505 
340398 bd1d2a86-d243-4cb2-a200-4596ec383bd7, 8505 
377788 2d8dbb71-740f-4a44-8c42-a664feea4e6a, 3919 
171438 1b83a673-563d-4d42-8521-d97e669efd70, 8505 
226882 33f43959-f4ea-401d-8b71-02678e26367a, 3919 
335499 f7ff3cd3-d307-42f6-a72e-a56353d6fad6, 3919 
311052 ba4cc968-5ab3-4ac2-8b43-4b33e66cd281, 3919 
58475 592906e3-56d6-4594-8517-f316e9854ad1, 3919 
188684 660e8949-32fa-4290-8f48-d7b83d8e8f3b, 8505 
292033 08d8ba08-5b83-4388-a99c-29a660ad65d5, 3919 
349903 0ca0f160-c697-48c2-9721-f60112a44a61, 8505 
159886 78727491-204e-4ff0-bc08-00dd4e6513f3, 3919 
73508 ce30b144-2ccf-4b96-8f49-08ae527623ea, 3919 
319230 65f50b36-4785-47ca-9eac-9dfcba1fc7d8, 8505 
150759 9c5c7489-20e0-4ca9-bf22-2b3dfc5fa9d4, 3919 
298638 58d86d00-85e0-49d7-a8d7-8c5a643339fc, 8505 
111051 2e933d90-b266-4fdd-8298-07d8384b1abc, 3919 
4421 82cfd56d-f6ef-48be-8e43-9038c201ad3b, 3919 
376340 b1d57612-3473-4a92-ae48-625a108627ee, 3919 
190223 7a9a14b3-11a0-427b-add2-9cdddbb4f126, 3919 
209105 6afd75c0-db7c-4b3f-aa06-beaa6975b5c7, 3919 
130762 6fde0370-afa7-4d5e-8021-e0bc0c72040c, 8505 
97707 06575aab-5668-4afd-9740-93c2153ee38d, 3919 
165633 76cb69c8-e4ed-4322-a170-c453f5cc2945, 8505 
236565 09bc1a5f-5e87-482a-9a2f-f8a9be97f1b6, 3919 
26287 518b058f-0f59-43fa-805c-60016db133f6, 8505 
121092 f7d70103-7e01-4eb2-90bb-293b643ed61a, 8505 
60885 48d7a49f-f087-45fd-9036-d3d9cf1eb66f, 3919 
404072 9cd7c2a6-3e2c-42d1-a90f-3c39dce6328d, 3919 
297675 6ada9003-6262-441e-969d-13326991462b, 3919 
10356 ff4a904b-5c43-4283-88a2-b43f01eb7a8a, 8505 
150374 b422f9da-a1b9-45b3-a3dc-8f42c283ec36, 3919 
317977 13acc4f3-2108-41c9-9211-8aefabe0c953, 3919 
332847 c5714967-d26d-4ce1-98be-df0a41bb617e, 8505 
301971 0ba3bc9e-a07e-410e-9630-50f65a23a846, 8505 
240988 83939a5f-4a20-453c-ba65-a333f5e5bba3, 3919 
92822 9d34f576-5c11-4719-b73f-e695d01a51b3, 8505 
338838 9188136c-10fb-499e-8bac-c2484364b80c, 3919 
94497 bfc1d7a8-0a03-41b6-b9eb-b87b89de8f9e, 8505 
225534 751dcf18-c5c8-40c1-a185-f1f76a8f89f8, 3919 
22819 2d9a8e5a-343d-46ca-aa39-62bcd6d656c8, 3919 
23140 3559b4e0-6b33-429c-9daf-79e90f296083, 3919 
143223 803de7aa-fdec-4eb5-8f00-584a5f8a8346, 8505 
289048 51f336e1-1568-4e08-afbd-b533a2ce454c, 8505 
86353 7027255f-633d-466f-8284-711ca7fb14cc, 8505 
104232 bc072013-515d-4f93-ae0b-05c1a754130b, 8505 
326127 7df974ea-94c0-4f80-8215-f85f361a9f9d, 3919 
369002 88ed03d2-afa6-4631-b748-999a63e2e9b1, 8505 
359322 1e0619a7-38af-47d3-9f33-f519218f76fd, 8505 
112977 20b4991a-e5d2-4b25-992e-316153929c42, 3919 
303591 1e2409a8-fb57-4580-a8f1-4d68e9aba984, 8505 
55747 07d71c7c-85e6-491b-ab38-0c4c0f620819, 3919 
333667 056a1350-742d-4fc3-80b1-e5ae3e745001, 3919 
193760 9035342c-7624-4370-80d3-9270f91a37bd, 3919 
158431 d8a8841a-9640-44cb-aae3-0ff63aff84c7, 3919 
240891 2d880d53-b9ce-4055-b115-d12a710f8944, 3919 
321920 7e98cacb-9599-4a9f-86aa-a042916a355d, 3919 
4981 fd752b2a-4c24-4ac5-8989-49cff95fa660, 3919 
122354 6503d0c7-930c-47af-b99d-529de07168f9, 3919 
157751 b19cc239-eac2-43be-819e-4ca73dce0d1d, 8505 
67049 3ad1e63f-d296-4c69-aeda-e8c859f946ec, 8505 
300274 93d32eac-62e8-4028-bb73-4cfd89b7c9f5, 8505 
199917 6153ba04-da52-4d66-85fa-205b557d8a9e, 3919 
251008 b562334e-8e27-46a7-9abe-b7b651851ffd, 3919 
272090 35101791-8021-4949-8ccf-bb2abffef14c, 8505 
122798 8914ed65-87cb-4a75-bd8a-3eb0b0f772ff, 3919 
8865 590667d1-8fc6-460c-9e2f-c2bb6b5e4ea4, 8505 
2695 681c16e4-6848-48a3-883e-9bc026342186, 3919 
350751 1e74807b-3a29-4e91-b832-a5bac0a01a13, 3919 
91891 9e1af41a-92ab-44d1-b0b4-56001d20adf9, 3919 
21315 ac6ca0b1-7344-4f8d-b2ad-5fbca68529b4, 8505 
300963 cd8d3bb8-d072-466b-ba0b-1055e84f702e, 3919 
130785 b715c7d0-5628-4f7a-b7c7-aedda75e6c40, 3919 
380342 66e41ed1-4a7c-4200-bcaf-9cf8f622321c, 8505 
303117 6335afda-c535-4a72-b2ee-738e54168cf2, 3919 
110595 0c59d6f8-229a-41d9-ba63-f7d9d9b5c174, 8505 
105754 f3870519-97d0-421d-a313-a2549012ead9, 3919 
285104 30b61b6d-5a02-4861-8bf1-278d6fef7f9c, 8505 
389461 7308b7f8-6bbb-4bad-903d-1f9626787cff, 8505 
234800 ada15486-f05f-4703-ba36-982523e940ad, 3919 
182676 798466bb-8f55-4395-ba81-e7e3c2bbc54a, 3919 
106376 9401829c-7d38-43a1-8851-21763ccb7754, 8505 
203601 ff621210-6be8-4cfc-a28e-dc70107aa581, 8505 
195039 d4dfa53c-74d0-4031-8b03-0c34faf051da, 8505 
66182 3defe587-ab47-440c-b79f-2750fb0c49d3, 8505 
241810 bb16082d-985c-457b-aa2a-b0898851c1e4, 3919 
37305 42a07810-5292-4e2c-956f-ebb449f22416, 3919 
180838 41fbe109-aa25-491a-876d-a6b209eb5765, 8505 
48738 bc130ac7-680e-4aff-9004-1cc53beb126c, 3919 
315347 439ed57d-8766-48a7-a81f-9c887f29a857, 3919 
344970 599a7c69-a0a4-4c62-8d52-43bfba7c8808, 8505 
124980 b22b9b93-90ce-476d-9853-4c48e21b0669, 3919 
221809 c6ee0c93-15b5-4f4a-844e-df80fddba7d4, 3919 
84217 338f43be-9784-4f68-a68f-260256e30fac, 3919 
154093 c3bc97bf-36c6-403a-b8d3-cc55b6ae4bd7, 3919 
234386 b8c9e60a-f2d4-4f04-b6a7-3562f39e258e, 3919 
321958 6f26cd8d-2a2a-4757-a741-3c41d1dd1378, 3919 
29727 9443bbfc-4ec0-4e49-856f-9816107aff2e, 3919 
100578 d9b5e541-6f22-42eb-954f-fdbe4693f715, 3919 
29443 71995001-bdcf-40b2-831a-4f6cfffad3d2, 3919 
332029 1dd776a3-66a9-4839-8b04-3af0111bbbfd, 8505 
17705 a130a705-f561-469d-b8f0-0480183a094a, 8505 
45776 73a729d7-4541-44d4-a3e4-5791daae4926, 8505 
8214 632de80a-9627-4fb2-a0d2-6e3ec885ae1b, 3919 
394792 9ea28c15-d44b-45fc-b587-71cd67c969ac, 3919 
159744 191cede6-949b-4c09-8a9f-5afdcc187717, 3919 
290244 f9c5bb82-2666-4d4c-ad83-f15ea69ffd48, 3919 
59142 e1721534-aa9d-4a43-b1b7-9c0a237206ad, 3919 
229415 8c6bcaea-dcc8-4493-be84-1ce25df35a9c, 3919 
275599 96d2f353-e202-4503-aef5-7829b951a61e, 8505 
403099 ca67b697-57f1-4fe6-b131-41dd404c88fe, 8505 
149653 12302982-8668-4402-80b1-3038c124a392, 3919 
157248 c8ff7b02-7818-446f-a85f-31c62039e35d, 8505 
99418 dee73abd-ceee-4de9-899a-77ff60b06f63, 8505 
333774 1a0e09d8-9856-4ebb-be31-b530eb1dbe79, 3919 
307146 75644105-bc48-4c7f-9940-842d06184973, 3919 
50333 cc094dea-d11f-4254-8876-13b53fc1c903, 3919 
183744 34246268-464c-46a8-8ba4-bf2364ed7dc4, 3919 
335934 65ed7371-4cf8-48b8-870b-d46b3b6345ee, 3919 
313549 c34c9963-661d-432e-b40c-3e903d024907, 8505 
247611 d1140384-0567-4bd4-8d5f-979d59faa708, 3919 
402192 91745969-6d50-4ae5-b0e8-02c25b757596, 3919 
114726 34bf8e6b-c493-4140-8a36-bb325443c404, 3919 
21586 3f97e356-949a-4347-b4e9-e3025f921731, 8505 
383215 a712b19a-35bf-4f08-a842-62c158cf3c51, 8505 
20933 45a6202f-f4a2-4e65-8990-280b981fa555, 3919 
12017 a18e0cf3-e343-4b28-a6bb-6de9e187938a, 3919 
245091 224e5f9e-8808-41b0-b8e8-ad743c685e57, 3919 
334088 57983791-8af6-4088-a498-1eddfe399450, 3919 
354185 9a2817d6-8b7b-47b1-af23-df941b8425e6, 3919 
271749 a9f2385c-6443-424c-bff5-b5bb9777487f, 8505 
76006 9013c0f3-261a-47a0-8375-4396aca96b99, 8505 
81332 f2b550c3-47c0-4d68-8b25-e5d5ec359751, 8505 
7039 11002562-ae94-4944-b784-375da3029238, 3919 
133094 55a213dc-4ae0-4528-8848-0fa76db5aec0, 3919 
325497 4e3ffe9d-37c7-41e9-917c-49b8e7618d69, 8505 
280233 bea5590c-6ce6-4542-83f9-169e2050704f, 8505 
273471 4ee4d613-ddf1-48cc-afc3-2b1d706fad5a, 3919 
309314 a3672d18-29b5-4aaa-b87e-99308d92b4c5, 8505 
26888 754b38b5-98d7-4444-941c-37494249c783, 8505 
196424 31573bff-1184-4e04-a3f0-403aefdd7b41, 3919 
197665 3c5bdada-632d-4e26-9a80-040d8228b4ae, 3919 
231131 15fc9579-9eaf-45ed-8d25-dc4c5f3b56f3, 3919 
356756 06276c25-73ec-46ca-b85b-ff594c87aac4, 3919 
95174 7893ee78-1897-42ac-8dd9-298f0b6f85f1, 3919 
101302 d5aba7e5-2a0c-46c4-9646-a0b2c9a4b15f, 8505 
248727 2b8f975e-b7f6-4690-b794-256b7f958837, 3919 
186181 b296918a-054e-4c51-814c-365e40520103, 3919 
111418 aad5e8e4-a561-4d9b-9ea3-5e4290ac9571, 8505 
53483 656d4bb4-de65-42a5-931a-811eab292a28, 3919 
82717 559c0179-b987-4614-8d07-05b8ccdef75c, 3919 
403330 ed5420e1-8a45-4442-99bd-7ca28663f060, 8505 
248449 88bcc201-8607-45e0-b684-b1715f75855d, 8505 
147452 28ddc3bc-afe9-4381-8338-3218165b1045, 3919 
273199 71213ba1-e355-4169-8e36-731fcc10e46a, 8505 
222427 45ee4fdc-f4a4-4e39-a954-6a63fd188115, 8505 
80846 97474951-9742-4c06-8188-f11ac352ac86, 3919 
163437 495ed4f0-8d6e-4778-a397-73d4a9034bcb, 3919 
32472 cb9b4821-0abd-4cdd-a6c2-0a19bdb08bff, 3919 
304771 95e0d89c-9294-49cd-8841-81798175c7f6, 3919 
223455 182b0527-c376-4ece-9747-a2d754afc4c5, 8505 
298980 e4500581-1c31-419a-91b4-ffea30afd22d, 8505 
152246 296d6823-a18c-4df7-8553-37218eaf5693, 8505 
349184 14f2ff64-db76-474e-a65b-63359e38a404, 3919 
60450 63a01245-c583-4825-83e9-6bebff8420cc, 8505 
181324 6f83c487-6a50-47b1-be81-6607264ac9e2, 3919 
300730 87654bc1-c199-44a0-b6a2-bb8c08ccbbf7, 8505 
241639 bf4446a8-b067-4d72-8536-c890aa39166a, 8505 
232848 4355569e-a888-4ba0-beff-44e591670548, 8505 
106481 d4ed078e-b56a-4b57-ab01-991d77bbb09a, 3919 
238888 da8d0ba3-11bf-493e-8a02-9d1c06a4311c, 3919 
134350 c10154f1-b5cf-47c3-be24-79156ee2b6fc, 3919 
393335 b1511c0f-dc92-4bfa-934f-b2cafa742d2d, 8505 
398073 89e80d54-d391-430a-a4f9-0cf9dbfe6085, 3919 
26463 f5a1ec1a-0aad-43b4-96be-2a2ec9408c23, 8505 
98662 d3e2a54b-9431-48c0-99a0-ad5828159ebe, 3919 
228322 10f14649-dae2-4227-93af-fa59b9595003, 3919 
372237 a7dcf15a-5102-48f0-accc-35d49121f315, 3919 
57612 0ed2167c-7ec9-48d5-b78a-34ff54ad867b, 3919 
205276 f6acac4c-2499-410b-a83e-7fbda613b097, 3919 
140956 f43fe5a0-e7c5-49b5-8e9d-730eec97461b, 3919 
370773 d1bbe069-cd12-4daa-a1dc-198eb3d34d04, 3919 
325013 0410ffda-99d9-4b38-8f0c-ed2ad952be87, 8505 
387882 45c25514-e018-48a7-9cbd-f72f39deaa93, 8505 
7983 95c7a470-78b0-406d-82f4-87cb7d284bbc, 3919 
124891 20f233d7-594c-4f0c-9f76-93545282f4e2, 8505 
194565 0e9bc2b5-4573-48f3-93d6-55aa6b4c0b55, 3919 
128917 6dbbe474-e324-41cf-a5c7-317d27fc8f56, 8505 
135739 7e884a62-94a0-4084-953c-7453079ffa20, 3919 
234470 c439073a-b1a8-4f54-948c-ddd74aaf1c55, 3919 
65227 0c6cf15e-8df2-418e-91a5-3f3c889494ae, 3919 
78294 5798d68a-7300-4357-a9ed-999639eb8bde, 3919 
290736 ef769e86-28c8-49e3-9fd3-8afc3e90a581, 3919 
375670 54826009-bb5c-460b-ae5f-0c0ff825c4df, 8505 
372593 4fe7d5fd-0617-4833-8b92-511da9991bbc, 3919 
393807 e3fafa7f-1844-406c-8485-3188a56028dd, 3919 
150335 d2166819-8b60-4864-9b02-b0b5fe7be2a7, 3919 
107147 9e2560e9-1295-4df5-80cc-3b8ee5a2abac, 3919 
263648 e751e202-ed44-4abd-9604-26cda9f56101, 8505 
185340 db738d5b-7830-4194-a167-61986d96bb5d, 3919 
71287 57ae9a6d-8d25-4424-991c-da15c13a8aff, 3919 
301454 d919c129-a4fe-4a15-b697-d54ebb4772a5, 3919 
274195 12bbcab1-edfc-48dd-bedd-45ba3d350e63, 3919 
79951 5263ee93-b3d0-436a-b83b-3d441c968000, 3919 
333151 b4036604-8860-46ef-b598-71b1e84fede4, 3919 
2453 10adfaf0-3b5d-4c4f-8c17-b43746558f59, 8505 
288186 aa6ecc65-372e-4c5d-bf5a-6ef4e3a5c3d2, 8505 
370313 cd2a24e1-d38c-4518-a1f0-86ac7d0217e1, 3919 
69468 d242fb00-54e2-4a4a-bcce-9370f453085c, 3919 
372676 1dfb35c1-3574-421e-ac9a-0dae29cb93db, 8505 
8691 a0ca2ca3-3c6f-4c26-9bf3-c7e14f9148e3, 8505 
57117 a9ec0e8f-1deb-4604-9d1f-cfdf4b84f53b, 8505 
35639 3962a3e5-cf45-4846-94b5-e1595e5d17b5, 8505 
189360 3d391ebd-111c-42ac-b014-7c113c76acc9, 3919 
1367 7b7beba3-1a49-4185-beb6-5475b538ddc1, 3919 
9071 fc397257-11b5-4992-baa4-ef6fa5a947c8, 8505 
387304 94e65925-44e1-4f09-8ef3-ec1e13cef36b, 3919 
137227 e5349b13-4f22-4938-ba9a-224aeb33c468, 3919 
322217 9e2c59ce-519f-4802-b3c6-2313d4425e6c, 3919 
45737 3a73129c-ed01-409a-922b-537a52bfc731, 3919 
388212 51220df4-5f93-4148-a8ec-515584ed1f5e, 3919 
224476 ca57b56b-e050-4fe9-806b-a493f8e9f4a2, 3919 
383428 75eb08f7-3331-4c14-bab3-fb68f85c9306, 3919 
183142 5635bdde-8841-4d51-84d3-c2460477378b, 3919 
37285 5f72c5b5-f64d-474b-820e-4cae57b3519d, 3919 
106413 0eb99f8c-13cb-49e9-a698-4155fd339080, 8505 
288808 7bd0061b-148a-4ac4-b2d8-4ffc046c499e, 8505 
39034 0397a565-fe52-4866-a54d-4be59d3b2048, 8505 
359145 eb3b889c-2fd9-4f9a-8b98-f05e0f22960e, 3919 
88855 f7e6aef3-b4fc-4087-9387-215c3d88d6ae, 3919 
11476 628fc69a-81c0-4f64-9bf9-83b38930848f, 3919 
108385 d6651e66-a315-4ef1-9b83-75a885b4cc3c, 3919 
331297 4c156733-eadd-4bdc-aa4b-e8816374077c, 8505 
319211 e984ebab-3203-4e93-82f5-24f312fb497e, 3919 
75270 6e787222-edfd-4ef7-a00e-1d1195f7aad0, 3919 
2186 572964fd-abe9-48a0-aad7-e169f26a5b52, 8505 
251597 08bd75dc-5dba-4753-b682-ef2c71e90221, 3919 
152756 c0186f98-de0b-4144-b544-85bfca85d0cc, 8505 
36410 b127d45b-ffa3-4545-b1e6-fcb0eeff257b, 3919 
214229 c9af6219-b21d-4c71-8b35-321bff6a650d, 3919 
190860 764eda1a-a4dd-4c30-8548-ca049232c1cf, 8505 
220572 bc7a4296-71d5-46cd-adaf-5b8a97154a9e, 3919 
230949 d55a4e2e-a85c-4aa2-8856-b3fb6741c854, 8505 
201026 d92c594b-e551-4d2a-8a5d-25266d4d9725, 3919 
275189 492a409c-8d0c-4bd2-8bb9-5ea312bbfe02, 8505 
179784 00bb15e8-0811-46ed-b02c-5df1f72a03cd, 8505 
335915 30c13c8a-edbc-4499-bfa9-bc91375d3f8b, 8505 
155692 896c1d3c-783d-4814-8ffa-e546ed365997, 3919 
57871 ce923943-6a6c-4258-a883-4bf46a60f0fa, 8505 
362729 4131629d-c873-42b3-84d1-f2f35924af51, 8505 
183390 ee0ce311-8255-4507-adc2-b7be101d37d9, 3919 
239218 7d59f052-2006-4096-9081-077ea8e6914f, 3919 
142892 6be73ad2-4f1b-43f7-b8ed-47f9d3aeb3e8, 3919 
89806 0261e9fa-6973-4238-bac2-8913850377b2, 3919 
362146 2a948630-70e8-469a-9d23-f8b2961fc12b, 8505 
124528 7d8babe3-7151-4a47-90b3-462e62e473f5, 8505 
106535 33dc6373-77ce-4b1a-9bb7-d3bcff3eb2d4, 8505 
225605 7c116fd3-a720-43db-ada8-612d7ec42fd7, 3919 
16127 2e6c98b8-f9d4-42b9-950a-46c43694926f, 3919 
132829 70492eed-a8c4-4010-b3ff-4187975edd4d, 3919 
22482 5cdfb2e6-7857-41e0-b789-23e87a0adae5, 3919 
65457 dc456638-fef8-44ae-bb6b-76c33a86483c, 8505 
28434 a842d2e2-cbef-4869-a670-c73dc94ef948, 3919 
378530 603cf78a-1ffc-4501-a997-a798b6e9bb23, 3919 
19030 11269152-98f2-49a5-a23a-13e23911e0a7, 3919 
93528 e94df389-5be4-479a-8dd2-eda97bf745f3, 8505 
78546 98231fa1-9318-49db-b4d5-d169be809652, 3919 
130445 af5035d3-e3cc-466a-bf85-5f561616c205, 8505 
227014 13dca5d1-3030-4999-9b58-a9da5039d922, 8505 
248085 cc34e1f9-ce58-4611-95c8-779330d6c115, 3919 
2110 a6c8448f-6182-4d74-ae27-1f121d2648b6, 8505 
190042 fbc1525a-184a-429c-99c3-f595c207648e, 3919 
179695 c61d32c6-a173-43e1-9be0-c1aaa56bec73, 8505 
39651 e22929ca-5750-42ba-9671-e11f3d28bf58, 8505 
158930 af6c81c0-ed58-4627-8811-d5308a96ef19, 3919 
127562 57162313-1bee-401d-a891-3e4245dc6add, 8505 
329352 16b37039-69e9-4be4-8260-2f15dd8d2368, 8505 
105447 c1d0a05a-dcee-41cc-8f1f-d8529b9ef383, 3919 
274648 9f64b5c5-da41-412f-8193-d41aab3027c3, 3919 
256162 2a1ef2b8-f5de-42ac-be1c-f6f6127d7181, 8505 
324461 bff6bb07-d29a-4627-8d72-f95217f77b0a, 3919 
152483 712e4332-057f-460e-a555-922d9c0e915b, 3919 
2211 3ccf78d1-b360-46e4-ab9a-7a8c32ae5871, 8505 
218264 3bd3a85a-d5c3-4b04-b259-cfdb2ffa82c7, 3919 
32712 d38b1f35-4117-41f5-91a7-b56fa881571a, 8505 
48462 6e9fa196-2ae7-450f-94ef-96e6e1ba30d9, 3919 
210845 f63ed5e0-3362-4e8e-9ff0-7a231fec68a2, 3919 
137438 f2e82483-2977-4d6d-9041-f6f226f53932, 3919 
211090 dbb5430c-97ff-43e8-9329-b9593c0b015c, 8505 
200341 b3182d97-9e16-48f7-ae91-e2fd97b3b39c, 8505 
68689 3ad0b088-7cfa-46ac-950e-511cddddf918, 8505 
289747 49a2c8d3-9900-4e22-a768-41bc70d8be78, 8505 
155265 51deb67f-d6d9-45af-953d-5d569bcc622a, 3919 
238250 25ae599b-c808-46da-9c00-f804cf87b964, 3919 
174486 4dedbbf8-3a80-4e44-98df-c14f91e8dd30, 8505 
290243 c1a14c76-b907-429c-80e7-2d851b92b1f7, 8505 
22935 13c2d7f3-67db-4a38-bb64-3ec6e6104d33, 3919 
2678 696f4b6c-e5b4-4b92-99a7-324d188b22ab, 3919 
249930 1e693a92-9264-4d02-a922-fe60caf4c7f5, 3919 
105120 5839c387-97d0-4ace-b380-95d96f821b1c, 3919 
379864 6bf8c7d6-bcb5-4f68-863f-4f2e51de2a28, 3919 
371747 aa356b96-8846-4681-b560-e1c93113fe7e, 3919 
390783 6ee3c016-0e2a-4817-ad6f-8b0fec8466b4, 3919 
239099 6e00fb6d-4b91-42b5-a76f-6d69b313eabb, 8505 
175283 a6f1bf0a-eea8-478c-baf6-8d6b17df5a64, 8505 
269594 ec32d4ca-b05a-4cf1-ad79-426691898f93, 3919 
240528 48244db4-8fa0-4801-80e3-7e2866e0bd23, 8505 
139644 9956861c-0834-4531-9556-4c5f05ed4b26, 3919 
230897 082a0f2a-2f41-4e6f-8e9e-83b585231f9a, 8505 
96547 c4b268db-d351-4d02-8944-6aa449bfa86f, 3919 
378663 cc27f027-010f-4a83-8920-0200be0c04a0, 3919 
126515 5ccc692f-5d49-4f85-880d-6cc16a567876, 3919 
368622 b9af7961-3938-44e1-b9e6-4f627814eb52, 3919 
322321 2ae8ca6c-c12e-47e9-addd-d695a9236aca, 8505 
96125 01586cb0-7378-4edd-962f-5ea6fe37f30e, 8505 
65474 18217e11-6d5f-4ba2-9f24-941dfa874f21, 8505 
127422 20e37b7c-9f2b-4659-b312-c268218c1b68, 3919 
74569 ff4ac2f3-bbc0-4473-a92b-72d1896dd77d, 3919 
371633 aaaa7aa9-810a-4044-a9cc-781fcb25edd5, 3919 
172870 4072e2ce-5c0f-4f50-9ace-acf3bdc7e165, 3919 
96844 fd7b076f-5d38-41d2-9177-5a666cff4c8e, 8505 
236963 c85368ea-d9b8-47af-afb1-5e32840932b4, 8505 
101482 9f97d9dc-e295-4dea-82aa-021bdaac78a3, 3919 
254167 8a1df557-c40e-419c-bda9-d4ff86a8849d, 8505 
265122 a1ace9b2-55c6-4c70-8c50-175a39ead8ab, 3919 
165564 f35b72a4-0736-4bfe-bb06-5ccba5e859bb, 3919 
358846 d850abe8-b1d7-42d1-8c2d-451f3792315d, 3919 
106140 4b590044-8f12-4253-9eb6-d57de37eddff, 3919 
50241 a318f682-1ce1-44f7-a4ab-a566e507d3c5, 8505 
139275 bba0591e-8a29-4d2c-b875-40fdbfe1076b, 3919 
206842 9c3b4e6a-0985-4313-aaa8-e814ab3778c8, 3919 
243468 65673d2a-df66-470e-beca-21b387f0fa3d, 8505 
110033 95decf16-3a4a-46bd-8a93-948cdfbac413, 8505 
111899 226be330-233c-4ac8-9814-963b38002f8c, 8505 
164790 208e0517-7b8c-493b-ae56-46ae544ebcad, 8505 
116185 daab88a3-2b9d-4ede-a919-6b5e14e92524, 8505 
202807 db6302b4-bb8c-4340-b64d-79118fae578a, 3919 
304840 3d9423ed-53f0-4c25-bc82-b7c714f541eb, 3919 
181978 57541ace-3ed2-4eff-9089-d6a229a301a6, 8505 
32348 75664c55-ad13-4f0e-9938-cda885f3da26, 3919 
378761 d1ca3bb3-6b60-4e58-b208-69caf55a9a94, 3919 
34471 12ac9796-6da8-45d2-8192-2539d03c0436, 8505 
374268 08e0427a-7096-4827-8ed9-b285449c6ce1, 3919 
175474 60bce484-4948-4f70-9d44-e9f001eb36c0, 3919 
313814 f97020b6-d159-413f-8e49-5fc87ec1c43a, 8505 
56360 1ee9c302-ba1b-43b8-9db5-5904b8589bb9, 3919 
155359 6e85f78d-0a65-4e99-9c5a-18aed41e5214, 3919 
291613 d3989c82-6276-4a62-912b-9a51f07c5b3e, 3919 
74191 b2e279c3-f2b3-41f1-a34c-1c98982cd8c1, 3919 
357765 08c450bd-a089-4668-9bd6-2d541b08cb13, 3919 
108554 ef32c9e3-408e-4995-9a6c-ea3bc157101c, 3919 
74943 ec5a445d-947e-43d1-b2eb-16a9557d89ca, 8505 
62182 93814896-4611-402a-9205-15698940c82c, 3919 
262766 2ef79bb6-c402-4278-b1f6-d3256cd45006, 3919 
215471 ebc3047d-65fc-487c-bf21-fb7a11755b4f, 8505 
328487 5ad4c34f-ac0d-4ebf-8cd4-059e87bc80f7, 3919 
32815 e59058a9-a45a-4858-8f28-45d9f9a5ac08, 3919 
103349 10454dea-4f58-477e-a64c-bc1d86b43ba2, 3919 
403514 956325e8-6f43-487b-8ebe-0f3a1711a28f, 8505 
311785 d4a71432-1626-4ab9-b4e9-41d2a7c7578b, 8505 
158449 2e407e03-0924-4dba-ab31-c4f88296091b, 8505 
92983 59350773-9753-4af8-b695-293951b61472, 3919 
292796 fbc9b01d-6baf-44d0-bdf0-076dfe569fc3, 8505 
314333 ab7ebfb0-45b8-4d5b-835f-cb03434d02d5, 8505 
66238 2a6c57aa-6233-4fde-a400-494d15154558, 3919 
216019 f64a501e-860a-4f79-8b58-f504e16c8a98, 8505 
117595 4ed827ce-4f29-4e91-80d0-d5c9baa1627d, 3919 
213051 0c430787-1965-45df-bfb9-d575f572fc97, 3919 
252714 0d20d2bc-676b-44fb-b1be-9efb9c0fbb37, 3919 
27329 b207cf6a-8825-4630-8e86-0b1b75645523, 8505 
3767 38ef504f-5bae-4b6e-9777-41234b437c9f, 3919 
264393 37f9e365-5361-4ca8-abc6-bb476407e8bb, 3919 
347659 31fd702c-d22d-46b3-94ef-b05cbbb8ff7d, 8505 
359837 cc76181e-82f4-44a6-92a4-58d79f1cb9e6, 3919 
95237 3d3448d4-9945-4a29-8e82-dbdf77eb72a8, 3919 
277819 302b1fd1-2de9-45f6-a6a6-52aaedb9e6be, 3919 
20205 fd86394d-4a6a-4061-a62f-7e35b8786f57, 3919 
105705 eb2bb4d8-04e9-453d-8797-bc4a5d5c352e, 8505 
148064 f68bcd80-d523-4945-a32c-03f0b555ebda, 3919 
395430 8dcb423f-1688-457b-a9b8-21bd7284bb27, 8505 
258577 8495b06a-8185-4331-8b55-7e813c369720, 3919 
325232 c4242861-58ee-468a-9447-a022d42333ab, 3919 
274797 6cd8ed62-7a2e-4d43-8554-d25d58d57617, 8505 
337617 8bc7c7cf-e972-4401-8888-b100c99b8382, 8505 
215982 b9504680-3597-417d-b830-b8408803c79c, 8505 
172523 355764be-4dbf-48a2-b6fa-2ef0fe1945e6, 8505 
170040 a4857c39-a657-4335-b5c2-31a38c1a1359, 3919 
305577 6ae12e4c-097a-4da5-a71b-cf5203142fdc, 3919 
111260 93f249e5-cf77-4637-96a1-7a3d0239cd01, 3919 
132633 1dc42ff3-6e37-480e-a8ac-69b256462e40, 8505 
372974 f61e4373-8d1c-4c66-9046-165977c984a4, 8505 
277011 ba08e8b9-d97c-48ee-900c-6ec96af875ae, 3919 
240149 a956b8f4-73d1-4ecb-b35c-77904e46c036, 3919 
210250 02aacf5e-4e41-46e6-b10d-6d2421f4a41d, 8505 
125502 1a29cb40-c8d2-419b-8322-c238f778aa78, 3919 
206027 44b45b13-2169-4282-9ede-69a16cbe5f62, 3919 
222225 637b7dfe-79ed-4abe-9e73-0772a30baffe, 8505 
154450 d04eb72c-c9a5-4bc8-903e-81e7f7fff3ba, 3919 
222972 3e2bee08-cc0f-4fa2-903a-6d6dd1aa0716, 8505 
94087 83649601-593a-4daf-8c09-8e75a7cbb742, 8505 
237117 6423d029-e072-438a-8cf5-aff0787e55d8, 8505 
65391 8b5137bb-076d-46b3-8112-d10bec36dc5e, 3919 
375561 1f477b48-5803-41bb-baf3-989556484bf5, 3919 
304190 0634146e-a61d-4897-a744-72e5d023a3e4, 3919 
269474 53b01445-a3b0-44d8-a17b-0b411e047a44, 3919 
127176 c9dcdfa3-13bf-4e7c-bba1-e023312f5ed5, 3919 
394878 865c18d8-c188-4d2f-9cff-6c7ba6cd9e29, 3919 
296854 507ae890-0991-4e46-b3ba-14f27001a027, 8505 
33220 bd656e25-e756-49cd-92fd-e8b333273740, 3919 
132029 88646bab-3057-4f1f-811f-b44a5aec32eb, 3919 
264195 39d56077-fa96-453b-ab0f-24ad3c79ea34, 3919 
174306 940ad39d-4370-4440-8e15-94dd94d4e401, 3919 
137825 2490fbd7-6d1b-42a2-9f4b-e55830e0ebb4, 8505 
210876 29ad0120-2fb5-42b5-becc-bd9e3b5c0e83, 8505 
16578 f4b8d6f0-a862-426d-9799-3c61a9aebc6e, 3919 
351582 f5569b90-7e3d-4688-84df-eed96ce7d9b9, 8505 
248235 e537c9c5-5775-4d20-a5a7-145d8f065d92, 3919 
207128 c6322b53-f3a9-4ed8-95b1-c7164c1552ba, 3919 
223065 b10dc604-8252-46a5-9fde-69e4b36bd5b7, 8505 
244607 a14e08d8-35dc-4ba5-b6e9-26b8f09218fb, 8505 
313153 1165bd01-fd42-4740-bb9c-d284779733bc, 8505 
199668 2d0aac31-e388-4721-8a2f-4edabadac5ff, 8505 
209671 f5c4da15-b92f-4170-b078-5b7ba1bdc37f, 3919 
258552 88f40af5-13f6-4e18-a2a6-7f342da71116, 3919 
205041 bbe20b99-b71d-4acd-b7fc-b69860fa3727, 3919 
161785 0dfb1bc7-e599-4922-a711-53491ed94477, 3919 
128011 384c5e94-55e1-402c-ab34-69c139282374, 3919 
182069 e629be5b-2ea8-4448-b397-7218a0b33a3a, 3919 
3758 524b1464-2995-4fa4-a693-12e9d211f413, 3919 
242175 f497c4ec-eaa5-4a58-b7dd-6461b90004f6, 3919 
9113 b119b1c9-69c6-483d-beee-832641bd103c, 8505 
266750 bb479992-f84f-450f-ae50-be0a8b5c04d1, 3919 
313731 e4236061-5452-4ff5-b801-1bd611e5b733, 8505 
210920 004e85a6-2ead-4a8a-afd3-8301448b8dfb, 3919 
240250 e9b8eba3-c535-4a6a-a98d-00ca6e425ca8, 8505 
361941 17a8c88b-553f-49df-bc60-f4862409aaf3, 3919 
302824 07c111a6-ced7-4c6a-9ccc-ee4c99c348e2, 3919 
178157 2b4a647d-dbd0-42c3-95b8-4f9300703634, 3919 
294686 6e3bc4ab-97f5-476a-a7ba-66a087ba0a1c, 3919 
268397 931e859d-3913-4d0f-a09d-8b3dea5e8011, 3919 
240005 450e26e6-838d-45d4-b569-02da5f2cfd64, 3919 
219003 55c46cb9-38ce-47d2-9c87-2a880c9ca122, 8505 
186392 3ddfd458-dd9f-41c6-85ea-49d4c94f35fc, 8505 
210260 209b9ce9-1ad8-4373-af56-198ef8aa3ddc, 8505 
175891 e0235ba7-ac35-48a4-a047-9f1c1f8a4771, 3919 
194503 c1a86e3a-94b1-4530-8e89-b75114c3bd92, 8505 
274168 45635a52-684d-4e8c-b616-bf7af1d5e7b4, 3919 
382663 5d7e94f8-e7c2-458f-b2df-7c052cbc3f0f, 3919 
236793 36601265-560f-47df-aa45-7ab7a298ea02, 3919 
113538 489d04ba-115b-4c2b-a5a4-05055c8725e5, 3919 
227542 3b69a2c1-c99d-48d7-a2cf-9f5d942d48e2, 8505 
262377 162e8590-0fd6-491f-b769-057d8165c3fc, 3919 
91493 e7be9fbb-7942-4a0b-b60d-832f0a6f39ca, 3919 
91194 6c8dea5a-8dc5-47aa-b789-e7d9792bc4d4, 8505 
158585 c3aeebed-3b94-41da-800b-d3c2218649b2, 3919 
310829 692ff6c2-619c-469c-9fa3-4f59eb3a0ec0, 8505 
370932 70b97334-9e49-43d7-bde5-fc60a56c8762, 8505 
295724 e6de4c79-a8f4-44ba-9766-ff40d5fbad2a, 3919 
134472 fbcb5113-1793-4cab-a7e6-8da6c2893347, 8505 
247525 66e1c496-d476-4830-9444-6d4505177003, 3919 
234876 a94f4856-183b-4102-82ca-9b212f5f9878, 8505 
136826 e8c87f9f-5da7-455e-9488-729d56175187, 8505 
72194 85145637-2f7c-457a-aac2-12053057c6a8, 3919 
322030 ee7f970f-65ee-4242-a719-c13db972d66b, 3919 
250580 d8720a14-4e5c-44ed-a852-b2b171a495ee, 3919 
200020 1b9a625a-b589-42b5-821d-ccd5c2a81257, 3919 
310443 e230e244-ed86-4e39-87b8-cb6aa30dab58, 8505 
92704 1677239e-afb3-4ecc-8894-d814c047e138, 3919 
391599 edd837d7-39b2-4aa0-8cf9-eeb9f57d3e5a, 3919 
268716 d0563e52-08f2-45d3-96ce-c8fcecba2309, 3919 
358059 3c1c8d09-c37e-4b52-bbec-c69dac7469a3, 3919 
344406 9bdeeba0-3077-4397-a14c-126e17e65b82, 3919 
235115 67125b2d-6be9-4bf1-a4cc-16538287ef17, 8505 
27300 458a48e0-2af2-4ef1-af1f-1eac5fc31eec, 3919 
350666 7e9ffd77-a88f-4b03-ad77-0b98bd86f168, 8505 
396241 f9dd487c-cbdd-45b0-a333-a9f4fe074911, 8505 
278433 20f50b10-3da5-45bc-910e-c5125b8e0b64, 8505 
383850 8568fdd5-f26c-4d6d-89e5-3b9a62e0b2c6, 8505 
239433 0d46b635-d02a-4924-9d67-5504bc31c086, 8505 
159496 1ce4ddb8-10db-4c06-97d3-f88b902c7db6, 3919 
97504 617dc5cc-ca2f-46e3-b493-bc2737754fc8, 3919 
110215 2df1c672-6f57-4cca-bf56-7d8f9bec8a8b, 3919 
235527 83c9a553-c4b1-4af8-ab85-0060fd1c3586, 3919 
147124 247e35ba-6437-417e-b09a-f81e995e41b2, 3919 
112050 31f4e195-b8a2-4184-aad8-10abcffc6e9b, 3919 
381917 801a5fc4-511e-4ccc-a632-528749fda7b2, 3919 
227561 a5db3156-99dc-4b11-8104-cfec2c3d2590, 3919 
285458 68884fad-279c-45fc-b611-3822941f2860, 3919 
48193 420fa303-bc8a-4f96-9c39-703f2107de9b, 3919 
258916 902f1ef6-5619-49c5-9bfa-341b82f73ae6, 3919 
112215 6fcd57f4-87b0-4d20-84f3-07df6827da60, 3919 
361228 0ddf0cba-8679-463c-b2ce-494f32ca0da3, 8505 
172444 60497ad9-1314-483c-bc80-6c271d2e75c5, 8505 
260252 ea94d761-9ecc-4da5-af09-6388a30b2022, 3919 
384101 0bc1bd85-f35c-4dd4-81c6-6c4a7e65aa5e, 8505 
21172 3854c722-165b-4ecd-a287-b630ba18b3f1, 3919 
187138 e5111d71-cbc7-4753-8f51-658d1f321298, 3919 
345552 564d468c-d258-478d-945b-a75cac42d102, 3919 
222799 e49c3ed0-f784-4519-9a77-199d47cba03a, 8505 
349170 53e235ef-d522-4539-847c-b4f9925bd251, 3919 
37625 9d73ef0b-f7b1-4d27-9f3f-5827cc603ca9, 8505 
334723 1589a0b2-6f54-4470-91d4-8e0c532ada98, 3919 
57458 99d25ea7-48b5-45f3-a327-8b46e461f72b, 3919 
135661 4f39ef74-945e-46a2-85a5-e8b865b92dec, 8505 
233495 1cf73bb6-bfc0-4fcc-a744-0fa550a5dba3, 3919 
91956 00cd44a2-f3b4-4f4d-9aa4-a650983c5ed0, 3919 
272369 5222e07f-0b8e-4121-8ad1-5554b1633df3, 8505 
348307 583e3d45-058a-4bed-8d23-226d1bdd8c9a, 8505 
19908 8a42e697-defe-441e-8db9-a2b0c4bae614, 8505 
96919 452f5d0b-320b-4bd4-a93b-4f2d24a6251e, 3919 
385285 0652c08c-43cf-4c7b-adf0-206e78fea4ea, 3919 
264397 8cad38a8-4919-4fdf-8d21-96e4f9fae591, 3919 
212425 f47bafd7-fd7c-4f5d-9911-ac145e9e7764, 8505 
308020 bf5e173c-2d3c-49e2-896b-d3325d13fd1d, 3919 
42792 4e9a6f29-7c79-4ca6-adb1-d8548f6ab24c, 8505 
134814 0d208dbe-06b9-400e-8606-cdba20c144aa, 3919 
240622 5f5c177a-7254-4a40-a9f5-aefa0466fed6, 8505 
259281 58565bd9-507c-4ab0-85ee-55e88f48bd35, 3919 
42543 4bdbd75e-2178-4e83-9f37-04865f162df4, 8505 
35620 b9fb4507-52c5-4733-a058-49ab1b4fecd7, 3919 
193661 4e7ce0ed-4673-40f2-89d6-438178047747, 3919 
10607 4781446f-cf77-4713-b293-15c3e535db5f, 3919 
171821 6deee489-7ccd-45e7-9577-4c48e613309b, 3919 
377040 bc84d07b-3d9a-4020-9c59-0457b7e4404d, 8505 
26435 93117efa-4eae-4bdb-b1c6-efe684fb42ee, 8505 
345180 91d9b21d-f9b0-4b2d-be12-97d03e3aaded, 8505 
236109 ca50a8d7-35d0-406b-abf7-896549fd1e2a, 8505 
146899 d11b9f21-faf1-4762-90e3-0cf40c95ae06, 8505 
195231 b24a4c98-157e-46b2-ba46-77c66cfe9b99, 3919 
257900 f781e027-5ed7-499a-a78d-ffc4f92a1dda, 3919 
255547 b79d1d6d-2b8a-45b2-892b-f76b21002caf, 3919 
159307 3d1c4e8d-48b4-4e36-bc5d-9c46d253e517, 3919 
201743 e13ac315-d12e-4115-8936-cd9d843e6ad8, 8505 
36511 5514d156-ee28-4d1d-a308-9c4527547dd9, 8505 
380173 eff6db13-5991-4e63-beea-b7ac295775cd, 8505 
45949 71ebf678-9b87-4e78-a217-efc1ba30b35e, 3919 
123234 666bf7f7-66f6-4b1d-8647-fa636b5239e2, 3919 
310111 6b3a71a2-d402-4d5c-b4e7-8b4db4d3fef8, 3919 
275449 e5a9f3a2-317a-492f-8644-f5c10f4140e1, 3919 
386882 91b84a47-45a0-4703-83ba-18024b9d36b2, 3919 
87607 502f79e8-f594-4850-bce6-9f840c5d4ebf, 3919 
248513 0c3aa3b1-6baa-4a9e-b711-1afb8f35e414, 3919 
171985 66a2af47-aba3-477c-828b-f8535057f0ba, 3919 
83160 e52efa13-bf4c-4a55-901f-15b791b3d500, 3919 
17114 b77d4717-9e9e-4e85-aee2-38fd6eb3b7ae, 3919 
37748 d9d80beb-d6eb-46f3-ad72-4a5e8053efaf, 3919 
212881 ed0a745f-d497-48e1-a865-353c2a9109ce, 8505 
403640 44f18170-a358-4cb8-92fc-0373317ec665, 8505 
154037 449da3b6-324f-4461-87f9-fcf0ee303e31, 3919 
300704 a95a397d-eb3d-4d7e-9b89-658448fd5a20, 3919 
243629 c17dbe7c-9963-47f5-b622-faf6b99cca07, 3919 
128232 4867b4d8-0f6d-42c2-bb6d-b75e77aee6ab, 3919 
180757 17e34bec-215e-443d-a3bc-1422604e5f4a, 3919 
225819 17fb4bd7-1c5c-44e0-9f7d-5dd7e49e187c, 8505 
337914 306e3023-3820-4409-8d3a-3bab08ddaaad, 3919 
59295 84d17c95-9f03-47d8-ad10-ec72f303efdf, 8505 
188195 4cdb5688-8425-474b-b5fd-597026216f66, 3919 
317216 76118e62-a78f-4fee-a11e-1745a7bdee73, 8505 
59846 cbda23f4-b720-444a-aa6e-0e98c44ddec6, 8505 
153806 f1b5f554-22b7-4861-bf4b-a329d9684a5f, 3919 
250857 1f4aedec-d028-4434-ad35-dc802e486e0a, 3919 
275887 6253ff48-230b-478a-a8b4-468c41a127fe, 3919 
42252 f2b6c66f-cc79-455e-840e-8019ae11ab79, 8505 
175097 5f8c4916-c6d1-4dad-bcae-a9927f93cce4, 8505 
197548 cd573f44-42d6-4f2e-a628-80413beb5766, 3919 
139727 1d273a23-6124-482d-ba48-065769a59cb7, 3919 
102113 bca94d90-1e4d-409d-af1b-c6ea8de89ea7, 8505 
203152 2a8810a4-6815-4d9e-a270-3237c647be4e, 3919 
386291 79f554a6-336b-48e2-8d91-e7a1e7b581f5, 3919 
17433 173e28dc-7796-4aed-87b0-12c975d0a12a, 8505 
27805 d81560b3-7854-4bec-ab01-a4cf668f2bf6, 8505 
238367 00c0faf3-4dde-4b06-8aa1-096790242072, 3919 
259634 0f8656d7-0ab0-4e7b-b77f-217ef0c65737, 8505 
279500 b22168e5-63bf-4d4f-97fc-07bdf8f65538, 3919 
171743 51cbf3b5-085a-49ce-a893-9f251e03aeb1, 3919 
35466 04911cb3-b970-435f-bcad-d905cc2a7f39, 8505 
386212 a903e70b-6305-44f6-83b2-5074e17f4281, 8505 
213558 4275a41c-57b1-4433-9b8b-2fb203d8ba3a, 3919 
176153 53c4c858-8336-45cf-8739-f05d502bd934, 3919 
310034 7cb594ae-624e-49a5-a68f-b88171ca642f, 8505 
214015 9e2ec034-da99-4434-bf65-150b696c60e4, 8505 
241699 9af877c8-4836-4549-97b3-094e0bbf424c, 3919 
235983 3b584a01-74c7-4bbb-92a2-ee70057154ac, 3919 
202230 d7607e11-6508-40bd-a20a-fa91d539989c, 8505 
129661 bc693b35-35df-44a4-baf5-c651c1f74515, 3919 
306686 808671ec-58be-432d-be62-7b4a3044c5ac, 8505 
135363 754bd1a9-cd0b-4e48-9dc3-d4960949325e, 8505 
70597 8937a3b1-0be0-425f-b1fa-f72e90f4dfef, 8505 
153973 afd01100-84bc-4ab7-8f01-e471ad9a66e6, 8505 
190039 84d81e29-072e-475b-b84b-750742516f7e, 3919 
276453 6e9506b8-f771-4a0b-8158-411e4d368722, 3919 
221763 32d9be56-e4b8-4d19-b26d-dba74ccf08aa, 3919 
401223 35c0d4b1-5d46-4cc4-8e7a-59a940906fe6, 8505 
385727 2b958d70-aeec-45a4-a9e8-8fc81855080e, 3919 
155433 f536acc5-4222-4658-a586-45a40589d34c, 3919 
6282 09d4e74a-d838-441d-a4d8-460a84dd2210, 8505 
59648 46a64d9f-83cf-4321-b0e9-1d80123591cc, 8505 
142254 d9aeb65f-f42a-4093-8afc-7e693022876a, 3919 
138858 2f04388f-75c4-46c0-8838-fbaa177d4028, 3919 
385617 46bc64d0-75e2-4c2c-90f6-c59cfcefcc03, 8505 
231711 910267af-d35c-4c44-ad22-ca808ec9b1d3, 8505 
99861 0e93fbfb-197d-48f0-96fd-68a686779b9f, 8505 
42834 7dfbcf30-5f43-4bad-8b82-c3058efeeec1, 3919 
60093 23429c6a-e44f-4ef1-85fe-e350302d40a6, 3919 
268496 aec0f20d-bf17-49fb-9e01-b0b454187b8b, 8505 
59672 310528f4-03c5-4227-b93d-76bb6b317c1a, 3919 
230981 c8252aff-d0cc-47d0-b991-0ce38e96731f, 3919 
233565 9750a9e4-c771-48ec-be84-b462645ec431, 3919 
9401 2d2548c8-3ebd-46c5-9f05-ebc3904fa4a0, 3919 
161888 4e26a278-e512-4878-b54b-37797e4dcd5d, 8505 
231632 fcf232d0-d934-495b-8599-e655448e7dbc, 3919 
274654 60e8bb63-1497-4073-8e83-59e18f0d0b69, 8505 
128288 5e062832-7207-4508-b266-b3fb61f169ab, 8505 
60051 2179efdb-eb12-47e8-bbfc-b98ec0482725, 3919 
174272 e4487e10-5154-4000-902c-82673c7101b7, 8505 
213249 1da1e3d0-e94d-4308-9bea-cabcc1b129b1, 8505 
184536 e6f5b5de-c8b0-4159-8049-c7fc1574f511, 8505 
318466 d6079849-340d-46ae-97ae-b176ff007ba5, 3919 
57283 081ac77d-61d6-41e6-9ad9-66a3831069da, 8505 
227464 43b5444b-b79d-4372-8e21-a7843bb651e1, 8505 
367184 ffc76c8d-9fad-435b-9d5f-3d3c13eb71c7, 8505 
230162 735996db-19d4-4e08-9b3f-77b9c14c77b0, 3919 
226982 7036c835-b6b3-436c-9eb7-4e6b35e15a99, 8505 
355426 27062b4f-3d34-451c-95a6-44e19d98cfd1, 3919 
252087 e2dd2cf5-7885-4a2a-bf67-5a7dc80c2f3d, 8505 
160994 5b9782a5-10da-4c29-a356-b663429e42c2, 8505 
287601 ae628f33-5264-41c7-b313-30726a27e4ca, 3919 
145311 351ac0ae-67ec-4576-8d4c-74b378ccb069, 3919 
384427 424da79b-3e2a-4cc1-bd5a-93c86431ea78, 8505 
267538 f5597982-2ee7-47b2-bb6f-1bb4cdd9ced1, 3919 
134198 33d89141-fd45-4a7e-b759-506f87139181, 3919 
303309 3556ccc7-0b27-4b5f-9972-e55831252526, 3919 
4394 e8f6c3ba-1216-46f5-9fcc-3360c562102d, 8505 
1864 217fc73c-f61c-4cd9-9e0b-67ead070eaed, 3919 
325842 99bf8a94-ced4-4bcf-b1e5-0e7a83d31a0e, 3919 
152552 405c2a02-d307-45cb-a9e2-206bfe434fab, 3919 
369308 ea024203-b7d5-450c-821f-d8f155ca6352, 3919 
208742 ce10351f-aa5c-4cd6-9733-0a07aa7ce78e, 8505 
96405 96389a77-4e2e-4810-9726-a574135adfcc, 3919 
330612 5884671e-db15-4a5a-858e-4b5dd37dd90c, 8505 
374849 02dcad21-c879-450e-97f9-c2f47af8111e, 3919 
248439 8cd28647-7697-4cfc-a7e6-ed1bcfef8ed7, 3919 
180318 89873f17-e2d1-495c-bb20-4a4241f96856, 3919 
184061 26c64299-94f8-4d1d-a452-5102485385e4, 8505 
340224 1cc93802-1a1a-40ac-9441-094baf5480ce, 3919 
262028 280a1839-a15e-490d-b469-1f002f0d7ba1, 3919 
202566 a3ebf32d-9d92-4245-a0f7-ce69c0bbec4e, 8505 
155347 d1614c81-f86b-463e-b7b0-74897aaf2bd1, 3919 
107801 9f6b349e-c1eb-46e0-85b6-e2ced8ed554b, 8505 
201082 19736e1c-1e16-43dd-82ad-8440d7e6e259, 3919 
73854 53cbdcc0-5a44-4339-b592-839dc36fca7f, 3919 
316443 7d87b23a-4478-4ae6-8342-eaba567b239c, 3919 
83973 6c95d83d-63d9-484b-9dc9-726c78250d79, 3919 
68305 e41282ef-760e-439a-9d51-60824ad0b183, 3919 
61172 6336ff86-1fd8-4dd5-a598-c61079e3579e, 3919 
318327 f315b7d8-ca2a-49e2-945a-772da88c9472, 3919 
298383 bbde9066-e6cf-47e2-b050-f333cd684e3d, 8505 
127724 90d1085a-7c9f-4398-8932-62e601246d1c, 3919 
195197 efe2ba31-6a01-47fd-a23b-16fd55c2bd62, 8505 
67048 7ba8fa29-6bff-4d4f-9e37-e0e5315fb9bb, 8505 
251935 404024d5-01a8-4c40-98ea-f0aa0c5406ce, 3919 
129579 5324287b-97e8-4283-9477-8d9c5426db9e, 3919 
260228 9e417fd0-a4a1-441a-8f51-db5dae6fb0d6, 3919 
197135 ce670e79-9247-4411-913d-d93e5a275b40, 3919 
71079 c6035e63-9df9-4a84-94ee-38ada0e1577b, 3919 
62361 cd65504b-cdec-4373-b812-193e903cd34b, 8505 
310527 e67bc03c-71ea-4360-8236-4814405fa74c, 3919 
136542 3d24d264-097d-4172-8e3a-76ff99280765, 3919 
219726 55c80ea4-386d-4612-8209-28fb3713e6d5, 3919 
156494 0fc1f9b9-d1c0-4d89-823b-d073ac36854d, 8505 
248936 6e698015-c9e7-42d6-92a3-0f9f11380f90, 3919 
393994 dd80704a-3e45-42f7-8e39-4630211bf3ba, 3919 
234921 c272ff89-7309-47ed-8a8e-84e6469b19d9, 3919 
64197 ab8121d2-6be3-439a-97f5-c9dc6594eeba, 3919 
292815 d5e2531b-942f-46f4-977b-037a0b58fd38, 3919 
319148 888e84d5-b542-4639-b3e2-64e59cc983d7, 3919 
157289 952407c6-cc23-481b-901b-340412dd278a, 8505 
105441 d562d6d7-bf1c-4100-8402-04364a367ba9, 3919 
89311 998d0d13-79eb-40fe-a477-ac90d723a702, 3919 
15534 65920a54-13c9-4a37-94dd-232e53ad37ad, 8505 
168241 8c813fb6-f7bd-4da4-a7ce-6c61a6bc0bf8, 3919 
41411 ec8d47d3-b1f7-4f05-84bf-3f53fc4c7818, 8505 
310164 c9d611c9-c13f-4d36-a203-bfd3982526f1, 8505 
352220 0d21c4e4-83ce-442a-8e35-ffa56fed3a32, 3919 
253745 7f21cc14-a88c-40c0-9a8a-c22ee9f1076e, 3919 
288104 a45c86d0-7d8d-42ea-beb2-3add3d32a475, 8505 
196939 66ef63c3-bf85-473d-b8da-cdfcc7a60c8f, 8505 
47798 0496bec7-ce22-4798-aa6c-2aa228fbe451, 3919 
334187 919072f3-7c1c-476c-a4ef-6c1ece9e0f2a, 3919 
268211 0fe0e38d-36ca-487d-ae5c-c40aa0259131, 8505 
320533 6aa194ad-c795-4419-8eb3-14361b51225c, 3919 
28193 dc714a45-061f-4692-ba9a-12990c539826, 3919 
129788 4fc8bdeb-9668-4f4d-9918-704c83a4bea8, 3919 
122189 8419ac48-f748-413e-b591-b1bae19b3112, 3919 
224023 8209e99c-2b81-4dde-8ba2-8e364e20a36f, 3919 
122890 4283e2ae-cb1f-4f69-a2c9-74e5d3ab1241, 8505 
10358 f48b042c-2d7a-4896-a7ae-8134076ea558, 3919 
276270 bf8258b7-9f46-4fd0-9386-5991a6715d2d, 8505 
208703 bea46c90-2bab-4d87-90f1-bf2e188a98c6, 3919 
20210 4872a602-7e84-4a3a-9552-c9c0a56d3762, 3919 
347183 458fabb3-5b9b-4d3e-985e-a5d6f357b98e, 8505 
357843 9848c950-962f-4dae-b190-33545748d9a0, 8505 
376157 9c4b0327-330a-40d5-b6ed-78908a51f0d1, 3919 
112214 4d517e61-9e53-4f8f-be8f-a354f43f50f8, 8505 
93486 a69de335-734d-4bac-b054-c8acb9d6b8de, 3919 
285102 b7e7e305-6395-47d2-990c-f65835e0a35c, 3919 
115400 77477e98-7901-4803-8aef-8594adb463a0, 3919 
391164 52e0d2a6-8775-4037-a29b-0b1a402a333e, 8505 
245817 ea68aff0-ea88-479e-9a9d-8dff55842ccd, 3919 
71629 a0c9b329-780f-4849-994a-d6cdc83528f4, 3919 
22934 d25121e4-5c6f-4cbe-981d-1ac926acdea5, 3919 
196513 79f63928-5e2c-49c4-8220-4c20adf2ea6a, 3919 
57450 c6629474-0656-4c5d-a62d-6184401c9688, 8505 
45005 440209ce-5d8a-4693-aa9c-81c10814f639, 8505 
55834 e674fd9f-cdc8-4e26-a435-c3c50d8e5775, 3919 
272940 25d1847a-8b4e-4f37-9a36-1211172753b5, 8505 
86576 0bb5fd23-b9cd-4574-ac38-01269f2130c4, 8505 
221254 301a480a-951b-4038-a99e-009682fafbc0, 8505 
82859 ab44d838-413f-4967-9067-2d2ccb24a4e8, 3919 
321246 94ce91ff-45bb-4281-9453-3a73682fc365, 3919 
365664 99db4a37-8b7e-4da0-b4b3-68db0c064bd6, 8505 
219092 b4ba18c3-5822-4f83-bdad-e8aef08eb682, 3919 
393507 0e21b379-214e-4d77-98f9-89a6cdf8b98e, 3919 
293839 222997b1-44bf-4ffe-acc2-10cd8b2820ba, 8505 
82046 da73cf9a-b3ed-43cb-9e1d-25c284f82529, 8505 
78904 63027eee-d37b-4949-ba40-f2f07a0d6ac3, 3919 
211225 7483222d-b6a0-4b76-8778-2c24511b2a80, 3919 
257341 fb85426d-1ef5-412b-a6be-dd41708a7daf, 8505 
373139 5027d45b-3cc2-48ae-a8ee-84c7cbfd49d0, 3919 
13449 df6719f5-9cb7-43bb-bed1-11b7f8e43460, 3919 
58400 8f223b8c-3603-492f-8c08-87377847281d, 3919 
264431 164e19b2-2a7a-4471-8738-d15e1c15c794, 8505 
356680 e9e7d6fd-70b3-4f7f-b30b-105e9616a46c, 3919 
363047 059a49a0-0198-4bea-89c4-d9673b79268e, 3919 
298971 6a05ae6f-1921-4157-9a2b-bc4eae86bff8, 3919 
287361 e7e78b9a-3391-4f77-aaac-875d7f0be18a, 8505 
248971 8099b67a-ddcd-4dc1-aa7f-4f2ccfd3d42f, 3919 
301893 e4ae0106-efc7-4fb8-b5ca-ea55aeab8208, 3919 
221118 a2407135-04cc-4b5c-8a5a-56a972c0b51c, 3919 
387591 704d525d-7dea-47b7-95c9-01630b9f3965, 8505 
300203 c7a65a89-cd1c-43cf-99b7-67b9fdbf4459, 3919 
183891 63560b72-7447-4a14-860c-1836bbc912b4, 8505 
22298 965f6b17-b481-4990-9ce7-805e4e6929d8, 8505 
325729 21dd7abf-106c-48cf-b107-ec2bd9e4e49b, 3919 
173643 e5608dcf-adcc-4017-950e-4e8cd703fa0b, 8505 
317218 fc4c3cd3-4c06-49cb-91f4-4f4b1083da83, 3919 
193113 da7b700b-34f2-467c-85c6-7f8e525bac22, 8505 
353493 d38d1cf2-d4e0-4390-bef7-ce73edf3eabb, 3919 
94238 410ce484-cb1f-418f-9dbc-18ec1426b2fd, 3919 
62006 0cd0b42b-4387-4ae3-9031-9173a073023c, 8505 
310895 9f7d3464-1f17-46e7-86c1-f2657441c5ac, 8505 
243051 b126dcd2-aa30-430f-9bdf-591d306c7ebc, 8505 
290454 c02abe22-c105-409a-b8b1-1fed79c224b1, 8505 
359157 4f7d5fdc-6403-4b3e-968e-380af228c197, 3919 
296707 fc2fe8d0-6bc1-464c-9b19-06040e7af279, 8505 
150868 416fc1de-85ca-47fa-b798-3e1a462beeae, 3919 
187172 d453d2dc-0651-4771-adb2-50382e69842b, 3919 
321317 abf17c51-7478-4688-b0c6-9903a4c371bd, 3919 
127326 c6020866-19a1-4256-9b8d-e27cd4b3f48d, 8505 
266456 6e438842-ccba-424f-8135-01899ccae32f, 3919 
255710 7a041224-e005-48cf-bbbb-672c63a74304, 8505 
106724 a8cf2b0c-ba1b-4198-ac55-12635522fa31, 3919 
27247 b4196d22-b703-4e04-97f7-b60b1f154e82, 3919 
274588 58fa437d-b4a5-4622-8210-3cab75572b90, 3919 
195545 e3d40830-da6f-4491-8dd6-37a446742aa0, 8505 
70364 e4764596-7f27-456f-a259-1e0d33e6403c, 3919 
399278 2df519c5-78c1-4270-9e54-8337da4ba0c4, 3919 
227419 ed29e437-f0c7-4a60-8b33-c8142330426a, 3919 
258077 7bac22fb-0136-4a36-992c-fca6bbc87ab3, 3919 
65651 7bcb191e-53a8-4463-9c36-51c400318e72, 3919 
72173 0465206b-8815-4c8f-99d1-b5b547672ae2, 3919 
31242 25ef6128-a865-471a-9b94-63a5458a60e1, 3919 
332055 ec6c4955-389b-45d1-a78c-0df7d36bc179, 3919 
48362 1fd2cda8-5856-4940-aee5-8828e676a94b, 3919 
122981 14e75b26-c0f0-416d-b8f1-0e538048f838, 3919 
275582 0662e589-e256-4833-a6db-08223fdc2724, 8505 
170419 38fad96b-2e51-45d3-85c6-d3442ef6b89f, 3919 
263473 1c730c80-3f3d-4b3d-9a95-c7540bfb75b9, 3919 
9796 545b04dc-ddcf-410d-9390-64fa4c105e41, 3919 
336792 03e65c96-de5e-4200-ba50-dc801e467af2, 3919 
89011 9b1b9bbf-12a4-4abd-9970-3f712d0de087, 8505 
273974 a9442b87-731e-4546-b674-0de2b27d07c3, 8505 
300617 b51c1170-a360-4f8b-83a9-c895375e963a, 8505 
370354 83ad98f3-9fa0-44b5-823f-22a7fa944eba, 3919 
330548 cadc56d6-a7b6-4704-8392-a7efa3a43eff, 3919 
369165 84ee8ce1-d75e-48b5-b484-a03e2a7f0d05, 3919 
246870 659b0210-3586-464c-ba04-5f3619521000, 3919 
52112 b3431673-b7a5-4e37-9d67-e03480b9d8ad, 3919 
7219 1209c9d0-674d-47ca-81cb-a271936e086a, 8505 
194310 d6bac583-61d2-484b-84c4-6c6d3cb125ff, 3919 
217038 d1fc1682-fcc1-4032-a435-aa1bed00abc9, 3919 
383641 df990826-5a30-4e0c-bfec-fa522451543f, 3919 
281527 f36c24aa-70e5-4a9b-9216-a51a39845859, 8505 
303978 7da464b0-5199-42ca-adeb-5e2236a098f5, 3919 
347134 272bd09d-4b9a-4759-a453-71f1f15d474b, 3919 
289847 f126e0e4-235f-4b18-b0fa-3be58572ce80, 3919 
101420 a06a9fbc-812d-4b58-8068-8ab367a959ee, 3919 
392839 b5513a3f-5dfe-4986-8e34-a015766c5c8d, 3919 
335389 d575d677-ddfa-4d65-95d2-e9a403452ac5, 8505 
232003 f953e187-6337-48f8-b38e-fdaa3d0c7006, 8505 
286867 5184891b-bcef-4b8f-9f7b-accaadf7801a, 3919 
190785 ef9a0b2f-b8e0-4e09-bdc0-341c26d8aeeb, 8505 
113903 1b6b2327-8134-4263-a265-30bd9cf58fc4, 3919 
166777 9ea7d8c3-e6e5-4824-b18a-3701f48b1785, 8505 
120979 a1a69cd4-18fb-4101-ad51-5b2649575a79, 8505 
373209 c80c2885-8dc0-44cd-bfd3-f3eb5591a289, 8505 
7319 96d9d425-eb86-4323-af9d-1bad7bd8130e, 8505 
50290 28fafa42-d456-4a76-9c31-22d09b745ed0, 8505 
60236 33dd8ad7-0f92-481a-a48a-32b6ae4ed48e, 3919 
189961 9eeb4890-b570-4a63-babe-1b78996828a5, 3919 
395996 9d941488-4e35-4413-9a59-72949672b535, 3919 
236596 bb16ee2b-f808-44dd-b350-c3e9f291e513, 3919 
341747 6efd1b2d-92bf-45b6-acbd-d0dfa1cbc23a, 3919 
228568 46860c1d-87f8-459a-bad4-23484cced78a, 3919 
257608 938a5c1b-3909-431a-94b4-367ef4187efd, 3919 
331078 0bc2c450-1440-4ea0-87ea-6eb98c5efdf2, 8505 
237489 9df04a86-ac48-4f7d-98d5-87b1ad790561, 3919 
218669 628ae248-1463-48aa-b071-d412458bbf21, 3919 
268163 fe9da171-f0ef-459f-b132-f2afdfc043a6, 3919 
199463 66cb2774-168c-408d-a75c-e1240a049ea7, 3919 
26609 ba666fe3-1779-4532-b394-8fd25696feea, 8505 
187949 1b2aa8fe-47f3-41d0-84a7-11f9a41daea7, 3919 
222207 215966c2-dce3-4cc7-bc47-9ef72dd16582, 3919 
344274 6cea8aa6-edf9-4168-8e37-041bfd447289, 8505 
164408 cebfb035-88b9-4202-bc83-1949f918b8c8, 3919 
14427 a711080b-d03a-4823-8eaa-903b9132d86b, 3919 
303183 f262bcb8-a110-4b63-9d79-93e755dc76b5, 8505 
344399 7b89240c-ad38-430c-844d-daa82ec7c5eb, 8505 
344650 ddf010d1-c3a1-4103-b583-4cf63d13f911, 3919 
358236 85d0daf8-e744-46b4-8d40-002a5a506789, 3919 
85064 39ebef8b-0f7f-45c5-8fa0-f78282624937, 3919 
216975 11477a68-5ff5-4d40-9818-15b22f12fc1c, 3919 
102705 512988bf-abfd-47bd-a316-2acf35b9775a, 3919 
42351 753e7e31-a538-457a-9057-4bcaa97f0f0a, 3919 
41359 9d41f6dc-c8d9-47e1-9d2d-ac1ed7b75443, 8505 
131536 979049ab-5724-41fc-8774-3abd1844b71e, 3919 
116807 4fc4ecdf-d38d-43cc-a288-fd32e2cbbbf4, 3919 
198956 7decd36b-f7a8-43c7-bc15-47f3dc397aac, 3919 
81828 128b49a8-1227-42c7-8ff6-72fb84d2d304, 8505 
233034 5a6decc4-420b-4f25-9708-711cea31e962, 3919 
278266 99fa9b68-0838-4418-be88-97d80f19c94f, 8505 
248757 46dc13be-8e8e-4faa-81be-ec5e34dc189c, 3919 
166244 203a85dc-c8c6-436d-a3c4-e7984db1c285, 8505 
201179 0e80d641-175c-4fc7-a966-24119987e495, 3919 
7114 d22c9424-bd4d-44db-913c-9ae56171703c, 3919 
187201 3e00f84d-d61b-452f-9997-c0dfc364dd12, 3919 
254375 33a6bf98-809b-496b-a3a6-1e205cb727f1, 8505 
178704 c8ab5136-1ca6-498f-9570-b139a0b8abb0, 3919 
243490 e9044b64-5faa-48cd-b9fd-9611e2069a9e, 8505 
233070 4e6a2183-bc54-4d32-ab37-5c5482e83d21, 8505 
6501 9804d676-60ba-45d1-bccb-8249910dae1a, 8505 
212427 c305c503-d4b1-4507-a158-bfa93fad22ab, 3919 
199136 54c31675-866d-414b-ace6-4a4cdf82d9c0, 3919 
176875 30e0deaf-8185-406d-87d0-53f51c1722ea, 8505 
120763 d38fd0ef-6ba9-47df-ad12-4f00b71262d0, 3919 
381283 bf4a793b-8191-4881-9004-9b51ae89d637, 8505 
139545 703948b1-7b28-4d67-a4e9-c356e5082b47, 8505 
189354 0a2a79c9-40bd-4146-bb52-630a184c8b44, 3919 
245317 d8f811f6-8641-4e0f-ba37-9cacbba70af7, 3919 
344827 cad5161b-b72e-4a8b-acf0-0f92b1d9a7bb, 3919 
7005 09b9e480-bfa7-4f05-a02c-f4b510c4a3e0, 3919 
318438 a111ce74-1f1d-425a-bf9b-b9d1f8564d53, 8505 
140007 614bf6b1-a2b6-4e19-a983-fb67d4d56d83, 3919 
111440 f64e4bd4-2c36-49c2-97f6-222376e6cec4, 8505 
297995 cd5a0e34-269b-46f6-bd1c-f52411379d92, 3919 
24345 10c42c3b-448d-411d-b4c1-b7712becee08, 8505 
43452 034f6048-7826-46b3-90e6-4cb3d3c76994, 3919 
64082 10f2f5b4-5d2c-4e4b-842a-56604a9d43fc, 8505 
324690 772690c3-dc9b-40a9-bbb8-a1cac35d63c6, 3919 
221225 2d4d2c49-92c2-4092-94f7-ea91ddbb1eb1, 3919 
122460 0fc2ab20-07c0-468a-840c-8463ddeebdf7, 8505 
397408 c00bbce5-f1d8-4904-b2d9-b48e1b994383, 8505 
322443 70f71aed-d83f-4ac9-856d-3910ccab39b9, 3919 
68564 9a4a756f-c479-418d-84d1-5ab39ab643ab, 3919 
340970 dcf52ab7-29fa-456b-a5f1-d51a609e4402, 3919 
346941 89c0445d-feea-4dac-a43a-e3ada3b51e04, 8505 
18491 dc037f5d-42c4-442a-977b-769ad8e22829, 3919 
33483 3dc7f1e5-7edf-4588-9ce5-f64780d43c00, 3919 
267585 33e49afb-ac95-49d1-8701-c66b4d4958c6, 3919 
630 970f6888-ed96-418b-aab0-efffab76f396, 8505 
373383 9654c40c-6c9f-4ae8-a2da-e632ef4f62a1, 3919 
97599 b1fc258b-c836-45fe-98ca-84638f948568, 8505 
277754 52533965-69f4-46d3-8419-7f0424f66bd2, 8505 
383575 00fe104b-6133-4b01-b07e-bddc13f0a122, 3919 
66904 58a777c5-bd1b-4b54-aa36-7003919b20c0, 8505 
16411 304c9af0-6c16-45b1-a316-43b913aacdb9, 3919 
109239 03b6042a-960a-45bc-8a09-c428730ec871, 3919 
179869 a90a3780-70ce-4ddb-9c71-1045d041c2f1, 3919 
72312 b375cb72-149d-4c69-b923-320348fc24d6, 3919 
286618 5ebd633c-61a0-4c30-bfe8-d396ca0f0778, 8505 
391154 a781c007-79af-4943-b2dc-12879544cc9e, 3919 
81486 2bcbecd9-bff5-44a2-994a-986275874ee2, 8505 
124631 199b27e4-382e-44d6-957c-c67973d08a95, 8505 
319867 16386807-c53a-4cd9-acbd-1e8792675c07, 3919 
248536 cb0c6a3e-ba8a-4e56-9b09-8035f5d3f222, 8505 
299682 36ca4bb5-cf9f-4cfd-8ed1-3393426498bf, 8505 
399052 3821cc0f-39ec-43b0-baef-a0b3143beed6, 8505 
302657 efc6729e-cc33-4301-bf01-ae369e223422, 3919 
345413 ebeb43b3-05e9-4717-b831-c1cf08f9f01b, 3919 
158219 cf9e8f8d-a01b-45a1-bfbc-b31d9ae9f158, 3919 
252811 0614e9ab-bbe5-4cdd-bbf3-cf3680795833, 3919 
288960 0f4889ba-a705-4b9d-9e19-efcf7e166cc0, 8505 
173141 d0d38cf0-c0df-4d4c-ac04-2ffe3d1a83a9, 8505 
399464 2b0c286b-836d-45da-84b1-fc8df2c11907, 8505 
213041 395b1200-8fec-4e5c-83a9-2e4f4a9157dd, 3919 
162848 1fdc34c1-611f-49a9-8e79-f07380fde177, 3919 
249851 5ef51ab9-6d00-413a-85e2-2f76373727ea, 8505 
20673 26b08f91-70e9-4ee4-bf6f-5de81c4287c2, 8505 
262475 f581c012-5adc-402a-a346-628b4f7801f8, 3919 
245468 3a956df0-08c6-4292-ae68-9af92631d1ad, 8505 
43306 55cf2c8d-2fb5-4c36-b879-2e1d1fad0ebb, 8505 
97556 4c638e98-77ce-47d0-b192-0a5865dc1f87, 3919 
262479 41175243-feb9-4294-b616-aef3bd76fda0, 8505 
256762 ef580774-70b1-46cc-a326-3db5dc003847, 3919 
270498 1acf6138-72e7-496c-8a72-3e68b5a717d4, 8505 
273482 fee61275-9aef-4d75-89a8-cc7f26589b0c, 3919 
209824 2d187096-c771-4021-85c6-ce938e43c522, 3919 
258887 640a5bb0-2e46-473d-be6b-4e8fb1944f40, 3919 
312262 6b01fa43-df88-4dc1-83d0-3fe4c2ff098f, 8505 
397157 4c83ac63-64ce-4ac6-9c06-ca5dfa6f40c4, 3919 
147116 21a49981-f37f-4e4a-8c9b-255a726234c9, 3919 
396361 cce5d1e6-1afd-47bd-9941-361d684eca0d, 3919 
305054 c651c300-8507-4648-88d7-ec59a875841f, 3919 
72279 b19b588a-4606-43b8-be93-e71e16f81ccb, 8505 
242818 34e616fa-f2c0-417e-a07b-e1ced01e5410, 3919 
177408 5a224152-4341-4938-99f5-049e9318e71e, 8505 
231030 6a9697f4-46d1-4db8-8213-bc5255f3b1fa, 3919 
278698 60590360-2143-4a50-bb4e-5beacde3003c, 3919 
282521 214386fb-1392-4b9e-804a-57fbb0958062, 3919 
386387 d717a17d-2af1-4a17-ac16-a230f5a0a067, 3919 
384954 16aa3df5-6bec-4876-b3bd-0f53a6e9953b, 3919 
112512 eb69e0ff-ac08-43b8-8fdb-470e5ec78989, 8505 
179261 28a0bedd-1a3e-41d9-8c54-50e678666493, 3919 
64401 55e0c644-dca8-42d6-8d2a-c753927c91b7, 8505 
96917 5008471e-1787-4e0e-b184-8ab95dcfdd62, 3919 
54604 924750eb-05d8-4cc2-8150-f1eb6edf0a59, 8505 
146826 920b5c29-533f-4cc9-b07b-e7102d70e2e6, 3919 
74858 8506c95f-d935-490a-b0f9-a1cb0cf8e8a7, 8505 
164311 b907b3f0-69a3-4bfa-adcd-59f72944e527, 3919 
73694 036ada08-4178-45a2-9b77-28e9cc5cec17, 8505 
216338 9694ed37-ec58-4653-90c9-60a806993f67, 8505 
1760 9b7c2adf-d6f5-41c6-b147-5f7794ce0e86, 3919 
241779 c1e63ee7-2543-4700-bc4b-f97240fbd684, 3919 
154359 6a86ca7c-1f20-40e4-8606-76e3549983b5, 8505 
320190 ce137d97-7b13-4988-b08c-d0ed4b761b08, 3919 
117932 51386660-a586-4c0b-b4a1-a0489cfb18d2, 8505 
56828 9c850779-c962-46fb-9952-f738f1ffc118, 3919 
199553 08975142-ed5b-4bca-92f6-c8969e9f7b39, 3919 
28819 b57a65bb-c984-484c-9d60-9f1db403fe42, 3919 
385742 0d7924c9-8516-4e43-a42f-67c27daceaf1, 3919 
174039 e45fa018-96d1-4c56-bf22-896b8c3e24cb, 3919 
367147 00d806dc-886f-4af8-b4a8-203bb354719a, 3919 
236599 34367b34-2936-4809-8558-d7e1303fdd18, 3919 
225086 44d11d7a-b1a1-441e-955f-2c38bdd8ccb5, 8505 
325747 076779ea-1d5d-4f85-a71f-0f8dd79268c9, 3919 
235121 108d052c-3407-4743-8f4b-35c4ecde282e, 3919 
52971 e5f29b80-27ef-44eb-83a3-c10e7bcad69c, 3919 
341817 fc669b4e-458c-4402-ac3d-3f935aa5982d, 8505 
111620 771270e5-fd29-4914-b189-7935e454f424, 3919 
266045 705ff08d-d208-4ecd-9614-6771153029de, 3919 
355996 45ce9c79-fe8a-4ac0-b627-ec4e7c982130, 3919 
29246 e3dea7d5-e242-4e62-acb8-5fb66ee25353, 8505 
105783 3983235f-12de-4e4b-b4b8-129c7a0abd56, 3919 
324589 bb3a594d-afd0-4a74-894e-ec5144a743d5, 3919 
385397 c5cb70c1-d472-478f-9b53-77e723f139b1, 3919 
79235 f55a3a84-25db-4e5c-a1ee-adcba3a7100e, 8505 
144004 683d9418-ccdf-4fbc-ac94-4aa52e3f535f, 8505 
365744 10eb6500-322c-48ea-a87a-e69b4b3771c3, 8505 
5472 56b7e637-a3b2-420e-a5bd-71497c3196b1, 8505 
310751 fdb98866-3da3-420b-9ee9-f597dc80c460, 8505 
251769 595a0f62-a680-403f-b1b5-d35b8587021d, 8505 
183189 a3c85012-5526-4da7-a82a-0032ef7eb039, 3919 
316581 c25a46f2-8b2a-4760-af70-09861935742d, 3919 
292121 3231246b-5062-4824-b27a-435d811ed727, 8505 
46827 9ff54906-09cc-4ef6-813f-186641dd1737, 3919 
13998 2510fb73-256d-4467-a3dd-ca40f0410ac8, 3919 
116714 3e798aa2-7a58-49a0-a057-cc8c211f4cbb, 8505 
308534 5f12c510-58eb-4627-8fdd-abca0134be5d, 8505 
45757 3d44660b-e536-461d-8db6-98dcebdedfcd, 3919 
142371 f59eae56-6fa3-4d72-8ee2-c2cd096d06bd, 8505 
175621 40ba8d39-800c-4839-9d74-f95dd283c6a4, 3919 
347824 050facff-6fa0-41ae-b74f-d42b6242149d, 8505 
402105 3bf2f7a4-6ad5-4ac3-b06f-9344bb1e741c, 3919 
9515 6485fe1d-7c53-4720-845e-6e6e344a4129, 3919 
46832 b530a5db-01dc-4b34-ad49-ff00aa27f816, 3919 
155448 57dd82a4-c6da-4060-985d-29070acea2ec, 8505 
34295 d757e854-1335-4017-9a22-f318a60ea4bf, 3919 
395684 3978192e-622e-4a8b-862c-4db6b9b814b9, 3919 
141 20a1ba84-7ebf-4d19-92a2-d83a827a840c, 8505 
383319 681c8c95-c63b-4d28-a500-2e84e4d18725, 8505 
334661 03846b4c-d024-4d7d-b6b7-42d6015c3d70, 3919 
303458 ec5ee266-c37d-4ddb-b351-0c506d415e3a, 8505 
56384 62830a4b-f841-4461-8cf6-8f738219c786, 8505 
176190 a357d2d8-5082-4681-9da0-82a657acbb2a, 8505 
340941 e542f80c-86a0-4e3f-803e-78310d5f8800, 8505 
393676 927f6f75-01e6-4230-aeed-a91d59990439, 8505 
46689 09bc5199-dc0b-4af9-ac5a-0c3fb91d519e, 3919 
126734 3acdf35a-7ba3-4c44-b1bd-d49657dbe67c, 3919 
150083 9aad5bc3-49b7-434c-a853-1bf41f910f18, 8505 
250002 537e3eb5-0cd3-4165-af87-d2f4a744171a, 3919 
37711 0ec50c2c-accb-4ddc-ac56-f82780391eab, 3919 
301009 e51275e1-62ed-470c-8939-2b4dde48d77e, 3919 
65444 7e502fe7-5a0f-4d3e-905c-dd98236d6add, 3919 
385063 d8bf61fd-999e-4d97-bc98-7d5d9a63aeb4, 3919 
277475 43fff06d-70b9-45b4-9989-bb1d5bb15ccf, 3919 
128466 28e108d1-3964-433c-927e-d5f4f75d2606, 8505 
160838 c0c8abae-37ea-4af8-940c-6e074054df1e, 3919 
243405 6a706406-98d1-455b-a523-57ed16fd7ab3, 8505 
307817 85769571-18cf-452b-ab7d-9c36e0c3c2d0, 3919 
226957 2a18c4e9-0202-469d-98e7-f31c6adc7dd4, 3919 
361921 6da8ff43-07f2-47de-abfa-4a6a070af6b8, 3919 
400537 71ba8ace-3a44-43c7-b32c-5c0ad6dd2e64, 3919 
160062 974219a9-1305-4a07-9f49-36daa47e751e, 3919 
197408 88dab372-aadb-413e-acf1-9b21e5bbcd20, 3919 
289681 ffe0a1a1-e292-49a0-bf78-c4374a8ec297, 8505 
387688 0518dfa6-5348-409e-a08b-c3ad3214b6db, 3919 
45725 5924e6a6-9f1b-4e0c-b848-db30a2b09f1c, 8505 
393048 9add8119-eb0d-47f4-bad1-62cce8b2e4ed, 3919 
387316 41440939-4761-4776-a53c-e2bc3888afed, 3919 
181589 ea8a391d-2f6b-45c3-90d1-41f5d337ae05, 8505 
165497 5d35da65-de0b-40a3-b1ab-d0cc8a9c9c65, 3919 
395988 93afc430-7ec9-44c8-8526-9a8232f1386a, 3919 
128360 1fafa3c9-8d96-4e94-af25-88b3dec70475, 3919 
274504 a5d66f4a-47da-4bfd-865e-94de6894013e, 3919 
347550 10038d66-58fc-453c-8208-3a45c9564325, 8505 
354911 cdacee9f-d716-4c29-b99e-ba96af930db0, 3919 
340279 c0993944-60cb-49d7-b38f-0388bc19f5ce, 8505 
282231 7ce36f2e-2b43-4c67-ab7b-e8f2e478cc2f, 3919 
25354 6f2bfb5a-27e9-441b-af60-e3f0720a4cb8, 3919 
306903 203bef4c-e2b7-4be3-b095-2791010173a5, 3919 
262614 cc2b6076-0dbd-4641-a036-b1c72e6eec2d, 3919 
142848 b0568cab-26dd-4c5e-9168-e627bc55f14f, 3919 
98019 18d79e83-f981-4d7e-a30b-f465929acb38, 8505 
376911 1bd108f3-2312-4de1-bf48-1b7c599389ae, 3919 
103764 f4081cdd-62fe-4f3f-be36-941d94f66dad, 3919 
50851 e519cd44-03ed-4d42-ae86-70481f7d293c, 8505 
257799 c7fe1a26-48fb-400d-9219-268dc7f96a8d, 3919 
131772 7874455c-4035-4e65-b9a2-d10d9eff977b, 8505 
353708 0a4d135d-ab83-4a5e-9423-f0251bd1c2eb, 3919 
187496 6a5010ae-a079-43f5-bfb8-c2ac1960f5ca, 3919 
61212 5eb17e97-48ca-4d24-9aa1-210e15bc9123, 8505 
247828 f9682edb-45dd-48e2-a68e-6130e0ecce4e, 8505 
86268 eee035f9-42ce-4de6-b912-012b6c672430, 8505 
101668 2b660b75-7c2f-45b2-b5b0-4095c1723998, 8505 
121729 ce834a32-0daa-4dcb-8aec-5a34ac6bb06c, 8505 
219287 208ac44c-246b-43c8-951e-b4ec500c1bd5, 8505 
266864 ca8314b4-974d-49da-986b-45e46b4e1cfc, 3919 
100369 8987c1c3-8b09-4f5b-87b2-12fced9eebb9, 3919 
87155 3ed9517a-f2fc-40ce-86bb-5f55b5a1edab, 8505 
261278 14ccf90a-8129-4fe2-bbd0-969d0dd0ffd4, 8505 
243062 dfd664a1-199a-4c4a-b1d9-1a13fc74a61e, 3919 
99969 535d54fc-ee63-4933-a499-7e375e6a8c62, 3919 
40654 1c3e2912-c9a4-4dec-9488-b7211e55bfc5, 3919 
270372 6f078279-15d6-4ac4-88c8-754faa1129c8, 3919 
29106 78426a2a-b700-4bae-8f9c-c92749a81cdc, 8505 
141939 67e7e4d5-8c74-4aad-864d-4b2ca523ec3f, 3919 
159707 4c863e6d-2d55-4ed7-b351-03dffd0d1221, 3919 
58083 2afe28f6-abe6-40ad-b179-567a5e3a3f45, 8505 
394859 cd5f2c9d-2f4e-45b7-a038-50051dc68480, 8505 
281208 6f931730-264c-493e-b809-d2ac4310dbe4, 3919 
239810 189c6514-d82d-41ef-ba51-df0865142377, 8505 
86293 e4d6f97b-7473-4d6e-97ec-843fc6e9046c, 8505 
86048 4deb16ac-a38f-4f1b-bb81-e887ba0bb541, 8505 
397808 f283ded1-5754-498e-9af2-e5fabcdab780, 3919 
401630 d00b84e7-c945-4d52-92f6-8326281b1e95, 3919 
43484 28041e97-0899-47b0-92dc-8ce7c6d59a18, 3919 
334770 4f2b6fca-4b0a-473b-80a2-e5ea69ded550, 8505 
86198 622c31fa-8424-4821-9416-4ee94bcf98b9, 3919 
248946 2e54bed7-05f0-49e3-85d9-2281a3571f76, 3919 
273881 36ca142b-4c71-4ff6-a11b-39baa20534cc, 8505 
391821 4a55a6e6-69bc-4bf3-a1d2-c8bc26d02eef, 3919 
369455 0071d83c-5a69-4dbd-8b4f-13a238c5052e, 8505 
12257 d8dfdcde-ac24-4b7d-b975-a2fb746371af, 3919 
369970 40814df6-01b3-4b49-895f-ecd63cd30657, 3919 
367020 ee3f3f65-9631-473b-9df2-d0c460fdb87d, 8505 
172420 d8c3276a-e347-4661-941a-b8dcbdfebd36, 3919 
95630 965900b8-e491-4c3f-b094-7e5b3c705048, 8505 
164357 a209859f-0f31-4b88-8301-3ed9c40f144e, 8505 
118966 e2345896-233d-497e-b1ec-a02a8c2e8db4, 8505 
178165 e273711b-1a44-4572-91c2-3c02d8641bfe, 8505 
154323 f54fa5d4-e88b-49af-9b0c-cb5221f30394, 3919 
388909 40386ddb-9d20-4a40-b47a-7f7f4fb44aa6, 8505 
55844 3d8c4b0c-db07-44db-a095-145ee551d19f, 3919 
214966 f224fcaf-c37c-4357-9289-0e29b27bc635, 3919 
282086 68588ca4-4e29-480e-a86b-c3f8cdfcf0b3, 3919 
400453 89c0ade3-ba22-47a6-ae0c-4e0b9aa172ca, 3919 
113857 e5fd7cbe-6506-4bd9-8ae0-5658ec71f6a7, 8505 
218612 59d264b8-6245-40ac-ab39-f5046410f019, 8505 
266348 cecfa02b-6bfe-4b02-afbf-ba218a563266, 3919 
227799 c1bda2a3-0f90-4cf6-abe5-9b7f26a94ad5, 3919 
26907 8f344e6c-1110-4a7e-a8ff-2747cc99c400, 8505 
267262 5bc11e97-1e0f-40cd-a126-6122ded8416f, 8505 
250457 85658b70-0106-439f-b1db-60b54d11f860, 3919 
340111 7dccd98f-0eb8-4f79-91e4-e4f8c3cc900c, 3919 
50642 12e8a68d-8903-45ce-b8fe-b274cfc75bc4, 3919 
11717 cf74e3e7-04d4-4db5-ac0e-0fbec50d6e9c, 8505 
223025 cc967628-a810-4281-9692-c375badb43ea, 3919 
298600 d1053ea9-26df-438c-b89a-5fe332dadf19, 8505 
365351 c628ea92-5d36-4414-9c55-01b43f66c20d, 8505 
260630 3702308a-c7b5-43d2-a0cc-5633b26449d2, 3919 
333052 f37cbcfe-b1a8-4206-8a6d-fdafc9e0443d, 3919 
129204 f007eb10-ba48-4630-89e9-d426b6895ecc, 3919 
159434 09e0d30d-b12c-4c7a-93a2-51b80165f88f, 3919 
11626 049bb38a-9f0d-4b5e-9bad-c4097f886de6, 8505 
248330 6cadd1a6-3341-4804-944e-d215ff95311b, 8505 
211501 ed99ec41-6c9c-42eb-8bcb-f6928651fb2a, 3919 
224656 11640257-6938-442a-98e1-46d6a7934ab6, 8505 
211484 de6fd801-e5cf-4413-a552-5807a79f4b63, 3919 
28487 b5318dd7-2deb-4dcd-94dd-e15bb65b0f99, 3919 
163266 75e6c800-d077-49d6-8929-ae66117cf648, 8505 
350925 b1a10451-41b6-4ce8-b9e9-88727e0ecbb4, 8505 
134342 2b29b4e5-a327-4e79-b216-016fe1fcb256, 3919 
372878 8b5242a0-8429-4b16-a9d0-b8792f8e49a8, 8505 
131545 7aa30866-45b2-49a7-a561-2f1ce8343922, 8505 
192266 e908d8f6-c097-4149-806e-34fcfbdeda1f, 8505 
110641 5efa0577-2f34-4ef5-bee9-861ea8e1d944, 3919 
52866 e6c5f671-5f80-4dd5-9ff1-eb3c721068e8, 3919 
371147 d1b6192a-e05b-4c77-ab2d-326baeb2ce19, 3919 
318670 6d1c3fcb-79c5-4140-b2b3-de080cbbe8c7, 8505 
256518 636c7cf6-d247-4596-92f1-a04951bd9da1, 8505 
366429 0e9c5f59-0640-4b73-8cd0-38cd31e3b0bd, 8505 
252204 41ddfaf0-6243-41e3-a598-2b831cda6ffb, 3919 
260399 f126901c-8e51-455b-b571-a1a1c769b8f4, 3919 
328809 05909607-7774-42f6-b641-b6832892a7db, 8505 
77734 59164a10-ce7e-4231-965c-4c0754a94129, 3919 
294786 18f4cab7-5ce0-4f4b-a881-975be15e1a37, 3919 
143048 0d5a7923-f239-45c1-9db4-8f1f734a1e46, 3919 
160767 f08e2853-973e-4cf8-aaf0-e77260c7b4e5, 3919 
206509 a191b31e-5194-40c5-952f-0cd85237671c, 8505 
182886 eafb67d2-431b-4ce7-aba2-d4b179da3a5c, 8505 
305416 35584216-c39e-482b-8fbd-28ad48361075, 8505 
129219 65bd1171-4502-47ef-9755-6352d1353a1a, 3919 
140947 86fcfb29-f44c-432e-98bb-4938c8b44e5b, 8505 
160810 04663be1-406a-4e95-8e26-1379a500127e, 3919 
88666 29c8a920-05a0-47ab-9cdb-5d64732aa96f, 3919 
241249 f1e6b6af-dabd-4064-8395-d904692ea1e8, 8505 
25948 0728e5a4-76ce-48ca-b094-f4637a516531, 8505 
308208 d2cf957e-be69-419c-b068-075206f527f0, 3919 
245506 2956c1a7-33a2-43e2-8c29-5a5616bb1775, 3919 
121983 4bd3d05a-6107-4ef0-a66c-4559d1659a6a, 3919 
350508 210dca97-09b8-4dc7-850b-df3f13f7066c, 3919 
370242 f707684a-8f88-4c4e-af3c-fece54f813ec, 8505 
42843 fba61e34-9f46-491e-b1e8-2cbcecd3b891, 8505 
371536 30db13f2-ae8c-4a17-835d-76d3d8d831c6, 3919 
142672 9a01e070-8517-46db-82b7-dea4742dd6fc, 3919 
29821 9012b176-279c-4fe4-81b4-fc2bb5f4789a, 3919 
185021 8ac6febf-737e-4d32-af63-f5b9feb7667d, 8505 
376733 a49e264f-0996-4e44-b24e-f05a0688cb4b, 8505 
275974 b4ae0753-c00f-4b8c-90b3-d28e9054f736, 8505 
193929 f757c0a6-4139-410d-9b17-59c13089ab76, 8505 
167016 95c0b103-2928-487e-aeea-fb487a7348ff, 3919 
15133 7dbbae92-b7dd-4036-a9de-1a6539342095, 3919 
305769 a6879641-538a-4530-830d-34fb78c8f035, 3919 
295741 3c9664e7-29a9-440d-8f06-0d6757ad5d79, 3919 
345616 5e30d74c-90ee-49b1-b9cc-de57a7a33eaf, 8505 
176059 ea46ff40-e7c3-4103-bbca-9f19e0d4c136, 3919 
37102 dbe9f88e-0618-4617-8918-481927fa7f09, 3919 
393722 e9264a57-74cb-4fba-878b-3ce8245dd9a9, 3919 
380181 bc8c2cd0-328b-4ace-88bf-00881959ee73, 3919 
7409 2b079642-8c6d-45a0-b86f-adf4fdf0a901, 3919 
243677 610afa68-2fea-4eff-a423-b7204c769752, 3919 
181122 928b0a28-1ce9-4eb5-8692-c470b2743881, 8505 
71355 48c75cd2-1945-4414-9b7a-1e00b8cf0d52, 3919 
225852 b3b89c43-64bb-4b0e-a315-9ae33867d396, 3919 
67304 79ff1820-5109-474b-8f0a-37729e8623cd, 8505 
210281 ec128d51-f2af-48a7-a3c4-2dd68a59d433, 3919 
173927 026670d8-bba1-4bd5-a908-6688c5c263d8, 8505 
232562 ccb009bc-e260-40a3-88a1-c06ef8e8c986, 8505 
319789 eb067347-e3cd-4618-8f1f-91a5cc49be0f, 3919 
58849 71f29f29-9857-4c0f-8420-b34fce74e558, 3919 
45118 e05a4c77-649d-453e-b51e-cd0cf1f646e9, 3919 
181604 332c17ae-df9d-46ec-84e4-2f89bc001b85, 8505 
391555 e5271fe7-9e49-4252-8832-9dc686e5a5bf, 3919 
192763 d61161c8-7cae-4c61-89b7-cb1caa8aec7c, 3919 
99228 1f177695-bf07-4aef-ad55-0bbb45ffbebe, 8505 
287615 64a0d959-945f-45d0-b7e8-25238408ee9d, 8505 
232717 44d506d5-156f-4176-a047-67bd14d29fc6, 3919 
35783 cc944290-1656-400e-867a-8e025b555cd4, 3919 
221157 13a571c4-9e4b-45dc-9885-f61f82e82cfc, 3919 
23534 38a0d6ac-5378-4c59-b583-74f6b2e4f6b4, 3919 
336063 53a4bf42-1187-421b-829b-815bedf33c23, 8505 
180675 812fb22e-4948-472f-b891-bb443d9f1d80, 3919 
362483 f0823315-9bc8-4ed0-aa26-a7fef07640dc, 3919 
335780 14c8d68a-f46c-4fb1-8878-8015f99fbe16, 3919 
89087 71a54a61-0f95-47b3-a48c-33c03bf33845, 8505 
133329 a2fe718e-2265-4fdf-b649-275d40127476, 3919 
369483 af14a793-2ddd-40ea-bd4c-a2cb125a597e, 3919 
38750 21ec8270-abb7-452c-80dc-be51ef19b4f2, 8505 
304633 56eb2e19-5984-4cda-ba2f-148b8140b297, 3919 
103747 520a1fa5-f70a-4a5e-a142-73b91a457e5e, 8505 
369949 af2fd00a-2778-45cf-ba84-d436a0d1692d, 8505 
307259 1bf4fbac-8b39-41e6-b9a9-b1d197922d81, 3919 
7739 22e6b502-7b98-4751-b70c-52bf7dcbeeaa, 8505 
271707 51ab9501-f85a-4cff-b48f-cddadfb38a0d, 8505 
260673 acf99976-e2ff-4447-9313-2d2dae5191b0, 3919 
66719 f8db8a3a-17bc-42b4-a5b2-cea7736532b7, 3919 
68963 951af77f-f508-4e5e-9a75-0dc2f5363eae, 8505 
98603 7c5a13de-3a53-498b-b827-601c81dbf190, 8505 
13264 6fad4817-a538-4516-b937-991f5ba88d8d, 8505 
374831 5e25df52-1450-4450-a108-2bb756ad86ef, 3919 
369150 84c3415d-1b2a-4b5f-b348-d2b9392f478c, 3919 
294194 c943e6af-a777-48ee-b08b-6d3d2b5ab08a, 3919 
115708 9916473c-9237-4d25-9467-4a3b3dc31f7b, 3919 
220296 76f60e33-8dfa-44ad-868b-03ebfd6b9b47, 3919 
284468 9a12ffe1-cf5b-4495-bf56-89a23d145c8b, 3919 
80741 29bb7efe-c3aa-4b26-89b6-cdfae1f5a436, 3919 
323260 a8fccbbf-0847-4cff-87db-2d9e94c9bfdb, 8505 
12472 7a04cd0f-d23b-4c3f-8c04-855f66e60bbc, 3919 
145770 bdb92a76-f265-40b0-ab9b-5b2d3a8b7987, 3919 
313367 b16d2652-22c1-4b08-add5-587bd6056c44, 3919 
292422 a1bf17d5-6321-4467-9a34-22305dcb7bad, 3919 
204254 80dd13d5-39b3-481e-8245-8c68fbfd219e, 3919 
136406 b9a2fd44-4500-4b5b-820d-73a7499d74f7, 3919 
32248 75a09d42-4026-47dd-a0b2-6d71a41a5cfb, 8505 
65395 01348ab2-4538-44ca-8b83-ab9a0b0f4b43, 3919 
402978 29e4fced-7459-420c-b2d7-7b8f9612cd31, 3919 
182049 bab2cb80-16bb-43e1-bc12-6097175fb445, 3919 
151246 13727165-2c1f-4574-90de-1ffb959b3171, 8505 
143118 2f0a5d77-dae6-4f04-8954-f75ee0f9fbef, 3919 
398936 ec7aae63-c265-43e2-83f7-8b876fef1b67, 8505 
88393 3a9e3f12-e326-412c-8334-f385ef1d6337, 8505 
63273 7be0a9c8-cccc-4454-b6bc-e4a115feb42f, 3919 
58796 b5a712b3-8cae-4f98-b2c0-7612e96b1005, 3919 
198082 ffaa69d2-a991-4abe-839e-585b30301155, 8505 
79238 74e79dad-c9c1-423c-b771-9cd61be49457, 8505 
46868 661de7ca-4052-4cd0-a8a4-025787862b2f, 3919 
308181 aab81323-8814-4000-a9e0-56a17c1fa6c8, 3919 
220071 cce1f55b-45a5-4d0d-b0cf-d2ff65e51b86, 3919 
206232 db05c16f-2993-48c8-be4c-40a7904a63c4, 3919 
268633 21446cd5-4439-42f7-bd18-4037527aab9d, 3919 
111715 9a47fc5f-3f0a-41a8-8bc2-2db6ab2efb40, 3919 
159416 ff32d138-a57f-4193-8531-d2080f5a1fa5, 3919 
279915 67871483-9ec5-4186-9b01-3a517a111b26, 8505 
265373 dbbc5940-fb64-4154-9530-67835998cd3f, 8505 
97664 e2d79fec-329a-447a-99ea-7247e64746d6, 3919 
172811 eee15c5e-18c8-4573-8cb3-c21daea402b1, 3919 
254080 06af52b0-b2e0-4c54-9b39-a03f0a7a5da8, 8505 
8678 eac2c31c-9185-4e53-8e1b-c1b5067456d6, 3919 
376216 4eab6685-4bb1-49e1-a406-5f5036a5c749, 8505 
362572 ca834b87-6ad3-4f95-950f-f254bd10bad7, 8505 
400183 462a02f1-eec6-44cf-9f88-f48484e9e47e, 3919 
256282 ec4ea803-3b0d-4063-a942-98acb1c47af5, 3919 
236691 bb7ef219-9481-48eb-b541-590384833cae, 3919 
67209 c6076f88-9f97-4da7-85d3-9373196a3fad, 8505 
313935 fb61e5cc-b4d1-4b88-aff4-d2488bec20f5, 3919 
141935 677ee433-52be-45d9-96b2-36be3a77d3b0, 3919 
108414 e7d72406-fcfe-49de-a1e0-a15c9d00896b, 8505 
213265 dc9a7bfe-07da-4d71-8e83-346ad80ca439, 8505 
148035 907dce03-8e7d-41ce-93a7-8547816377dd, 8505 
137507 883fe7ff-c335-4304-b110-639af5c292d8, 8505 
340316 07ee5999-adda-428f-85e1-5e3a98264817, 3919 
136893 0d5db683-fbf8-43c7-93ed-2a2bed116053, 3919 
58328 195752a8-6b08-4d8d-81f8-70410bc2c58e, 3919 
174153 00fcca19-b239-40d1-b97b-4c96980c7751, 3919 
186905 925b7a70-dd27-49db-acc9-f6b5135f38a4, 3919 
326798 f7419ebe-d8cc-4d81-8e63-1571034490c8, 8505 
249387 09b7c956-f645-4be3-a443-e45bdd286814, 3919 
182228 451014f2-8873-472c-ae4c-491fcc0758da, 8505 
180214 cb4c8f20-1410-4ffb-a443-789c263740cf, 8505 
164695 0000a38a-3866-449e-a510-3331a514c9ca, 8505 
306836 d62127fb-3d35-4439-ab70-24c04fbb41ef, 3919 
51393 65eae159-59e3-44e1-a769-f33a6eb68531, 3919 
23226 fab6e0ba-38d0-4fe2-92cb-9dbef5676cfa, 3919 
256678 76f1a8b1-7cc9-4f89-a0db-030366a88045, 8505 
33078 4da6a396-3dd3-4e8a-bf76-0bdb34a5e296, 3919 
169836 6f8ccff0-6c1d-417a-9afa-528a98f2db4b, 3919 
239600 b2e9f50c-4b97-4ba6-828a-09c31566fa52, 3919 
190602 52c299ed-ffc6-4017-9512-e20f00d6de54, 8505 
258025 a78b0e62-82c4-40e4-a6ff-d89ac9c17e5b, 3919 
69225 984c5c52-21df-48bd-a805-b3a18364c69b, 3919 
128833 b4940c04-e3f0-46a8-bb0d-6b3d739697fd, 3919 
98235 d4947394-76b6-4dd7-9796-c3d447df1424, 8505 
155880 e7578318-18f5-4526-a13d-d079a460442b, 3919 
243471 c46bf911-df8d-4aa8-93fb-a6858aff07e2, 3919 
201355 0822650b-453b-435e-9a03-eff7ddb0887d, 8505 
203597 85038761-c751-4edd-bc02-155d9237db54, 3919 
47006 f65f3318-98e4-4755-ac63-f97426d47d99, 3919 
67648 b20d968c-0d3c-48b7-84d8-ac9daebc525e, 3919 
134851 3820a355-6367-4720-b312-6dcac3bc7759, 8505 
385196 5dabd5b6-9fb1-4635-a8b5-c83acab736c1, 3919 
311639 7b3830cd-f16c-44f9-9711-e8ca4c1fb2fb, 3919 
233247 03ff1729-12b5-4278-b046-42b4282b66f8, 3919 
221668 b69882ac-7d30-498c-90d0-35d8e80a588c, 3919 
57110 f5cb3995-75bb-40d7-b6f6-e899939a6fd2, 3919 
109754 1912145c-dd56-4d4e-baf5-f6cc4e9bcf35, 3919 
176945 19f2e675-e272-4828-9f39-01f21e78ac66, 3919 
196583 48530e99-9e66-4b43-9d4d-b7f96f3236ac, 8505 
59671 d279033d-abfb-48e2-a4be-fc5ae9ef297e, 3919 
378852 2f5e06b5-f970-42d4-9fc3-caa0c387dad8, 8505 
374073 f62c5a4d-efbb-462b-b2a3-5432c2c4bfe7, 3919 
133431 7c400d03-466e-4c71-b58e-4f5ef40d54ba, 8505 
107282 1fe887a4-128f-4841-b849-86f4ddd73981, 3919 
120987 f60f4f13-85e9-43cc-aead-a6603b138317, 3919 
262821 82861963-6cdb-47a1-883d-ba8fdfcf4d5d, 3919 
342499 8bb6f6e4-820f-4ebd-965c-b68be9d51942, 3919 
43739 9a59c689-2676-441d-9ee2-a4914d1ea210, 8505 
237272 d79016e6-87b2-4e77-9234-09f5dd440d52, 3919 
193232 15a6a493-611f-4b3c-8240-71f3823a4aba, 8505 
786 302b8d99-9341-4092-be37-81f44acf4820, 3919 
174554 99919e7c-f961-479a-a091-2aa990bb4536, 3919 
153272 b4dfdb97-ee90-4009-80fd-3fe2c37cf79b, 3919 
120074 40f8bb1f-0b89-4040-9f6a-6d26f7f90463, 8505 
63646 2a42e97b-7265-4e68-86f3-64a2040fe38c, 3919 
90443 14c350d5-2b8b-4887-ab9e-a49d81de82c4, 3919 
161949 fa6084f1-4a59-4211-857b-08494d7fc838, 8505 
221019 bca08085-1290-4d76-97f9-7d48ae1a9546, 3919 
193104 c560f0d7-5c7b-4d9e-8c22-7c46d820f9bd, 8505 
340397 72dc6cb2-3b76-4916-b36b-bcee530409af, 3919 
183026 37922091-aa7c-4d1b-affa-b190ac7b4832, 8505 
254475 7e75ee55-253d-405a-8c41-3942c2542589, 3919 
319954 cce2a914-c68f-400a-b81e-22b27149e956, 8505 
207321 9df16e5c-67ad-4ed6-b198-16171a5b65f3, 8505 
284299 eb1e4057-5b21-44be-a9e1-6873b65a27cf, 3919 
224324 5502677b-6ee4-4acf-8c50-f09090eb29ec, 3919 
306178 89d279cc-26db-44a4-8ead-364636634d6e, 3919 
248191 1650d84f-730a-436e-bd2c-b7f2f02e481f, 8505 
22893 402d0f7e-249c-46a2-90a6-3cd44ba52a04, 8505 
68708 18a2611b-0d9d-4cf3-917f-0c1a576bd1f6, 8505 
91525 414126fd-0fc7-41b5-983f-8cc67ca3250a, 3919 
403117 1bd33a2a-c309-412b-8349-57db168aaebb, 3919 
38134 8393d81e-4bf7-4efd-9870-5631acb02b98, 3919 
242677 74e59696-5666-4e06-8762-bd7cb5e3c941, 8505 
63103 6818e638-68f5-4530-a3c5-528bb4eef34b, 3919 
245685 abce6b6f-573d-43ae-85a6-07f613ad40d8, 3919 
306220 bf9f85c8-f72e-43aa-b150-c04de417576b, 3919 
258135 3927c564-2ce5-42c6-b9bd-5e982017b2c7, 3919 
144595 82571ae8-44be-4b8e-afe5-fa2319de6c42, 3919 
347126 bf45a2d9-7e55-41cc-82fc-e7a8c9b19d3f, 3919 
129240 93920dfa-661a-42dc-b18a-696ba7577fa9, 8505 
252597 0b104ba3-2562-4cea-9ec9-5bccc9991879, 8505 
231192 112a3a66-4c5d-4880-b42b-c2a486ee4828, 3919 
263842 f84a0c6c-d027-425b-a634-8979e2e48143, 8505 
122009 72a59dcd-9b39-40a4-9f3b-64bdd6367815, 3919 
62986 55ebd6f2-0f35-413e-8ac3-4180b8e4ed0f, 3919 
198186 4266214a-2c1e-44cf-aac5-199f728fb2de, 3919 
253842 0add8228-5c1f-4c0b-bf11-22fe281078fd, 3919 
260585 610a97ea-e8a2-424d-9787-729066b5d297, 3919 
386682 16706b7e-56fa-4dfc-a160-02e87a8a77d6, 3919 
360571 dcbead6a-1598-4ec4-a3c9-fbffe40b0ed5, 3919 
238137 8653659e-b91c-4f27-bc85-fc135f7769e0, 8505 
184335 11122139-ad4b-4a00-87cd-1a1c317f9070, 8505 
90217 4ae190f0-0a69-4235-8071-c959568244ad, 3919 
28906 a00b0013-a6ec-494a-b241-f32c9e52ea8e, 8505 
339675 6dec2a9c-8765-4adc-8ce4-fc77bf219678, 3919 
195038 7a59310e-4098-4ef2-903c-952332381be4, 8505 
168601 3704d2a7-a90c-4120-9025-bd1d8c075c3d, 3919 
199948 0fc244f2-ddcb-4e57-9cf5-f7ef9cf1131e, 3919 
156651 0e60ef3c-9eca-43f7-b61a-a1af261fe9b3, 3919 
222867 b0ea7060-61f3-45fe-b2de-323ba8acd1e7, 3919 
388740 f17cae8e-9295-4640-91a7-e5a86d8bee7f, 3919 
55374 3eaf80e5-48ab-46b0-af1e-e02aa1020770, 3919 
309724 2554d6fb-e453-4e25-ab49-113a5ba55d44, 3919 
314254 c7dcd218-cc15-417e-a0ff-395b019cfe8c, 3919 
174410 6922d808-6cf1-4187-881f-3a7679c40c79, 3919 
244862 0971e981-7b5d-4e78-b101-e03a58de66ea, 3919 
239960 5db56078-3589-4257-9cae-480f6a5f5252, 8505 
390034 22dd3f3d-061a-47be-a5bc-ab8d8e83ae60, 8505 
68093 777e23cb-f566-4295-81ec-ad8a54e7f6d9, 3919 
368576 5eea90e0-f7ef-4b38-ab90-42efdf43899e, 8505 
195740 122ac419-e38c-4553-8dc9-2eb5c1e182ca, 3919 
262415 b448329e-eb2a-49b5-ac25-edd37a85734c, 3919 
368142 5d1dbd5e-987f-4ef1-830a-d01ca881b1c0, 8505 
123743 92a025a0-a8ff-4f24-bcd2-042dda003764, 3919 
390135 509b9f7b-17bf-4bfb-af6f-5fd1ac412f84, 3919 
272191 9f27f879-5b25-429f-8328-64a4aff798c5, 3919 
291878 c18ffe54-d212-49ed-a098-695597464dc2, 8505 
204554 5e83af4c-f031-49a6-86d1-713dbcb1ffc1, 3919 
48408 12c3fe09-3708-4f73-b076-4d27a3ce6063, 3919 
130980 b7e1b478-9c87-425d-9139-e9abefc7874e, 3919 
309710 011f8afc-470d-4445-bb04-2b79f96b7b3e, 8505 
131308 141d3d1c-db38-46c0-86d8-745d063b76dc, 3919 
122349 18f31738-7d9c-4f2e-a193-5201a8402e2d, 3919 
155541 ed881a99-ba95-472a-a18e-b83d6f22b50a, 8505 
303080 7fa1155c-9e43-48e0-ae26-68ab5d637a03, 8505 
375290 3d9d4aaa-03bd-4356-95f0-44447635e861, 8505 
352358 66a29617-8d1b-42b8-ae3a-e806fb23fde9, 8505 
81606 4a016dda-2b94-42b9-8044-5e668cfa6162, 3919 
14423 97c3d8fe-fbc7-44a4-a716-3aa9d1e50861, 3919 
286458 59919f10-4e6d-41e1-b75c-49d3a2301ee2, 3919 
91798 403e985e-7519-45b9-ad70-0ebd0f74dbcd, 3919 
145809 8ea56a9f-5f50-4f30-9f5b-3c4ba6768691, 3919 
32469 e2bd8eab-809c-463f-ae57-b35b0556cabe, 3919 
350505 36b7f2d5-7a8e-4e32-a0c2-9be112cd39e9, 8505 
142971 5423b38f-d5d6-4912-9ee1-c8ea07bc3c53, 3919 
345641 716a2d2b-fabd-45e5-871b-ab547cac575a, 8505 
47861 f4ca1f83-3436-4930-849b-fd208b268f50, 3919 
200288 e92fee44-3c92-46c5-b592-970c7fce2be5, 8505 
247535 edd8cdcf-868b-4562-9f66-4c178b4fed9b, 8505 
98721 64140697-edca-4bcf-a97d-6da794267227, 8505 
327065 82f5f9b3-af19-4b0c-afe8-6f2ff3cc912f, 3919 
120525 1725c38c-1e40-4781-af5d-fdb48f6972a0, 3919 
305570 3caae836-1a18-41fe-b42f-ab25a10af512, 3919 
311436 acf41e53-aab9-408b-bf62-b572f6f3ad0b, 3919 
75292 a829d696-f96b-45cb-9257-e87c50efc95a, 3919 
260388 52023470-8c0c-41a5-b45c-422a4d1e77e1, 3919 
298451 fb594f35-ba10-4a7a-9700-0a2c7cb5f398, 3919 
32706 34edc7c0-2192-4956-abc9-5de019392091, 8505 
169027 7438ee0f-05ec-40ce-aee7-8eb70765dc1c, 8505 
227077 bcc75912-c416-4c2b-b8a4-135cb8c9c49c, 3919 
224516 bc0ac6f9-0267-4963-8f7a-f2a0b79c1ddf, 3919 
42272 6f879d86-9490-43c3-b1ff-b6e021ce1d5d, 8505 
239543 cafeacc0-f6ed-4989-ab3b-3cc6f79af091, 8505 
19940 db0da7f1-f856-4ec7-93a8-b2b5467f4736, 3919 
278446 01fbf784-c707-4ac1-885e-e4badd5f114f, 3919 
186915 160919dd-98fc-4f91-ad8f-945de1b48fc4, 3919 
356786 d3a60e39-8b97-49aa-9fbe-d06509fa5155, 3919 
328233 13fab2cc-5f2a-44f5-99e2-5c4d840ee62c, 3919 
218084 b3f5256b-ad4d-425e-9255-cf8a2e76d756, 8505 
106687 f8833336-c0bd-4abe-9e98-3bb5d3a9ccce, 3919 
224727 f2c753d1-572a-4ec4-88df-41e272053a71, 8505 
143096 a4f439b9-95e5-4ff9-8578-91ac64ba3a2b, 8505 
337165 9c6f1ab2-8f6f-482c-83af-33df710e0520, 3919 
169206 ee3449a0-4af0-46f6-9e57-9e0b2a3d6136, 8505 
210082 f61ece98-0591-4eaa-800f-dc067ebc7176, 3919 
383747 3ee03ec2-3f5a-4efb-9c01-242219ce75a1, 3919 
225249 2e54ceb0-43f0-4433-b44b-4a3b35b11238, 8505 
403838 aa37fd16-ecc1-4902-a52c-456db7bab5c0, 3919 
219709 f01d7a3c-54d0-403a-9746-1a248a998323, 3919 
143486 4e9c4828-7b2e-4ba9-8cd7-715d92ddd9e1, 8505 
163505 011fb47e-4d1a-4d8c-91ce-4bd2ba804c77, 3919 
247592 7a488ebc-8dcf-41aa-b92c-9ff6203e0a7e, 8505 
78449 cc20178e-bb8e-4d9e-a6f2-f3619d4bb631, 3919 
362722 19a53ef9-345b-4750-b76f-6b58d795a296, 3919 
200913 51bf7fe6-b525-4cd0-a59f-79aac925fbcf, 8505 
237791 0cfd9bc0-f47f-44c8-9af5-c34e3632214d, 3919 
145245 da500b38-d174-4ce3-bc92-dbae0ee8ec69, 3919 
345380 1b3421bb-1bb1-48bd-9a7c-f875814bb9ec, 3919 
228055 bbb4efd7-2019-414c-9d4d-7b27668ede45, 8505 
62034 f03ad2da-f25d-4ddd-b8af-626ca83e7162, 3919 
314677 c21ab294-f154-4031-b4c6-a870b1a9b862, 3919 
246231 ad63725d-fc69-43a5-9b42-17d0216f3d7d, 8505 
19406 519950d8-4dba-483c-ac2d-3f99f6cfd01e, 8505 
268738 9288901a-8e8c-4050-bc61-d7c7e4ac6aba, 3919 
147259 958d7513-7ba4-4843-b932-861953b8b36e, 8505 
94072 e8153065-32df-4980-9afa-c08e7d8a7d8d, 8505 
120509 dbf23c62-ac80-4c14-9c64-242fae898c14, 3919 
93048 ca9c4aef-9072-4954-bab8-d17ab978ab7c, 3919 
22572 b05ccb0d-9dae-4232-a64c-f5630d297c61, 8505 
348415 a6cf1cc3-70cd-468f-9b85-12918ce31c1f, 3919 
334649 46314a27-e891-42d7-9a58-e27e7e2cddf0, 3919 
331380 c7831c2f-f07a-4c7f-8bc5-949c53194403, 3919 
259447 1fd1de7f-ba39-49f1-a9d6-e7b890a08c5e, 3919 
326871 d8ec86c5-53f9-4522-a671-78e2f3f6378d, 8505 
299423 1bf1083f-6709-45ae-8de1-6b0bdbd10aa9, 3919 
162012 c78a3f1d-6a2f-4a18-b8e2-caba82ed8e63, 3919 
232326 5289536b-0115-4150-8e40-30c1bca60016, 3919 
331829 84cd13c9-6cfa-47b0-9596-45e9f3e1fe49, 3919 
331827 7c201ec9-2fca-447c-9a1a-12897da2714b, 3919 
43154 042f78ea-ff2f-4b1b-ab09-a3867aba6b29, 3919 
164499 22ce3d56-a347-418f-8304-04d7888d7b32, 8505 
377717 9b915838-66b6-4e88-a6fd-5c54e7667bb2, 8505 
109680 3797d7c2-c268-403f-a2d8-6f351c7250e3, 3919 
319205 cfe96b9b-48c9-493e-9dd3-ad89cf177cde, 3919 
297498 ec95539a-db4e-42be-90c8-673d2f98515d, 8505 
224427 dea2cd4e-163d-4126-b614-2800d7e07cd6, 3919 
238253 a3a26091-6a93-4848-a210-8bb97a704f3a, 3919 
169062 6cb644ec-bab3-4e01-87ce-805645b6af5b, 3919 
5534 3823f3d6-d401-43a0-b50d-61ed35b27081, 3919 
91030 a21d7c63-b611-4a51-9750-dd0a1edfcd0e, 3919 
316082 6dc2e71c-a5eb-49bb-b10f-8aff8f22ca2b, 8505 
68728 6e3e1ab3-6ca1-45d8-b2d0-b75f443b29e5, 3919 
365976 cbeac56a-0d13-4f13-99a7-55da6742b79f, 3919 
296188 e3060c28-a4b4-499d-93c3-fcd88c5cbcc4, 8505 
259241 fdc7af67-bb7b-4f26-ac4c-085550664580, 8505 
247549 c0939318-3ff3-4cf0-84a5-37c4b0ef5258, 3919 
172858 6a6bbaa5-7bd9-4c88-9bff-d08486393be4, 8505 
137749 13524188-3be6-4ada-9cb8-cce979415273, 3919 
325865 48ce837f-fe7c-4b2e-9696-f90d0c34bb31, 3919 
146967 af88816f-8039-48a0-ac9e-ac79f6cf4b43, 3919 
264592 b4ab6c80-dbf0-46d5-a449-cf47226e509b, 3919 
15921 c6416483-2d51-4c30-ae05-a39e5a7cfca6, 3919 
271851 08ef4f1a-8ec7-43eb-b234-453a36240f3c, 8505 
136135 9567bfdb-163f-4717-904e-82824dfa1ef4, 3919 
382668 55237c4e-d8d5-4de7-ace0-1816af3feb24, 8505 
376059 349da99e-f544-4eb3-93a2-45b620817365, 3919 
220877 0e723f00-3b60-4c34-8fb9-cb9c324a8450, 3919 
369710 9c056ce7-ee11-4689-a4bd-2997db14eaaf, 3919 
69382 f10819a9-1840-4115-80b6-7efb0e65cbdf, 3919 
389823 07ba7d3c-61d4-4cbf-928e-f1c097aebf3f, 3919 
317453 c461021f-b81f-4c89-9447-ea3077f8428b, 8505 
35715 17b9b6fc-d740-4a26-abb7-d3fa3d7ec3f3, 3919 
332850 d97e5785-29a6-4d35-b6e9-3322da3893e7, 3919 
342126 5c60fb4f-9fd8-41e6-a6e8-6ab3df91bdf0, 8505 
296853 ac2b48d6-7cfb-4660-8fdc-5e7be4b7649e, 8505 
400350 45ed9335-ce8b-4309-bae2-5fbea11ca4a1, 8505 
13754 12f8dc5a-1985-47a3-a7d0-6d9cf19cccff, 8505 
320885 9b66d5f1-0357-4de3-bd5a-ae702308fd3b, 3919 
133616 c7b0704d-ab3e-4e0a-8727-497c39d09973, 3919 
64646 750e3a9b-1207-4cbb-9c96-64ce20a57e97, 8505 
354526 376494a6-6c24-4626-b14f-dceb92af6d65, 3919 
393180 3978246a-8274-4cd6-b1e6-76652e727155, 3919 
310189 fa345061-9889-4c6f-9936-be2105873a82, 3919 
328724 17a3de23-5adc-45b0-8750-a35a30c080fa, 3919 
233750 53efa23e-4417-4b8b-81a7-5c7f8f96fde9, 3919 
209356 68797e31-0efd-4b24-817b-885f3ff0f927, 3919 
178251 9af5e651-4ffd-4816-a908-6affe6434b2f, 8505 
132081 2c21d4fe-eef6-4c78-b325-a293217c2c23, 3919 
109238 39406f08-a0a3-4186-a14e-0ec97c07cd1d, 8505 
203796 27a24ff0-6fbd-463a-9a56-cfdf45cdf161, 3919 
181984 0fd596b0-7979-4d4f-8216-1f73759a39fc, 3919 
15426 0d9c703e-0847-49d6-9932-4ec79b7f3c35, 3919 
4672 fd9c6993-ccc9-4bfa-84c0-6faae64c1071, 8505 
252153 3d2ed620-41de-4242-8f2a-fa9abc840bf6, 3919 
31548 b861e2eb-0c48-4feb-ae6b-a91dc084f7ea, 3919 
403293 8b23358e-86a9-4974-81d5-6c64ecbb6efb, 3919 
378910 fd6e0fdd-17a8-4762-bd49-15ad8e0a62ca, 8505 
80258 8d19506e-1e11-4183-b2bb-efbc574d8968, 8505 
129348 ad41266b-1ad3-48b2-8aae-a54c05fc02c9, 8505 
294621 59c997fb-a3db-4547-8164-afd0987b7af4, 3919 
311180 082a016a-3edb-4282-838b-508e5840bb5c, 8505 
340921 3ed09ea7-8219-4d79-a9d6-a1cf4ce4be2d, 3919 
67371 d57654a6-f317-4850-bebb-e133487a1bd7, 8505 
390979 839fba39-8fcb-47b6-93a0-5b3423ef32cf, 8505 
365615 29f13085-1fd5-4dd4-b947-a8eb9b3ea05c, 3919 
287948 c5a6a549-430f-4249-a989-4d747b23763d, 3919 
366911 01578ca7-9ce0-4edf-ac39-8a9ae5e60115, 8505 
282878 6bfca83e-cb83-49e0-8143-328a7432fc9c, 8505 
188708 31885a0f-b1fa-4ab0-98a9-aa743ac6ea83, 8505 
60309 1a9e86c5-e711-445f-8cc5-a5f4ff1b5645, 8505 
166003 a77e94e5-92eb-4122-9174-63278658e7e5, 3919 
155588 c5ef0f64-9790-43da-95a5-4dcaacb3d299, 8505 
377500 03e62817-7b5f-4ab0-9d6d-96c36d4660f7, 8505 
212400 1773f28f-d0ba-4197-b8da-a02656d15632, 8505 
233679 9f8f6be3-d015-434a-be86-291a3cdd2794, 8505 
43796 fab81de6-2217-4949-b43d-fda3c9fd2756, 8505 
27345 c713297f-457b-452c-894b-416c0073adce, 8505 
380364 12b66621-5f1f-4497-b4fd-037e7c7a14c3, 3919 
103397 0668a3cc-9637-4143-b734-cd6a20ad31f0, 8505 
107388 40c23de1-e80b-4937-b97c-7ca3ccb150d3, 3919 
116682 b5902a71-432b-4354-967e-802e8fe5b5bb, 3919 
101822 961b9ee6-e623-4d33-8215-1d9d77240364, 3919 
8499 709da95c-c076-49a1-ad68-fddd932f14d0, 8505 
87089 965b4ea7-89fb-41b6-aad5-3d08a1ac764d, 8505 
342868 5742bff0-e0c0-492b-b956-0082b046c313, 8505 
194216 dc70fa38-0b79-41e7-875f-f3c5a86f644f, 3919 
103244 ef012ff5-1afc-4ef6-931a-f469cff39d81, 8505 
380996 ba254b74-9d6a-4e3c-b758-7142bb1154d6, 3919 
51633 87bac05c-763c-4940-a580-89147cea6cc2, 3919 
317398 facb69e7-685c-4d22-b46a-fc35b27a1aa3, 3919 
328947 6db65811-0325-4f48-a5bc-3ea02ff7a6d6, 3919 
268024 ef9d2a28-28a5-49a6-b8d1-7656437799a5, 3919 
164048 60bc8ceb-faf5-402c-8a13-5edb320a7626, 3919 
249526 b7206529-5d7c-452d-b625-c26c27c2e976, 3919 
114130 0426777c-f54f-4726-905b-09d1cd2efda5, 3919 
368581 f7fd36d9-9d5b-4d53-ae7f-092773ff1816, 8505 
102672 e1b65fd2-8b8b-4a8a-85d6-fe46353828e8, 3919 
44035 3cad4aff-5d90-4627-ba4f-84fb19c1937b, 3919 
399818 2cede1c3-9c8a-433b-9db2-8ebfa5c4b921, 3919 
116736 1c7744fb-c26a-4fd8-9af0-84f67e055b90, 3919 
101832 c5b650e8-53c4-45fc-8b67-24bc46d69a55, 3919 
233447 0e45e938-daca-4751-a454-21da3efcb448, 8505 
158619 72800aa8-2cec-4135-8dc1-a7f62ed28088, 8505 
253886 8f24c4fa-242e-43d4-b3d8-4144f79e90fd, 3919 
43729 926a3edf-18ce-41cb-b2f0-79cbcffb90df, 3919 
377759 a840e6b8-9242-4463-bd08-14375dd6a98d, 3919 
37704 700f90e5-bf2e-4c0b-bc08-c20bbf5ae274, 3919 
170666 b3d67993-4305-4849-8d4a-78f8377f1950, 8505 
268058 cac36c0e-7c25-415e-841f-f1b44f5cb069, 3919 
3104 bacfd463-a001-444f-8685-51f9cfe6f01a, 3919 
127902 60a77fae-2db0-4d89-90f9-ca257af0ceb4, 3919 
337014 3b893238-7669-4aac-8b70-2f9e9bb86b4a, 3919 
190190 e44ba437-a902-4cca-9a7c-ba64fe98ef52, 3919 
395197 851c65f3-f5b8-4eb3-9f47-876a4b40a5d4, 8505 
336094 315eadbd-e86b-4f18-9e57-610c4f5569fc, 8505 
35347 ec8eb3b9-d789-40b2-98f0-e99f24aeb064, 3919 
132297 6c8f9222-0704-4cc1-adab-178d4730804c, 8505 
401474 ff343520-efc9-40f9-a954-4a467857f446, 3919 
386993 3c8376bb-34a5-4d07-9152-70baeb73cab6, 8505 
222927 e188823c-adac-4df6-9763-7adee4cc0644, 8505 
95372 87a081c3-349f-42a6-bf60-5b764e300419, 3919 
209030 68d9933e-c612-4729-a918-56d694acaea0, 3919 
33382 bccbc5c9-a495-490e-99b4-90d62a04da53, 3919 
218595 f7ddf989-8394-4ecd-80a7-7270acc48d36, 8505 
69039 5c8f912c-42ea-4656-92a8-ad3b1cfc85ca, 8505 
370328 9958b6b0-742b-495f-865b-c38bc06c09fa, 3919 
322989 f8c31bb6-fb04-4f7f-bd38-6f2c2474c944, 3919 
163915 607479fe-cf8e-4af8-af11-35251c632121, 3919 
9980 079cfd1b-9c60-47e7-91da-05a7a7cefef3, 8505 
395563 ece93a23-c768-4eaa-8297-c196a4a6aa6a, 3919 
311987 f97d583b-e5d8-460d-a48a-bd7d48146815, 3919 
250044 153eb2e0-58cc-4a38-9ecd-67799b3758a0, 3919 
337248 a556d549-4f48-48b0-b728-ee07e6f3090f, 3919 
117021 55c31745-bf01-462a-a4d7-7d7b5d231762, 8505 
297394 b211691f-acc8-49b2-b5b7-efffed408646, 3919 
344710 c162c78d-3d7f-4e4b-a8af-5df689697a5f, 8505 
341165 f9273ab1-780f-48c1-92f2-7d89959b8920, 3919 
285981 bd9d43e9-b7fb-4d03-a6b9-dadb269264ff, 3919 
121163 1f8d5a42-2741-43dc-a47c-9b053ec5250f, 8505 
256446 6f5d6715-7c77-459a-b479-48020c1a4bbf, 3919 
203003 da0e0204-0095-47c9-9c7e-beb31d49d611, 3919 
289092 c8f8d90d-15b2-4021-b21e-c4a2db0f256e, 8505 
334337 58f96d6a-fda2-4d7e-aa90-c35f7c51233b, 3919 
17679 80c21990-9c63-49f8-8371-eedea09744fc, 3919 
116123 4f693a8c-6e56-48ba-ad8c-681e027da145, 8505 
173606 ed441494-d9d6-4ea3-9409-b1696fc7851a, 3919 
345181 3d0d7852-df97-4269-8981-977f4e4c12bc, 3919 
402137 6256f658-b9da-4a7c-b908-1987cda63856, 3919 
248047 19f8a04c-59b5-4e90-8406-857935ab45ed, 8505 
312283 16d3cbdf-9ea3-473b-ad2d-85611ee115c7, 8505 
393405 fcd97696-b726-4700-a3a4-205abaf6c4d7, 8505 
254152 d28ab105-3442-491c-beab-353f6b23123d, 3919 
8715 6710501d-4a4d-43b7-b458-0223b9a15df3, 3919 
207689 ef2bd58b-5111-4529-9811-7f36ca6631dd, 8505 
283977 e8a7bfd2-07c8-462b-981b-bef351ff8f41, 8505 
202805 6a64e590-37b3-4fd0-a7e9-728d2522344c, 8505 
355727 38d05e30-d781-434d-a8c3-02a7310216fb, 3919 
131037 9c074a5d-1139-4512-88a5-1abea765834d, 3919 
264221 bc21572f-cb7d-46b1-b8d6-1682674aab93, 3919 
384440 03fc8e7d-0e31-4580-b2d5-7ffca686eed1, 3919 
188598 c71d515b-ccb5-4bc4-9596-2e46f1040049, 8505 
173162 e76593ef-3f9e-4685-bd06-b9b9d297d130, 8505 
239373 d82f75ac-ef27-46fe-a6ce-a0f93ae702af, 8505 
58206 cc1864a0-4b93-49a2-b0f2-1849bcc4648f, 3919 
156308 2fb8feec-69f1-4e0e-8aec-cc9f41a22f84, 8505 
276939 b255ae66-954e-4bab-a7d4-8f1ecae52d72, 8505 
340189 5a19fb47-8f15-410b-84fd-02de4559e5b7, 8505 
176203 891766db-f330-4f2e-bbb7-24f494a45525, 3919 
11856 a915feac-ffd8-4f55-8aae-0252d9b061bc, 3919 
152759 fc6a0899-5d5a-4837-a2b7-2d94c3fa2e69, 3919 
365207 c2d4a542-3fd0-4aa0-8551-9898384512d6, 8505 
16752 da7eda3b-cb7a-4516-b357-16d93168d397, 3919 
316607 7c3857f9-81a3-41da-a27f-5450823cfecb, 3919 
75572 6278a037-e58a-4b98-9734-278f8a6426f9, 8505 
44490 2a6dd51d-c9b0-4089-bf46-3604f447f360, 3919 
387644 4980d6b6-7a05-4e73-a898-834cb2a6e2a8, 3919 
19565 77661df8-fcb2-4220-bd35-c9ee1c83606d, 8505 
116757 c0b91bd9-bb31-4cc8-bff9-128f77f7d755, 8505 
38322 ae75166f-0843-4ea9-b2c8-541f29fab462, 3919 
294630 a6d6118a-91ff-47f3-b55d-2a7797508fda, 8505 
88846 495ab969-7179-48dd-bc1c-47765197d09f, 3919 
317081 91499de3-2ccd-4cb0-bb12-56004dd5d9c3, 8505 
216851 71aa5c28-c708-462e-8e3f-653187323713, 8505 
172912 c3cbbd53-040e-4f77-803d-b48928057c58, 8505 
14899 33eff8b3-299e-4bc8-9e33-340b10fa1411, 3919 
242602 789fb8c4-ae31-48a2-89b9-bfe9abedbae2, 3919 
344013 eac301e5-18bc-403c-af10-6a55ca88a1b0, 3919 
116822 f84475ff-4cd0-4e48-9214-cc3919ca4cdd, 3919 
388205 7cfb30b4-7ae3-498a-849c-2a3e3a337128, 8505 
26700 767cf914-2f27-478d-adf8-2a5e9b381008, 3919 
252685 b79a53bb-70b2-4581-bedd-08a4eb2fc983, 8505 
240630 6a595b47-63f6-4135-8265-e6f2e1d61f8c, 3919 
355073 9e5cb61e-ca9d-42b2-b622-58cdc2fc1df9, 3919 
381053 9d783bbc-4d76-454a-9a17-e14794b27b00, 3919 
238790 17a7518c-fca7-4fb5-a82e-3ffc759a6dea, 3919 
358333 0feea682-7843-41cc-9a13-739302be5eed, 3919 
319686 0f08c19d-4937-47cc-b68d-eca0a0d26328, 3919 
205730 1c67be53-8fd7-4724-aeed-49784efe7886, 3919 
348617 d647093e-383a-4659-802a-28e8ecd10ee2, 3919 
274627 f4000f2d-675f-4b26-ba6b-7985998d9c26, 8505 
296076 9f38ff4d-dc83-475a-a00b-cd552797fb85, 3919 
86997 f21cc547-a68d-446b-a2fc-27d1f613c075, 8505 
98727 d4376aca-3e5a-4898-b079-fc70bcd49e6e, 8505 
349314 1ef7c124-38d4-4770-a3f0-15b1e9fa6164, 8505 
181806 44e3fe80-7834-42c9-8c52-d3bb683afffe, 3919 
352502 3beea96c-c2fa-402e-94fb-431b0c608482, 3919 
342517 93ed7c8a-b591-46b1-ad71-6067ac1b03b7, 8505 
42681 be81d416-293e-4dea-821d-055a1b4afc4b, 3919 
334278 7af51ffe-7678-46f4-8d8b-08bb19823644, 3919 
381639 dff02918-c045-49d8-b4c9-866094717518, 3919 
274847 72f7d7be-1241-47a6-806f-b451015ecc4a, 8505 
392128 b51b6bea-61fa-4122-8608-e748f0d2df89, 3919 
59872 7e758311-f921-4374-8835-e2272d10258b, 3919 
43057 1df198e2-d38d-4091-aa0e-fc4270425e79, 3919 
49825 3e88c1ac-cf44-46e9-82f6-9e5160ace694, 3919 
379133 7f46e6fa-3de3-4f5f-ae56-3a5099f5ff6e, 3919 
55223 0cfe45c3-ac53-415b-b2af-43e96b00a5c0, 3919 
221015 f675ca2d-fb84-4877-81fb-aeea84e15773, 8505 
262553 1721ded2-e237-46ee-b3c7-57402cd2e347, 8505 
296613 ec0e60fd-a0b1-4d76-aff4-65e4e5e4c40e, 3919 
45544 4cd382f3-f394-49a0-bfb8-3af781930db2, 8505 
330154 aafad8ff-e96f-4767-805a-e5d545d745ba, 8505 
139251 88ad739b-0a10-4582-81dd-fbb7199c036f, 3919 
78630 11b55646-887d-4a1e-9eaa-9164bdc1fa78, 3919 
271936 400eb3f5-6948-4381-af40-d3f3f5bf11c3, 3919 
189117 f4a9c5a4-6e0a-4a38-8699-128519854ba2, 3919 
57044 a4e8d318-d7c7-4915-85b9-880b07ab6b65, 8505 
391934 3143cb2f-c0e3-46eb-b7c2-6bed403118d3, 3919 
211445 1d41ca84-3823-49ea-80c7-63f4973bd615, 3919 
308802 05c34a22-a975-4b57-80a8-b31ea1574112, 8505 
288736 bc734279-b45b-49c3-9631-1dd372bbff45, 8505 
182911 b525cafb-0576-4c59-8479-53cfd0be984d, 8505 
272642 ebb4c4d4-905d-4ec9-9505-ff7a3d89bcbf, 8505 
172820 945dfe2b-070e-4d0f-8491-173590d40bb8, 3919 
267344 87ca6522-06a7-4ada-8e0b-17bf513547a1, 8505 
199228 44ebf51e-d511-4154-b7ad-270b5aec5a98, 8505 
130435 8940ba8d-458a-440f-91b2-39fb3ea0350b, 3919 
214685 d674f20b-e373-4fd9-b98b-a39ffdce10f2, 3919 
365795 41c39807-7205-4273-8dd4-b0229a43d92c, 8505 
322935 eb94d210-168b-4190-939f-5acf884c8eb3, 3919 
288429 9c888b39-424a-42c9-991e-c84f5982c015, 8505 
284848 b533f084-5df6-4078-bfdb-da0a08d71448, 8505 
221468 0b76670f-102f-4d87-932b-0e29820f8316, 8505 
323674 d8fe938b-bbc9-4d3e-abcb-1274d40a6dd0, 3919 
265531 a9d320d0-bcd6-470b-80af-0bbef00d1198, 3919 
87053 737fdec5-1056-4de7-b344-9f7e4df6f6b0, 3919 
265325 b71984c6-6869-4128-9494-bfa692ffd300, 8505 
118676 af92d51f-4f58-4c02-a960-6ecf698ef022, 8505 
113585 2fdb51fe-b7dd-4887-9e9a-a5bfd5a45371, 8505 
252672 f468e6c9-bdb1-48ff-a551-af26d12d977f, 3919 
58522 aabf8b93-1c3a-472f-9b51-057a28afb4ae, 3919 
69321 5ba14c93-1284-4b41-ac39-8164ae0b42d2, 8505 
16092 8f560123-60ed-4e4b-87d2-6789545584a1, 8505 
253177 2c2d4431-e113-446a-aab5-29f829d98ef0, 3919 
106364 b1ff6a71-47df-4d09-bb48-7d4d27a76a50, 3919 
170844 9856cb19-9af5-4f48-ab0a-c970b778992e, 8505 
381802 c126ea36-12fc-45d8-96ef-8362879d1261, 3919 
133349 1d9bc830-1d19-4890-966a-8bbc953a8ddf, 8505 
279230 8adbba1a-0c64-4b2f-b9bb-239a5b4a46cc, 3919 
154695 9692ee1e-b9d5-4094-ad07-9ceee478ba98, 3919 
223479 8dd093f7-dee6-4ee5-a470-f743fa543165, 3919 
122520 0efbbca7-38b3-489c-809f-2eb706818791, 8505 
103621 46b94f5c-ee92-4557-89fc-0b238cecc670, 8505 
184427 725d042d-bc1a-490a-be37-a703746eaf15, 8505 
60740 657ce44b-b708-42f6-a9a9-d46f8c5301ee, 8505 
356477 1d26df0e-ceb0-4a47-8abe-33ba53436757, 3919 
193874 47e66d94-a607-4e0a-9771-c3226e3b66b9, 8505 
325540 31b7f9a3-cd82-4413-9923-67cabd8a1067, 3919 
247137 c90f8e80-4b51-4c97-b828-ec4ce69a341a, 3919 
159151 1d3bdb16-3059-43e1-849c-e481f1114683, 8505 
305138 268186b5-0448-49d4-9641-4156f085e72f, 8505 
211966 251cf8ba-0256-4eb7-8153-58d07e2155a1, 3919 
40925 a3d3a8fb-b8dc-4797-9ee8-fd9e420345ad, 3919 
107035 fa9bfd1b-d0d5-4aaf-9a3e-20baf872d93c, 8505 
377273 1ee86f3c-02b4-4eca-8c2a-6fa523035e6a, 3919 
350037 8e77538a-3b3f-4db7-b732-f970c371e0c6, 3919 
100964 30527d63-65cf-413b-8d07-55a48ab2787f, 8505 
38045 0d84ce6c-b52a-441d-936e-0ac6a06a8a03, 3919 
213423 4c527fe2-33f1-467f-b779-50c2b1809f16, 3919 
210257 3b60f4cc-ed83-4da6-899b-f82c06e64737, 3919 
164055 a4532bf0-1500-42ec-bfdb-ea2e3bce445d, 3919 
386013 46c874a2-49a9-4e4b-9e2e-780bbdde2eb9, 3919 
21091 d68f120b-bb34-45a6-9946-23079f1d69ab, 8505 
161364 a7fb307f-fe3d-4efa-a3af-21760270aa8f, 8505 
168197 32d0d370-9668-48a4-9425-ae054cb79158, 3919 
218972 8a51713c-5b3f-4541-ae7f-5064bcb367fe, 8505 
368091 edf73826-09e1-4598-981a-e62f84465a85, 3919 
90116 5eadcadb-0d9a-4061-afbc-1cf401f4198f, 3919 
19825 13a45def-e0ef-4fa1-8dfb-1eeef06258c8, 3919 
47645 6416a39c-0f63-41fa-81cc-fb38d361fce0, 3919 
79362 74aa134a-11d6-436e-a580-fa8c5a422313, 3919 
161346 3f7374c3-2235-4646-8a8e-aae1b10980bc, 3919 
349202 42f29266-ea4d-4dc0-a1f9-de0e1a17c8f6, 3919 
198613 5ee2836d-8ea8-414b-a68d-3c9d320160c9, 8505 
367143 277c729f-c156-4f89-9e4c-55f93c6895d7, 3919 
121852 8b5fb24f-4a65-4b8b-b590-f8662a168675, 8505 
307809 14dcf0e8-3237-4f2f-8673-98821e948cfa, 8505 
229650 8e7456b7-190f-4d0d-875a-b150ef10d2df, 8505 
284604 1e476f81-a2c2-4369-b54c-c8731369c98f, 8505 
121924 f3d6709a-dd9b-4de3-a20d-855e00c84f49, 3919 
244313 c31533a3-90bf-4bb2-9a85-92d850668ec9, 3919 
133533 1963a932-312a-44f5-be18-8df358e295ab, 3919 
224949 13ce0b5e-7f64-4123-8982-96b89a1f7759, 3919 
367061 f0cb637c-d07b-4d3e-a633-c859ed30d4ea, 3919 
4042 92bfbef4-0de9-4a38-bfe5-a088fdc565df, 3919 
55312 d2e96172-8f73-4aaf-b431-8feee1cf363a, 3919 
51514 99e9eb03-457c-4320-8c81-251c03484f77, 3919 
158301 b7d3dde6-0ced-4255-8fdf-d177b69efad1, 8505 
96950 054a0020-fb6d-4ab0-ac63-831d4bf15b4e, 8505 
124201 3c55ce5f-1e0b-476d-a7b5-2fd1d88e0e9b, 3919 
234524 d4c0b099-996f-43c4-b56f-8381828d5c0f, 3919 
163982 36dfe34c-7c3b-4ee5-a422-6cff0c59ef68, 3919 
347178 4c271f2f-e254-40b3-93b3-82ad98161011, 8505 
46188 6d9d99c9-ab54-498a-83a9-fc64a44c30dc, 3919 
313628 80078272-423b-4b51-9b80-1e9914b14a49, 8505 
40597 06f5c8de-236a-4284-9db8-f54a9357df60, 3919 
265943 d2e7744b-fd11-44ea-a500-6857d0d18e7b, 3919 
301072 246b4b68-5bd6-4ba3-ab46-bfed67dbc717, 8505 
263089 b1d20c3e-8c13-4797-bdb3-dfac3d1d5e92, 8505 
270616 7c380c68-bf54-4acb-9d60-29f8ab87b6b5, 3919 
9996 57c2bb46-1326-4241-9c71-9ca4da7c5532, 3919 
47000 2abdd416-62e8-4eb0-ae0f-1c0694302963, 3919 
201216 66b9de79-f170-4ec4-9dfd-3d5f926282a3, 3919 
24200 62c26e66-644b-4331-b501-0168cbcf1bc2, 8505 
5726 26dd3ac3-9f82-45f4-9027-21053960f656, 3919 
209795 03871d09-450f-4ee6-9ed0-69766963d612, 3919 
75164 73d6b96f-0eed-494a-9dba-dd763e428d21, 3919 
382557 368bdfae-ecaa-4e35-8a27-1504274f3307, 3919 
359275 ee6c916b-bdd3-4d86-b85c-c456b56f5603, 3919 
123538 44416ef2-10bc-40e8-8acd-0cb8fd232f81, 8505 
171040 e91bc279-9171-4648-8d7d-e428a2ad539a, 3919 
202558 3e12ab3a-543c-419a-baa6-1d9b53fbf241, 3919 
305915 7eb99c8b-05c3-45e1-b5c2-4ebcab2bf7a0, 3919 
161301 10f7a671-7a94-4dca-a428-67cb18870303, 8505 
276099 d97c2ce5-8ac8-4212-a96e-1e016a5a68c8, 8505 
403225 f0971c63-f985-4767-8df0-632671f20757, 8505 
179592 9ac1255f-b71f-4b5f-901d-8df3f0344e7e, 3919 
60086 9b482624-565f-4169-bfaa-351c088fc35c, 3919 
302525 706105c5-d570-4208-930e-99c69552d882, 3919 
171118 915e8861-5015-45b1-94ab-879118a19f53, 8505 
135301 f0ac7da1-6a40-4091-90d2-e0f3aad952d6, 8505 
13596 5ea631cb-159d-438b-9412-d4d3e6db0e77, 8505 
163250 865a502c-c678-4548-a553-9d8ae0389074, 3919 
94916 2a42e9ed-299c-411d-888e-d2a2e08e4310, 3919 
168457 b5e6ae7f-b361-41e8-a4f0-8f5dd0be171f, 8505 
65538 e4f0f603-2f4d-4458-996c-30ef2bc49c3e, 8505 
198611 29b2754d-5ce0-4cbf-9941-bf35f6324441, 8505 
394710 94fb8e7f-99ca-4862-a4ba-c1203fe1b04c, 3919 
318632 6bcf8d8c-5e96-4327-8530-b67a4e5c6512, 3919 
227064 7106db59-5aba-4e31-a8ae-c5bda2c31090, 8505 
305743 7ad5d6f0-31d1-47c3-841b-a0d2e34663d1, 3919 
286923 66928887-f77b-4e94-ac6e-c1156de6260b, 3919 
360989 bf975665-bf7b-45fe-9b54-2537bf477198, 3919 
196835 167127aa-3a56-47b3-b6fa-b4d1994431e3, 3919 
395550 aeeddecc-3daf-455b-bb69-9ab36291589a, 3919 
168442 3d7d1aa0-4431-46d0-ad1f-f3bf019289ae, 3919 
215206 61e8d804-0bac-4707-8023-a611392a5aed, 8505 
20400 1de38590-54a9-43a1-8bb5-450f7a506177, 3919 
288921 93d8a414-4740-4eb2-94cf-1bf34c9b551e, 3919 
54427 c709940c-1af9-4c26-8546-0f402b630259, 8505 
39759 c4b0bf91-f1c4-47c5-877b-ca5da0e1e09b, 3919 
226381 4f582fa2-c342-4a68-b624-4da3d93d61cf, 3919 
326247 caa9a025-b290-4776-b4fe-a4222d3a3337, 8505 
172092 4f890f05-b16c-46da-874c-00e0d50a970d, 8505 
97731 b970e305-3d7b-4d2e-adac-d6e84c7b31c5, 8505 
118369 0195883f-e45a-4207-ad45-843e91397f0b, 3919 
367941 2c0c9402-4680-46fc-bc9f-45d82818a0bc, 8505 
335556 47b5d91d-2f62-450f-9a8a-007a10b137e6, 3919 
83049 e8d14a42-5f25-46ca-b93c-454058eb07cc, 3919 
331563 5fa9d10c-0d13-4be3-baf5-cc0ebf4aa882, 3919 
223871 8814ce8d-b6c6-4b1f-adb4-9f562545283b, 8505 
107351 2ee1db68-b52b-458c-a24a-f77dde0330cd, 3919 
175637 cc39967f-b14f-4fca-98cd-5ce35068c8d2, 3919 
236521 4ea8ce4a-e4ac-4b8d-9490-e3fec65c9520, 3919 
16864 d8611c33-1cb9-458f-8d3b-93485a2a9d09, 8505 
300304 b9bb0ebe-ea86-4602-9610-12ee6ea0c4ec, 3919 
161204 c8ef7b60-e868-4298-9078-c0f9f7238196, 3919 
191812 6f8d8a69-bedb-45c4-a0f7-7d994c690737, 8505 
90017 a6e4d106-d001-4136-a791-d0a555570001, 3919 
155290 63a2ca56-c53c-45bd-a6a9-3b9901748f15, 3919 
204696 c258b55f-41d9-4908-b64e-974be3e9aec2, 3919 
256896 7622e4d6-04e2-4fb5-9a87-8397c05de6ac, 3919 
82166 d64389ae-96d7-432b-ad04-8d46fef519d5, 3919 
268406 5473bb62-7530-4fc1-9c19-7a33222023a3, 8505 
208568 b75bd4d3-ba24-44b7-b60d-f2bae39fa195, 3919 
258637 4485b55c-8b1d-4eb0-80ec-a28c6a5109a7, 3919 
376899 20b5961b-e418-4f9f-a14a-e07be45cd66a, 3919 
301952 2ae9be7a-0bea-4559-91a2-7e1ad4d956fb, 3919 
49102 8fc9dfb2-508a-4c3c-90d0-5b94ffc1a64b, 3919 
393492 f1eba55d-e20e-4fba-abdd-c7f2a24b78a5, 8505 
339247 01b723a5-a053-451d-a492-13dd9ca10aac, 3919 
120792 7e72569c-7ff1-42aa-818f-e33fc554540e, 8505 
254490 7f1f213f-653a-4643-92d4-66588b9dcd05, 3919 
347785 82e43d61-2394-4235-9879-b06d102bbc38, 3919 
209917 f6d692d8-2d43-44fe-9605-8e33bbf8fffd, 3919 
269873 fa1b221b-7ff5-4c38-9e83-edfb05438fa8, 3919 
309319 feab1d12-1ec6-4825-8ee0-244e8e428dd7, 3919 
90294 e2d981a6-8652-4337-a11e-a21b85a302c7, 3919 
18542 9ec71177-36f4-4e18-b9b1-fc01dc761f96, 8505 
314211 045f569c-50f8-475a-aca4-7b3b8292281c, 3919 
123643 66a5b154-fb09-4859-a780-361ff805bbcf, 3919 
369528 68d80859-8a4e-41a9-9d43-028da4a11305, 8505 
180142 2bc3f60b-3146-4c2e-a54f-a00c5e11c2be, 8505 
285193 36a733a6-f32c-4a0f-abea-74c0e4cc55cf, 3919 
64152 7f7ccbfd-9cd0-4e10-8e41-5b99a200be5d, 3919 
342927 cffb0265-7110-474b-ac9f-297141a1d6c8, 3919 
202113 a53ce00b-a190-4642-b65c-322afe0e9c8a, 3919 
360002 a1491e3b-3a0a-44c4-9526-d8885c8c3864, 3919 
307452 fe9da7f7-108c-48b4-8989-4b1b493023cd, 8505 
55865 9696f1e8-32ff-48ef-b0ba-9936a0f607bf, 3919 
133050 bc58af12-7f32-44fe-b178-5c85076f9ae4, 3919 
221919 45252ff3-d17e-46eb-8845-06a7c4a40800, 8505 
330297 8a4a161d-fac2-4bc8-8a07-da78fc420455, 3919 
322612 8a82c768-052d-4a40-9f79-e7504703bfc1, 8505 
253419 736cf952-af6e-4688-b764-f4b9a200b0bb, 3919 
244169 2399859c-1ea3-469e-afbd-c4d02b7d8851, 3919 
255228 de60e099-8845-42cf-b635-bec80ea081f2, 8505 
364656 24418ccc-3af7-4eca-8707-365f02f19183, 3919 
238127 aa77e7fe-39bd-4746-8d1a-31ce32a9038b, 8505 
221776 b3fd5a11-2854-47d8-ac7b-9c8bc47989a0, 3919 
11325 01483f69-31a4-4aa5-b486-33286d898285, 8505 
112868 405d1809-1368-4b01-ac5b-5f3a4f552da2, 8505 
338183 8e0dfde1-2588-479a-b8d0-d77aa77f69fc, 3919 
30048 ec8cc86b-fbbf-42ea-a9b3-237d7e8169cb, 3919 
55266 7611204b-f6e9-4d16-8fea-7ce3e71c7c0a, 3919 
86068 14a42aa6-477a-41d2-9e4f-836d33ce85c2, 3919 
211950 b40afdc5-f335-4a5c-b0d2-c36dd89ea1a8, 3919 
185803 aaa37df2-4646-431a-9bb5-727a3ffbea2c, 3919 
67071 78d5904e-e3ec-495d-917a-68a6ad09bb15, 8505 
224925 5ef2ccc5-dae3-4b00-b003-3f4bd1857f8d, 3919 
311440 1f52a9ab-84ef-44dc-bb70-8ad5b528966b, 8505 
129369 aaf15bee-9bf4-4a7e-b499-85bc259ffbab, 8505 
317805 2b57dd02-b460-40e0-86ad-d8b5a40c0604, 8505 
324977 b82f8993-a7eb-4363-aeb6-3d537e516919, 3919 
101580 9db35de4-1266-43d7-aded-6c98f9d3faf8, 8505 
307930 1524c29e-2a7c-4278-8c37-52e485ceb6d5, 3919 
237332 b109a4c0-09bf-4e96-9ff8-53f08853c7d5, 8505 
357448 df395079-213b-406d-b6a5-0be8e2fcd89d, 8505 
219752 364697eb-dc3c-4ab9-bb20-e60e1ef48969, 3919 
124805 477aa258-2245-47a3-b113-5c8406c0c72c, 8505 
75126 da91b03c-8dfd-4144-97b7-141a27840100, 3919 
162938 19bb178c-834c-41f8-a0b1-b7fa9d6de6c6, 3919 
62614 a0f863ef-68fa-446f-965f-924a53a6d3ea, 3919 
162436 77e801c8-b738-4012-a9fe-bf23dd077824, 3919 
181466 b85f2bca-2b36-41ff-91dd-8d637c85b048, 8505 
365021 0ef66549-abc3-4536-8c74-7e8a21d513b9, 3919 
366150 5fcc285a-1a21-462e-ad83-d1e1b128c850, 8505 
49014 0583f9cf-59e4-4b56-8d92-847ed94d1fc2, 3919 
13864 093f48d1-3db7-433f-acb6-8acf59e3c3c3, 3919 
257365 b59b103d-03ff-4892-b933-a234f4fa24fe, 3919 
42905 2d20ad6e-bbd7-443c-ad2b-cf9dcd79b629, 8505 
168899 e3179c21-3bd1-438b-931b-16caa4224c47, 3919 
175288 1d7cc1cf-279d-42d2-99bb-8f2d45f73f6a, 3919 
248005 321f3aaa-d830-4962-8421-b37e473dbc99, 8505 
41528 d275e6b9-16b6-4b82-9775-1a1469fa90d4, 3919 
282960 b2eff507-6b7c-474d-af35-72ea4876a96e, 3919 
140843 dbd799bb-2fc9-4125-a4a5-39c523dc4275, 3919 
387682 1e797b6c-b7d7-4800-b7f6-0750c287adde, 8505 
295546 9f3a196c-67d0-404f-9de8-0e60c5b1199f, 3919 
254169 35d062fc-8471-407f-92ae-ab300a25c68a, 8505 
77761 d5bf366f-278b-43e5-aa37-7f390a939fb4, 8505 
171625 47d6880a-6bdc-4641-8fac-d4fae64fa2ee, 3919 
185614 bf20125b-0594-403a-b37f-6b83be8c0557, 8505 
266159 8fa68b6b-41bf-496b-ba5e-4f9ed4001549, 3919 
177575 dee0766e-bcf4-4b56-ad89-517667fe73c6, 3919 
22868 bb4c0c7e-3582-4696-80b2-0fa765e5b7a3, 8505 
359395 d7fb37ec-451e-425f-95e3-977132bd853f, 3919 
377913 dfacb034-2562-4d38-b686-b73913df134c, 3919 
230168 f55fea50-cf99-4621-b029-004bcc083dd4, 3919 
170543 071ad9f5-6d15-4ee1-b190-626e89234dcd, 3919 
385512 8f54f9c2-735a-4b38-9d64-feecb1c5bbd1, 8505 
279068 60c41b90-0cbd-458a-bb15-1c5ddad8e4f3, 3919 
252532 b0ca658f-e76c-4f32-9517-837a1e4a865f, 3919 
360640 63af5d74-f382-4716-804d-2765516a20d1, 3919 
94749 4114ef53-9dcf-4b7d-92cb-7ba479caa355, 8505 
77012 8e5b9842-458f-41b7-900d-69190eec77df, 3919 
376752 0e3c48ae-180d-4225-a920-f40e908f8d4d, 8505 
239596 af848c47-dea2-4284-8f76-0607417f5006, 8505 
229263 3469f6c5-a454-466f-80f9-bc3f39a5dfa2, 3919 
382612 db48a66e-c203-4d84-a91b-66c9cf14e22c, 3919 
290835 6b193e3f-a309-43cd-a2ec-75a849c97c42, 3919 
303532 2f2b4832-556e-4a14-af5c-a728f11b3930, 8505 
118295 59a260f7-afa2-4fcf-8ef5-f0a8196ebada, 8505 
145778 d4c3fa6d-4af2-4af4-bc7e-039940669c92, 3919 
161606 859877c9-b3a0-48a2-806a-6d5133d98a49, 8505 
67035 ee8f8ca2-f199-4af3-bf2f-aba47b6a8ac9, 8505 
208868 a89d49e7-4054-4d4d-9c41-7792ecad333a, 3919 
364123 72f080ae-3358-4727-b78c-51c0d6186670, 8505 
304004 efeee3db-01d6-4128-b4f1-e3844c06c679, 3919 
51777 144f905d-ab05-4909-933d-31fa4aa92d2f, 3919 
132919 17aa9abf-45fa-42bc-afdb-1be9fc048b66, 8505 
221558 bf85de9a-5d2e-4ca3-a836-2354c3c35a22, 8505 
323425 7c257d91-c016-4e1e-9a9b-6ef3cf00ef1b, 3919 
22907 193fd924-c014-4439-ac2d-6faca1617460, 3919 
170451 5aaf0fb2-56f6-485d-a49c-5a4267897f79, 3919 
159883 8d94a465-8ef5-4a18-9c56-f115ec3b9075, 8505 
288490 1ccbda47-188a-451a-b57f-95336c74f663, 3919 
337340 3e89acef-5853-49c1-8e71-9f62e1021353, 3919 
337412 20497fa0-34dd-428e-a357-24d08cb0a315, 3919 
117649 9cdbbde9-acaa-42e0-a1fc-9f1a781fb957, 3919 
372507 077788a8-d53e-43ac-9b75-82f86e54cce2, 3919 
181804 e7653b38-7d78-4c3e-affe-727526ad8ad5, 3919 
224847 9e872225-b21a-4795-9268-d84ff3b444e4, 3919 
194584 9ce05bb9-fc0e-4aad-b617-40c3a2932b06, 3919 
133422 f186a46b-89dd-47f5-a5c0-c24fee539554, 8505 
379539 ea1b5f04-698d-487e-924b-f6b69e110cf4, 3919 
372379 36d0040e-347f-431b-b1eb-ddeeda611bd3, 8505 
189945 ad60ec30-3dd9-448c-a25e-20e96855654d, 3919 
147095 495ea140-5fab-449a-9b54-164cadd0b8b7, 3919 
67200 2bccf905-1db2-44cb-9f58-550f790ac71a, 3919 
219764 d261c4b6-0f07-4a2e-9580-3c9657c57521, 3919 
13585 b0e56aa9-5a97-48c6-9072-c560c85eeb51, 8505 
130787 6e438e0e-5c84-48ef-b478-fa51a8144615, 3919 
125074 6c761095-841d-4399-bee5-d3bf45c96eac, 3919 
374639 177575b3-bb3e-40ce-9596-3ec8eda28e53, 3919 
307900 b441093c-0efa-414e-a62b-e15a4a083c7f, 3919 
54041 e91ba1b7-d82f-4307-be41-6f438bea9b7e, 3919 
48515 66b87f10-79e4-4779-8bb8-9b07496fc857, 3919 
134481 512f90e4-a562-4370-bc05-86411118246c, 8505 
365045 68a44c8e-218d-4f84-b5d4-67bc724a29d1, 8505 
366156 fc6896f7-13d1-4822-9a18-303c05de8ece, 8505 
47775 535ca626-cd84-4fbf-9d3c-c894b980a9d7, 8505 
274249 3447ba6a-34d7-452d-9cea-f5aa4f81bd27, 8505 
204425 47d04eaf-8ed2-4a4e-a454-fd13080a4e33, 8505 
232310 27b742fd-c567-489a-b9b2-1b55c4b2d3c9, 8505 
300804 85fbe5bb-ee08-4027-bea3-de1e45d5a85f, 8505 
200375 36683e9c-bfdc-46f0-8173-7c1412f8421f, 8505 
335283 6a8cc89e-3e1e-440b-b2d1-3e00b8cecb62, 3919 
122734 2e3d7115-1450-48b9-9547-437d8d26bc6e, 3919 
391292 e681c8b7-6268-4661-a1df-09d48dec2646, 3919 
33936 b0657fc4-f959-4024-a790-e1258e7a1067, 8505 
372531 a56f795e-8402-44fc-a828-14b31b61ac63, 3919 
74036 23e6d4fe-6abc-442a-b6fd-d70269a030f1, 8505 
30128 8393f473-6a2e-4ff6-84f4-6584f8221a87, 3919 
319861 9ea882fc-4125-4ea2-aa21-f146ca8b3766, 8505 
103680 ce03ccad-6205-4000-bf7b-2ae7ebe1ad90, 3919 
268631 a63c7412-d8e8-4e48-a063-57dba3897b87, 3919 
305882 99343843-5186-401e-84f0-b119fcb9cc3c, 8505 
27099 215e347e-023e-4ad4-961c-89e81814e558, 8505 
95686 9c850c48-8793-4465-aab2-048debd1307a, 3919 
25934 c5c69413-ac7b-4b65-bfd8-f3ed277337d8, 8505 
65722 21760123-5eaa-4895-b795-7ab85db7ac85, 3919 
240436 490937f1-2473-4ec9-b1cb-a314f43fee06, 3919 
402167 2f8d08fa-9155-4573-a516-d6d935deda44, 8505 
5855 e04b853a-76b2-4070-a1fc-9853ecd22d3b, 3919 
260913 67f72061-bfda-42aa-ad7f-961854f214da, 8505 
371712 e2adb0e2-adae-4c8e-af5a-1620ae6fc0cc, 3919 
385839 d0058af0-56fc-4dfc-9133-27e9c97d61bc, 8505 
230934 bd62b808-feac-4285-ad93-f6e1fbd3a627, 3919 
380495 f8c4283c-d546-42f2-acb6-df6344cfbea3, 3919 
75002 51482d27-3b57-4426-830c-b9a44077fbbd, 3919 
228751 b32c8e85-2e15-4a71-ac36-8a7b6255bf1d, 3919 
325042 313d2463-5953-4ea0-8d14-932ef6c4efc3, 8505 
388897 04a02f99-b458-4dff-9322-c91fc02abfaf, 3919 
222303 f2cec6b3-97d4-4c3c-b797-58b44e20bce8, 8505 
269497 2c283744-7af5-4f39-a222-1190afb44814, 3919 
272710 4f5c8c40-bf14-4fc8-9318-3751d4460578, 8505 
164377 b351d65b-7579-4c1f-9677-a6659b1a01d3, 3919 
76241 4de74474-533e-46c0-bad5-ac5339935c52, 3919 
19292 eeec18be-42b8-46d1-9772-a0a629b3ec7c, 3919 
290325 c2e1ff7d-b68c-4804-a2be-56088b62dd57, 8505 
393111 7d112da9-53f8-43b1-a545-5a08515d9b7b, 3919 
267534 aec9a576-58b2-4e10-981e-6dbab8a9f1ee, 8505 
177825 cd9f4934-3a66-4496-9fc4-16471317749f, 8505 
360216 0f645fc6-76c4-4265-846b-bcd37ac4c099, 8505 
325678 6781e9d8-789e-453d-b180-8c3dbd39ca5f, 3919 
69323 bd629595-a46d-4bf7-927b-6687a1ba3a8b, 3919 
361530 303f5bfe-3bed-4aeb-8313-b4b1d20d4fc1, 3919 
221455 9c15fbfa-9a58-499d-903a-c4ce886215b9, 3919 
127681 3f763040-7f85-4651-ad29-61affd2f777f, 8505 
84884 21db70f0-b8fe-4ae5-909b-5065ec854ea7, 3919 
360648 688d0385-aab7-4ac0-99ef-479c412eba46, 8505 
403594 8ea81c72-1ace-4160-a823-50941c64ed68, 3919 
174542 bf4d56b5-f99b-4680-9cd0-f9bbbc43770e, 3919 
178496 6b9d0c20-5cd5-4755-bfee-0308dd2dfafd, 3919 
197798 36541800-6515-432b-89fa-c5d6c70a4b94, 8505 
323357 0f1b105d-feb9-422d-b434-5cb980657e11, 3919 
210318 b034db0d-fc3b-4cd6-b9f2-0e197bd6b5db, 8505 
202406 b35bb97f-1dc1-4ab1-8b4b-6b42ffdbefb3, 3919 
228007 2394713d-13fe-4c87-879c-d51db1448e5a, 8505 
143229 93537f5d-1d7e-47dd-9453-605587304ec9, 3919 
358711 137a45a2-19bc-4aef-ad41-a7e08628465f, 8505 
4803 ad0dfc58-bc38-44ab-ae49-8e039889bc7f, 8505 
60139 a13c8f23-d6d9-46f8-b884-cccd7f29f31e, 8505 
112770 9014adb9-7ee4-4cf2-b6e8-93f3023d6f98, 3919 
376793 ab31ee4b-5e40-4358-9de8-e72b891968ac, 3919 
160360 e090c710-4559-4526-a10e-c84735ded28b, 8505 
195043 0bae6a52-c5d8-4683-8403-89f1f5de8ac7, 3919 
373499 a6270ff7-3ba3-48fb-b38f-5b4e729c7d38, 3919 
346845 907bcb80-b414-43c4-ab9c-16be7e7d37a7, 3919 
233556 e8f94dbd-8dd9-48ed-a707-cca7167714af, 3919 
1933 32dd2361-f3a1-49c5-bbff-3664bb31932b, 8505 
372750 a64fb3a2-00c3-4822-987c-4fe0a810cc57, 3919 
345074 3c8ea2b3-337c-456c-842f-eeb64f9230bb, 3919 
179349 22e9886c-7fa3-471c-ba5f-b74352dfbf66, 3919 
275986 5f2f0107-dd51-4fcb-b59b-7697cbc1c18a, 8505 
85092 d756e5b9-1587-43f7-a0d3-2f7f72b58fc5, 3919 
182355 d68c4c18-846e-46c9-b583-eb7358657839, 8505 
170853 b62df0f0-ffe9-4a16-8b15-7f008fe711ad, 3919 
294624 b163c2c1-fe09-4d9f-b7e7-43c15adeaa1e, 3919 
303793 45944f68-8d7d-4522-9b0c-4640af6a4cf5, 8505 
103672 fff1b51a-d82e-43c2-b15e-02f3565cdd51, 8505 
166495 0ed1ded5-7bdb-4a61-b3a8-394927ba65b6, 3919 
349607 71aadbf2-f410-48fd-8ec9-b2e782221691, 3919 
274056 cfde0762-2a8c-4517-a73f-956446b5c406, 3919 
55706 cec3849a-2ff5-4dea-93c9-d8218c7eec04, 3919 
36573 90a02537-796f-48c1-9edf-69f273d5051d, 8505 
309859 f7686bac-5f0c-4727-a0b8-6ce78f50e55e, 3919 
185439 a1b01e7f-19b1-4887-8236-a0cd339f5e09, 3919 
159003 1c398688-7ae1-48d0-b2f2-dbea31e50c52, 8505 
166896 c629d313-db36-410e-a02a-8546c257cd82, 3919 
203617 e3673831-9a1b-4793-b4e1-9b26bfe6947b, 3919 
35263 88a0a18c-c9d8-43f1-9916-386cc68458e3, 3919 
160847 4625e4af-9ced-4cda-a21f-1836bf54c39f, 3919 
353107 342438a1-d77c-42b3-8363-422e3755a4fe, 8505 
124326 18d72f2d-5414-46f0-92cf-2fa64221cb35, 3919 
261766 33d9d920-e902-4a92-896b-c3eed962ac1e, 3919 
213399 39461266-6d08-4bd1-a221-a9f2bd32b7f0, 3919 
259260 a74a8c66-43f6-4975-85e0-d10e425c236b, 3919 
35132 527a2f10-2e64-4daf-95f4-6b9a94f29d0e, 3919 
109046 192db016-8b28-441d-bd82-c8a427e79dac, 3919 
66403 ba914502-31e3-4700-bc4d-b189a3529c98, 3919 
219023 1c703062-c799-4e83-8309-53d8b19edb4d, 8505 
331126 04471fd1-d508-4335-ae65-c0fd0c55a30e, 8505 
394103 0cd1f3bc-4b66-473e-acab-81ba301815d3, 3919 
352253 f2b73907-881f-46e2-a395-2263097c1dc2, 3919 
227453 dc5c14a0-817e-4a94-ab70-d205419ecc7d, 3919 
323068 63b7167a-3ad1-4e1b-a4a5-48189d852316, 8505 
386366 8e0ee409-2806-427f-8575-8e685c243f4d, 3919 
364866 6c101fc0-64e5-407e-9d42-bab9d1c7e1bf, 8505 
207558 f7676c7a-a5cd-4f37-a612-63f92d32bdee, 3919 
318845 b8802407-b06b-4256-b4e3-100b60bbea2f, 3919 
15428 75ff469e-36d9-4299-ab64-9255acc48748, 8505 
12211 1091de65-e540-4b21-ad7e-e641e9646981, 8505 
10214 15e743e5-f4c7-4750-a690-f8c7ac551032, 3919 
29357 ac358d37-e403-4044-8174-b783098e6573, 3919 
188114 a644a6e5-ada9-4488-a8d2-129a7a3b6241, 3919 
216928 d306d245-b3d4-4e4c-8fe1-b8372fb6eeba, 8505 
370829 a541728c-1d5b-4110-99f3-bc678882709a, 8505 
257918 48070042-7780-4b35-b209-dbc0224d8ed0, 3919 
344520 c5c61549-476c-4fc6-a770-c775ab56d5ad, 3919 
258868 df5ecff5-695b-4511-a1ae-d1cf87154cb3, 8505 
178982 261bcd31-8e0a-433c-aeee-0a1a5cba61ee, 3919 
23610 43ecd747-7504-41fc-b2d7-7c8eb0546bf6, 3919 
400991 2301113b-9751-4ec1-965d-541cc2d9e797, 8505 
271768 2f9f6650-c0f9-4edd-9c20-71f3becde928, 3919 
232938 208b0019-1948-44df-a754-a06548aff576, 3919 
369824 88d1b8ac-b0cd-45f9-a4f5-86b7e03ff3f8, 8505 
244079 12a2ecd6-4ef8-49ba-a62e-7e85f091128a, 3919 
2522 98a8452b-b341-473d-a7d7-22860018a905, 8505 
248222 1630e29d-c5b9-46b1-bc95-94027464112f, 8505 
362914 2f68bed0-32e8-4607-bbbe-5cd1e3158516, 8505 
335324 1991e560-34b4-47f6-a26d-cc425edd1091, 8505 
247645 411b217c-8a35-47d5-8f30-9e7ed21232f3, 8505 
6372 7f39df4a-2656-494b-9120-ff77d54909a9, 3919 
239943 3835150b-5b0c-4688-8b47-ce43618e3297, 8505 
242497 b174a414-9573-4844-bd6b-4278f903f816, 3919 
254759 729681c0-6835-4b65-8d2f-0cde5be677e4, 8505 
394222 6b10a6d3-78f3-495a-8462-09f60199504f, 3919 
336137 ad67e0b3-ed28-4f63-8a67-1c5352ee503f, 3919 
209597 dba8c43e-4eed-4cd9-84c6-ad2e4d9a9b0c, 3919 
329254 08ad7313-ebf3-4f31-a707-8efea7cddb46, 3919 
153407 3cda34e8-aa2d-46bf-bf01-aa45f5d99e95, 3919 
167802 44ca225f-3ac2-42ae-b0d2-35b355b1849e, 3919 
14041 439b7ace-4dac-413b-80bc-3b723e1a7fa2, 8505 
234154 2bcd4c9b-c3b9-492e-9ddd-b0ba9dbec804, 8505 
338171 e1487cf9-3fa8-4e0f-815f-2c5cf9a55b08, 8505 
48151 ca09fc7c-086f-4de3-aacd-543dbca1b19f, 8505 
364982 891ab41b-00a3-4d14-a453-13ceb59a2754, 3919 
200677 ffe5cd26-27b5-40b1-9d71-3aa39be50a20, 8505 
97472 84f390c7-3743-46a4-b96a-b39dd060af90, 3919 
188420 02946de3-6a03-4b1e-8bc7-3fbe64a3fa12, 8505 
136690 e975c92e-cd4d-4cdc-9d3f-6a340607b9a7, 3919 
308037 7ee6c3fe-507e-4d78-b8d5-86d680b800ec, 3919 
204634 7114b782-8fc3-446c-be91-2ec8a6ab133e, 8505 
352099 eea94612-b737-4713-aa24-d2131391c86e, 8505 
103867 e157a2a5-c59a-4caf-8909-bdf3c402b3c8, 3919 
311577 9ab7e022-9000-4fb1-a2fe-ef527f142f8b, 3919 
385853 53c70373-ef53-4244-acf3-5250b3ddebee, 3919 
1929 5b0634f8-b37a-4563-aaee-05a0bec7262b, 8505 
46959 0ee50586-c002-49dd-88d9-e32f52c014e9, 3919 
1547 411936ce-846c-40e2-b687-e0e013c44838, 3919 
343463 5bad4718-8843-471a-8270-799ff8367345, 3919 
355689 ffcbd853-2157-4200-8de8-d76d22d82d73, 3919 
202228 234d78b2-7fdd-406d-95c4-91693b8c7b70, 8505 
307882 198cfc00-0327-48db-8d2d-3477206f9124, 8505 
160925 167ae7f9-fa30-4c59-b254-0351cf9a973e, 8505 
350687 01b561c8-3ecf-4421-ae37-999290af2412, 8505 
200788 fabfa89b-f792-4471-a33e-a19315ad01c3, 3919 
10743 c5672fee-c66e-4c0d-bc2e-210c0e7e2bc3, 8505 
253061 0414fa21-c8cb-4eed-8884-9e31757fa713, 3919 
5429 65336ee6-91ab-41b5-8de0-639fe50c5da4, 8505 
156671 c668446a-b0ac-4c01-bf78-28d64477c3f3, 8505 
99033 a28ffd38-d900-464d-a6fa-ebef2384634f, 3919 
173024 4a783adc-5864-416f-becb-38f3c8556755, 8505 
358532 e294a9f6-fc41-4ef1-a6cb-b99aa141c6d1, 8505 
317865 0848186f-99c0-413f-aa34-a3942fdb7835, 8505 
45 474cc6d5-57a9-4ea2-9347-cf0ebbd451cf, 8505 
136266 6489d3ed-e18f-48d6-a009-60728fa71288, 3919 
158356 985e2210-e5c9-4c36-820d-6f95d32467e5, 3919 
220665 e0c7999f-23dd-44c4-9869-b23d8ba3eb6e, 8505 
291030 71ff1824-f896-42ef-b89d-15b4e92fb125, 3919 
141210 49efd28a-0502-4055-b421-1c0b646d78ae, 3919 
183430 78d99049-7c71-41d2-9769-a4cad3c41f51, 8505 
174912 8fb6caea-ff6f-4d1f-b377-7e4c480a8b37, 8505 
386181 de5c0dcb-5d9d-47ed-8eea-17762c145fbc, 3919 
88063 84620c93-c8fc-4e9b-ae80-ee4401bcecb1, 3919 
20649 808f0c09-fc36-43e1-b7ea-4e3e7e47325d, 8505 
331055 e90a0dc3-bb2a-417a-9ec1-09193d9a675c, 8505 
271898 9c10ec05-feea-43e9-9d4b-aa72a4646510, 8505 
210050 a28cfa3b-c2fc-4bb7-8fb3-afd767e405d8, 8505 
117973 8a3b367d-0720-45cd-a108-118e26726036, 8505 
146470 5c87191a-9a5d-48ae-a939-1a67c472b6cf, 3919 
373302 e1a2e15a-c635-448b-b3ff-e39b19f30fc9, 3919 
373562 840d7130-824f-4476-ac8b-f70dd381de32, 3919 
4194 1eed91d0-f324-4463-8c32-200748cfcad1, 8505 
45108 78c06a1e-d4c9-40b6-a073-21b41ca05890, 3919 
389381 be4dfdec-1636-4646-abec-6131390485fe, 3919 
242849 76429e45-e361-4d9d-8ffd-31320fc1dee2, 8505 
367218 9f75e99d-d35d-4d3e-bf05-310eb1717ac0, 8505 
230626 c8a2b412-bd8c-4f74-a87f-6ac681dc22c4, 3919 
251033 2fa9ef29-cd11-4f08-a075-19315faf9f56, 8505 
352107 fd082dc7-e8e1-4c33-90d3-7c0e69ffd6c9, 8505 
392986 8c27bb16-17a1-4a48-b199-1b50b26ec44c, 3919 
281126 c094cc6d-6cea-4a10-9d52-7cab540eb558, 8505 
201421 bdc1aaa6-f7cf-40e2-8c9b-84286c447e77, 3919 
176810 b1f23d36-94b5-4923-afbf-41ed114c2dea, 3919 
62377 dc3dc4b7-0588-4b26-be28-f80ad77ab4f6, 3919 
64907 a66514ab-295e-4eab-a4e7-0903740f97ae, 3919 
118005 010c3112-9f34-43ad-a5d4-0eed2a7c3e6e, 8505 
337371 fbc4eb21-47b9-4249-b5d3-63e040e3f579, 8505 
28462 23d3968d-2c80-42ee-a3e3-85305c4f36a2, 3919 
55935 bed35d3a-8de8-41d4-8a38-5713b5594f97, 8505 
286474 40893b87-94b7-405a-94b0-e450ca8ea9b2, 3919 
229812 c22a7a39-c7a5-4ebc-8d00-89c61c38a0dd, 8505 
372525 5d4730a1-fbe8-4392-b3cd-13bd954bbb2a, 3919 
171982 5eb0a6d7-15e4-41d2-ae22-ee6fd27247d8, 3919 
139230 0e0779ec-5b60-4647-88a2-e928009f3334, 3919 
80768 9c2f66fa-af1b-4b50-80e7-a99ed75c82b9, 3919 
134604 90f61678-1fc8-441a-8697-f2db746d444f, 3919 
214854 ee97bf61-5905-40e9-8feb-ac9b04e33103, 3919 
275055 db43610c-da29-4823-baea-84b03c6a013f, 3919 
81142 e59657ad-3816-4e0f-bbb1-1101fc64cae4, 3919 
316952 9632809b-ce6a-4e12-8b59-4384e642dc4a, 8505 
322421 a4c97a76-87d6-4574-922e-c0d3d9e5ab24, 3919 
250772 26acbe8e-874c-4c12-88b0-cfeb14efa427, 8505 
254703 22972f61-5026-415d-bfcb-83e1d3603534, 3919 
50950 0de0127e-1e4d-4916-8c47-a4985a760e86, 3919 
152717 36680802-b556-4562-8676-8dd771d5d4e9, 3919 
1143 9137ea96-b11b-4ba3-9ac7-04a9d206c2d3, 3919 
3420 07490023-051d-4a3d-a30b-d373dd58f0ca, 3919 
55034 b38c893a-4803-4e8e-a0ba-ee0cd2749c35, 3919 
163509 f378ee82-a62c-4a74-a6c9-31ce6830a8a9, 3919 
134967 3f042d36-3ae1-4828-9073-e4d5a064bafe, 3919 
262374 eb844e5a-d33f-4c6e-ab93-1ed97a42827e, 8505 
7724 2b757e01-ac99-4ae5-bd1d-911091ca1f7f, 3919 
141782 bf4722ca-4c7a-409a-9c95-f947c01c4ce6, 3919 
100808 4f305b62-5df3-465f-9953-0e85a8e80ce5, 8505 
233269 9ecf2b6e-3b50-4eaf-9b70-a1b1e44629b3, 8505 
224435 a57ba7ab-304c-4e89-bff5-1f58432d8bf8, 3919 
185934 582164b3-a769-4348-a422-0268af3b3472, 3919 
296371 24ca1b47-216c-4e85-8338-e88ae3d0abff, 3919 
117062 d2c38ac9-a108-4d6d-a54e-194e2f62ccc6, 3919 
135062 0ae8e5a2-8089-4e7c-837f-5df84286a65a, 8505 
207197 62163e59-bac2-4302-8bb4-6e3a9043fcda, 3919 
303754 e42244a0-9cdb-447c-ab16-9566348fab6b, 8505 
71500 2c521d60-7e21-4314-9911-7da9ac0751e1, 8505 
217295 a64d2bf9-9443-4e39-9fbe-270ee051e8f6, 3919 
59481 a7ad652c-4c01-4b7f-bb9c-344e91cac495, 3919 
148211 539cc10e-3939-4362-82e7-cff5f764beb8, 3919 
216158 600c2e6a-52f9-471c-9aa4-ad1d042358c2, 8505 
119350 16f95c4a-dbd9-40c0-bf4f-431e0fbd7ac8, 8505 
378981 b1d2265b-c173-4103-9908-65ac1984923f, 3919 
386153 f9d7d33f-716f-4351-9b30-b0cc7d6e7b0f, 3919 
122030 c130cd0a-7cb7-48a0-9a6e-c0e27a04df61, 8505 
85508 045af7bf-62de-41ad-baa1-9e9fc637461f, 3919 
141086 5c2f282c-439a-463c-bf00-8980e28fabfd, 3919 
142529 69742f7b-bc7b-4fb3-85ea-21e9f0babcbe, 3919 
312543 7fe6cb2f-3e32-4bb2-8122-f6b569f4b2e2, 8505 
96474 56e5af7e-d1e2-411e-a06c-285539b07429, 3919 
135735 9651969d-5e32-45ad-a0d2-b4a46ca182e2, 3919 
268814 0658bccf-3fc6-4941-bf2c-a7e4417cc95b, 3919 
255665 116dffda-1366-4470-a68c-6f611901eb56, 3919 
155234 b941c9c1-f314-483d-a5a1-f0173d77b5fa, 3919 
403405 f13c757d-bf2e-488b-abde-0da16fa00303, 3919 
137962 849df8b0-4291-4980-9c2d-d13c22850c6a, 3919 
238595 a00148ef-558c-4da5-a104-0bb30e108d1b, 3919 
335692 2087a0f8-a7f7-4914-a932-6059baf2ba7f, 8505 
372832 355590f9-7096-462d-a814-879ac535644e, 3919 
72135 28eac108-5655-48c3-b693-15a7597051d0, 8505 
73420 69a87b68-b999-4b52-b891-d2889578f633, 3919 
365830 874097b0-412b-4b40-b13a-a40b7f962302, 3919 
302562 2f392eaa-13ba-423f-96d5-fff478bf744b, 3919 
185271 0e8c4160-967b-4b26-9f2d-b02cef2e04f2, 3919 
338440 b5855dbf-3ab7-479c-9675-cf1dc1fa73ea, 3919 
102208 4df52f92-8f5e-42b4-aa91-a24998a6b564, 3919 
396781 f435af18-8f6e-4c7b-97e1-815eb1227d7b, 8505 
87328 ba553c23-10b2-4aac-aeca-f073dacc3a96, 3919 
77784 e9b71cbe-fa2e-4296-91dc-82ab97c6717a, 3919 
51534 f4951ac5-a054-45e9-bbce-9b8dbed06e15, 3919 
331137 705ee75e-0190-447d-a7ba-6db0e4aaaa67, 3919 
63702 9fb2c587-be66-4a65-a224-81bfc9e89686, 3919 
107125 32a4a76a-b136-4cbc-a208-5d27d77f7e9d, 3919 
337701 88d56cf7-cea2-4b5b-bc90-ccbc57de3490, 8505 
216564 bd86a689-8145-414b-b41d-840c8e1c591e, 8505 
183202 8a6cf8a4-bece-488c-baa1-21bce720b052, 3919 
259001 ebf3ee71-f21f-4584-9067-47c8d6ea65e6, 3919 
311361 7a42ef55-8b1e-4033-8552-70afb7cd767f, 3919 
228602 c41161d4-99bf-470e-8c4d-2498e12c2c60, 3919 
4259 5f29d406-9e32-42ee-9066-4e27fb0bbccd, 8505 
162087 34d290b8-7cb2-49e7-ab74-cbe76f881ffe, 8505 
86378 a5147dd0-2db9-4a4f-95fc-822fd2884e0a, 8505 
136212 bb1a656f-4665-4a22-bab7-109142539eec, 8505 
181251 c9909d3d-9451-4116-b49a-4d72dc5189a9, 8505 
140624 4c47e628-6366-4b9a-8084-09458a69549e, 3919 
383686 393b3f12-95a7-4ac0-b872-76aa9b250c90, 3919 
144865 b2932589-bdc8-4333-878b-86fdb74bea7f, 3919 
30562 1a7cc280-8a5b-46c0-be7c-9c4341b02e62, 3919 
389211 a51ff669-cc02-446a-9830-956affb8312a, 3919 
208907 726f885a-2e56-4c36-90fc-99dc228ba188, 8505 
9840 0c48f17f-160d-40b8-94cd-7215f6b1a049, 3919 
145630 efaf6740-d78a-4ce0-9264-96ebad87b173, 8505 
227868 14e34fb6-a54b-44e4-b30b-8bcb174b8da5, 3919 
380154 6a80207a-d2d4-4de5-97ab-787500481dbf, 3919 
179284 31349869-d762-4a46-8700-c2de25a5b800, 8505 
118684 4c70f45d-768e-4349-b2ab-b93224a97cbc, 3919 
362938 d4ced214-c6da-481b-8c0f-aa28e9f7e451, 3919 
55196 705b47dc-ad40-4e62-af6d-51b491245bb5, 3919 
262190 4792805c-30f4-4c95-bb05-ae9ee9d2cc3b, 3919 
159974 8173b99a-b291-4092-b795-1dbb1530ae0f, 3919 
320428 7c8a34c3-a009-4cae-88ec-de6736bdaec0, 3919 
109140 4fd6bb75-41f4-4ea9-aecb-982b78f63c1b, 8505 
131979 3e710e8e-16cf-499d-8005-a2b4cdba8f0d, 8505 
263274 7f2e8aca-564c-41c2-9103-e94fdb3c7427, 3919 
47265 71f98914-f0b3-4746-8bf5-04ef8f21c276, 8505 
383713 37b21876-b1b6-4413-93d5-1c46ac113b08, 8505 
154717 444c08a4-4a3c-4662-8f1f-1db10ca3228b, 8505 
252393 e7ff51df-230a-468a-9a9d-5ef5b6765de3, 3919 
124890 bb38c634-97d5-45aa-9130-863237204909, 8505 
51151 d057b654-2578-4f1c-98e3-83c39322d1da, 8505 
344526 b2245c53-3b11-4ec0-aa13-5ec2825c6d86, 3919 
363378 7a59d821-1acf-45b9-a0e9-e2c13f8d212a, 3919 
44268 7965347e-7ff6-4e2a-a728-8192d85ddd70, 3919 
52896 bc58b2b6-902b-43d1-8891-e6f35254b404, 3919 
397062 60da648f-4b9e-44e1-85d2-343c11a6fbc1, 8505 
60817 2b66e995-74a8-49c4-9f6e-7133e4abb0fa, 8505 
301327 ec62d4ee-3cbf-4daa-81dd-682bb96a2b54, 8505 
52009 a4ce3250-a785-4cb0-838e-b6168532aaae, 3919 
364065 28ce2a59-8e58-4fe5-a245-0a4acb354242, 8505 
255719 ea07800d-a923-4c76-a385-9a4275741bf6, 3919 
173785 3922874e-e513-4813-aa35-7f77a662e9fe, 3919 
256131 9665f0d8-e75e-496b-8c4e-f4cd04048996, 8505 
375200 d6d4f265-17c5-4dea-9b61-2453c9ca9ac2, 3919 
16480 6df68503-82ee-449d-8aa8-0bb2c1e216a0, 8505 
225021 fcc2bff0-7b32-42e4-b4b5-0be56f7114a2, 8505 
171775 13374b5d-bd67-41ff-bd9d-f4ee711324ed, 3919 
163304 96d27dcb-6941-4c1a-9063-3a3afef5961d, 8505 
5925 ae6c1de5-486c-465a-9eec-3e7b48ebcf3f, 8505 
266487 9d97bab5-abec-4c51-ab9b-4cf9ea5eea5b, 8505 
233472 ac8dbc4a-11ea-437e-98ee-919657172221, 3919 
395994 9c67de27-2b39-4c66-9993-595293abaf4d, 3919 
319936 53fe5722-46ae-4545-beab-753f4f8779ad, 8505 
291187 a708f025-81e4-4b23-99e2-c70ceb82cec5, 3919 
231659 4d6f7d43-5085-4dd2-91bf-da55404429b3, 3919 
20605 f31e745e-468e-4113-8748-18dd5aa11f4a, 3919 
358598 8a3487a8-d2f8-4253-b8a0-2af4205db2c6, 3919 
266276 96a2c040-e76a-4de2-9b16-672d87a82d0c, 3919 
214913 bb1f1692-5555-4728-a43e-4b19bbce901d, 3919 
29334 37bca4e9-b38e-44e9-803c-5de026ddc3cf, 3919 
41277 d7aa2164-5b69-4890-bf53-59d7322d2909, 8505 
271822 5f61bfee-0401-4656-914e-39be7e6ef247, 3919 
328847 ee6a44b6-4fb0-47c7-99a7-8a579592742a, 3919 
375603 4b65ae69-fa6a-4897-8b6b-d74c6415a462, 3919 
325634 52fbdf96-d6ad-430e-8661-2888797ec83f, 3919 
72656 5c7083c4-3fce-4412-be3f-a0aeb0ce96ef, 8505 
114849 5ea6e36e-1ba1-41db-aac5-f8b83b42744a, 8505 
75179 9551c4d8-1550-4514-aa82-e7c663302663, 3919 
238516 49ceac01-0ba8-4451-8db3-4c07efbfb2a1, 3919 
279514 64ab0abb-ddfb-4941-8255-88c41f74632d, 8505 
225035 ae77ea08-8b5d-4e08-8591-824c5e5a4357, 8505 
168319 47a547e8-08bb-4059-984b-3d98b4f8ec2c, 3919 
95472 e2b9f7e9-9715-41ce-b874-3fa6a5e8f00f, 3919 
283652 5baf7ec2-c257-4e8b-bade-b3323c7c83c1, 8505 
135940 81ee0abb-2b87-44e6-8074-61c33a2ce8f4, 3919 
302223 20f89a59-9c72-4f57-9d90-5b1925a61bad, 3919 
296652 c1b9debf-7968-4602-b2aa-81469f59889c, 8505 
402265 5654dc2b-d599-4201-b5e3-43499a9bad5e, 3919 
136744 f20dd0bb-23b6-4c6c-b9f8-ccb0f792603c, 8505 
12436 4efc3b16-4398-40bc-ab74-ee581b158a70, 3919 
338730 720ed5c1-c7b5-49dd-8c3a-f5770bd341e4, 3919 
129200 d7605977-d291-4ad0-8dc9-a4821581015f, 8505 
64006 2ba894f6-ca98-46de-a718-dbd938be95b5, 8505 
186507 27ae4d9f-eeed-4665-9e2e-815a7a516a89, 8505 
119944 4864b22f-b244-425e-b439-ea147ebd34d2, 8505 
314785 c3566758-b22a-4aeb-81f3-7319a506bcd8, 8505 
334892 6fa01477-f4c5-4218-a573-68ce32d4c19a, 3919 
35740 b135658d-2373-4ced-b920-506a4dabfe20, 8505 
224849 29ee0085-8503-4ad8-bdc5-8bb5d0517724, 3919 
311569 e922ebf8-f765-4575-98b2-05762f16c007, 3919 
210606 b31a7a80-6b99-45c1-beac-3d2c1f5651fa, 3919 
7730 87a7aceb-5808-448a-a6b5-a3e3ea0cb017, 3919 
49850 207fed9f-ba55-4845-9d18-97b90ae54829, 3919 
351832 bda5a781-6661-4cd7-8f60-119d72c6af87, 8505 
381698 aadff788-f3de-483f-8cb5-27d17ffb14e5, 3919 
144641 212fa5d6-29f0-4900-b0b2-2b416f061151, 3919 
326294 12007dcf-9275-402f-b6c1-1e5377734381, 3919 
105018 a58c316b-47f7-4e1a-aff7-c666b031276d, 3919 
292605 27d18792-e491-4a25-8190-de8ce8144671, 3919 
353688 0777e296-5d0f-48bb-a330-5b78d2f6d6fe, 3919 
396547 8d8f13fc-0f24-4f3c-adc6-bd5f1953d3ba, 3919 
212567 2a29b247-dc44-464c-86fc-ea6253b8b4ed, 8505 
39333 35296b1b-48fd-430d-9942-fc84ff37d1c5, 3919 
373875 96989d72-8b14-4a1a-912d-3a3ebb5465d0, 8505 
248295 9b4f8cc7-90b3-44d7-a8ea-3b373e723df6, 3919 
398421 c28fd430-fb1e-4b57-8b1e-0c19730a38cc, 3919 
133030 fb8b0c1a-80c9-45c7-a4ac-a399642c8498, 8505 
311138 d0340efa-e7e0-4625-8be5-ba41091a6de5, 3919 
123683 5cb54776-bae1-4853-bbec-8db7b7cd87ce, 3919 
45830 ce54c50c-2338-485c-9417-b3dcedcb2fc0, 8505 
237714 93f96e29-2d4f-4719-a36f-a40b5dd8c487, 3919 
277972 ef9988cb-425b-4c84-9f9f-2c879667608a, 3919 
214560 42870167-4c9e-46f7-8979-8ae1a7b8a7a9, 8505 
157812 55e784ca-71b3-40b5-b298-117618297776, 3919 
189565 6328a154-c51f-4d7c-b883-f6b24bbda778, 8505 
258370 0a3db067-c620-4c6d-9b8f-f7df95dd5427, 3919 
321446 b4a35c78-f659-4f13-ac22-19bdee1a2f0a, 8505 
227334 5f6cecaf-bcfa-4613-8cd5-5e48fca3959e, 8505 
71588 c8cbc86a-b3a4-4206-b3af-932109367880, 3919 
201370 21317ba3-42ee-490f-823c-c601328cbf3d, 8505 
250127 5ff33976-b585-4f71-bd1a-624ce456c598, 3919 
133436 9114480d-9b6b-4e65-b27e-c2e32f45331a, 3919 
38414 5fe7bb9d-6f99-4bdd-bbfc-0ecf6b5380b0, 3919 
324271 ccb7af8c-1eaf-4563-983b-8ca6dc8e82ef, 8505 
354958 e49ebbbb-b214-4ad2-a079-c39a8f8feb30, 8505 
121060 a6446ef4-863c-439f-aafb-671fc238418f, 3919 
331410 47bf59d1-6745-4742-bebf-0ffe19e1dfc2, 3919 
341561 03e7ab70-0d06-44d1-b7b4-16efb4ce690d, 8505 
217343 42bcbf07-53e4-4551-b01a-3143bc26596b, 8505 
54115 fa1cf263-514f-41bd-93b1-ec3de0f1c0bd, 3919 
327603 26f31ad8-b3e9-4e88-9c4b-7ae2e5be3d54, 8505 
392734 60fcec36-5fd3-465d-9ca5-d61038d37a39, 3919 
19395 158a896d-0be4-42c4-9d31-7695e9c2d26f, 8505 
99377 d38a8e78-3415-4574-b958-bcd2fc7f7a71, 8505 
277402 f75fe485-38e4-4d59-b260-2ff6bcbbbaf7, 3919 
326910 8b2136a8-2ccd-4c01-8f3d-fcc03a49faf4, 3919 
219323 6f6bd71c-ed5a-45dc-ae16-b69b4b2de289, 3919 
216230 3419b198-ab40-4696-91d7-27ddc1152ca5, 8505 
344152 83aab855-95f8-4b69-876c-4c2159a8f5fc, 3919 
299519 8a09bf94-3dda-4ff9-9b8d-48d59b077887, 8505 
175233 ad142734-7306-4aad-9757-f8236228e7d9, 8505 
226536 04f06bb7-961f-48ad-bf84-640d93283932, 3919 
234895 c1c7eb7a-6363-4603-b2d1-d8f4dfa7df5b, 8505 
312525 559c6991-3c34-4fc7-bfaa-c305ddf4af08, 3919 
225929 1a5f6f1e-d336-4925-8f17-2f79bf487efa, 8505 
123451 b70a6c9e-744c-4ccd-b794-9d1458a31fbd, 8505 
220472 a9cd2e80-c2d0-4ad1-8227-807cb4eb328f, 8505 
291916 574cfe10-9538-4cf0-8418-c3cbf6e2176c, 3919 
215495 6947066a-8417-455f-bd44-7bf6e64bd757, 3919 
149501 a6302ef3-69de-4dc6-aced-58448997702c, 3919 
33388 8ce85ff0-80ff-475e-a57e-507d6ed78e19, 8505 
203130 510f4854-d51d-4d73-97f9-cc4221069be8, 3919 
241645 6dccb48f-467c-4c34-89b9-3f62ff7f2629, 8505 
70480 f71e5ffa-e791-4f34-9f7d-fb01bd9a48b8, 3919 
85668 882995ba-d354-416a-b256-892497d2e816, 3919 
207002 c44bc6aa-36ec-48b7-adb5-2ecf6d7567c6, 3919 
160893 e545f3b5-7050-4b9c-a72a-d25112cd51aa, 3919 
332892 bf59ddf6-f74e-4843-a97f-d5c5aafb83ce, 3919 
363492 0f2c95de-00ff-4d27-9c5b-cced2820e17b, 3919 
120328 cd8da296-db14-4ccd-a965-091b261a0794, 3919 
53182 9ff65487-2009-4049-9fb0-793320b4b1fd, 8505 
199675 1c8551fb-6b6b-4ae4-94be-311347046b02, 3919 
358055 adbcb1bc-b73d-4620-809d-29bcf1dd87fb, 3919 
237220 950fa7d1-b397-462c-beae-88eddbcf1611, 3919 
212990 4676bd97-4117-44f3-8c95-070e4f1475c3, 8505 
83526 94b11b09-930b-4eaa-8051-0818951f4b44, 8505 
315335 ff00f3cd-e366-4bb6-99c7-20e8e975348f, 3919 
394034 21e400dc-b5af-44a0-a05b-39f942ae8638, 3919 
60903 45da3bc9-3d4d-4238-84b4-70e00605a818, 3919 
387676 f4bd4870-7d0c-4fae-a0b3-c34402919e93, 8505 
107908 589dec76-694e-4a58-bc58-7da444d89033, 3919 
29788 27edb4cd-a423-4b7f-ade6-787a026eec6f, 3919 
240754 c252f824-cc0e-445b-9783-c75d81d2d1f8, 3919 
38038 fe3e1424-eed3-4659-9554-9b8a0bbb173a, 3919 
224344 67ebde40-12a3-4b7f-8393-80ee31ba2b7f, 3919 
3184 569a0aef-ba96-4574-b12f-2060d57f61b0, 8505 
344631 13de1a30-2fbf-4294-bbe7-cf0c64175b54, 3919 
261935 f92aaf57-8c37-44ff-99bf-5a31c10fe653, 3919 
203386 75290143-af2b-4e11-bbe3-e5d6f8ea38a2, 3919 
60883 bead190f-322b-4ad1-843a-da4225673ee7, 8505 
358919 d05a1564-6a76-4335-acca-3181b4570c69, 3919 
188729 824ca60e-d119-4baf-a5ca-b78b00a92774, 8505 
122064 880011f8-d7a2-47fd-9ce3-f1edeca5d70f, 3919 
404124 96d4bf65-877e-43da-9c21-4c15bbbe8db8, 3919 
104762 57dd54d3-d3f5-4e40-9b4b-2cbb7e47e2b4, 3919 
166881 691527c3-7c85-414b-ac30-9f0694aec282, 8505 
373829 e0cde4a2-d520-411f-bfa8-8d884c425e9a, 3919 
306333 084ed6fb-fa34-4bfd-b5ea-dcc55d1d8fab, 3919 
169810 0125e594-dbc2-44dd-ba7f-c67c6cf63974, 8505 
102116 db83cd28-ad48-4f01-a787-c84b073933e7, 3919 
12653 403de482-cf72-436c-80d1-4e441daa5ab1, 3919 
68352 460d5310-758f-4e3b-96d6-e3397ce14822, 8505 
44997 fc4a9e3b-4041-433f-8c18-96f6dfd58f7e, 3919 
280084 c1eacf3f-2704-4bd8-bd43-224ff7961f81, 3919 
180963 eaca3b2f-934c-4126-8c57-484cbb52457f, 8505 
373995 741368cb-d0d7-438a-970e-2c53a6ef0188, 3919 
286834 9127c152-a88e-4f3e-a872-8d385ac2e495, 3919 
325625 af9fbe3a-3c1c-4a41-8968-bfd6eeb2ac4c, 8505 
351588 ba90425e-e7c5-417f-8362-ddc6cd0630f1, 3919 
162898 53109957-0f09-4f9b-b4d7-b9919120c0dd, 3919 
250668 bb29b747-c7d5-456f-a922-f752746465c2, 8505 
153938 9e1ecb43-7253-4d8c-af09-ca9834767e58, 8505 
85325 acd45d02-6b81-4372-a615-cf8eed49fbbf, 3919 
284254 3261763c-3770-46b5-92c5-38f3098bb4fa, 8505 
364697 eb7aef07-d9d1-487d-aedf-0649613e334c, 3919 
207070 925079ee-9ad9-4022-85fb-2e8732e0618b, 8505 
304672 69001b1b-e0ed-4b09-9a0a-4a835f89de11, 3919 
60601 77f42ab8-baa6-48fb-98c5-c565028aa5e4, 8505 
363941 f630be7b-3ddd-4a55-b716-5669713393ac, 3919 
75676 1fe7b7a3-63f1-43b5-b3a5-595f1acae5cd, 3919 
143520 50fab339-1871-481f-8bd9-fcdaf66fc95d, 3919 
92599 6b54da13-7dc0-4b07-a7a9-4b0061b88c39, 3919 
319557 8f65fa86-83d1-4beb-b10f-b331f758192e, 3919 
362314 ff1b017c-777b-4845-8b37-ded274d5f207, 8505 
272387 2326dade-d1d9-4956-b5d7-167a3b79117e, 8505 
4852 3a899908-3423-499a-ad9b-c5a2bc4a46c7, 3919 
141437 cd8d9fce-b9e0-4074-87c9-e5e2e9c7f5d1, 8505 
159460 de64978d-693f-4913-b48b-5f7af823a5dc, 3919 
12751 a1cf84c9-afe4-47ae-ad77-9a22b579db71, 8505 
273656 a8e94518-a095-4bc8-a012-e896bc897dcc, 3919 
20332 b11dff72-dc83-4417-bfd7-552fbc0f6f58, 3919 
191413 9cdad00d-f38e-4dd7-9abd-0566a3b0a54c, 3919 
245366 72b047e6-9cc7-498a-a038-09d5b3c7762b, 3919 
293939 b98997bc-65c9-4b0d-8e24-de69cd1536ad, 3919 
290961 ddb5c338-b57a-4a30-9290-f5a7349fc4fc, 8505 
3378 7e0f9a69-66e4-4c0d-9ca6-680407a24668, 3919 
61263 40ac831e-dfee-40bd-afaa-9306163ec43d, 8505 
351056 53495311-ed3c-4d85-ac1f-ac3cb580e26f, 3919 
96906 a4b95d19-deee-4837-915d-6ff61455da40, 8505 
25795 2b274255-f9f4-4f43-b0b6-0b278d71a8e2, 8505 
48013 933f6a1d-580a-43e6-bd6d-f47dc5e53034, 3919 
350267 3d934886-a024-40b6-86e0-d74af2edbb63, 8505 
127092 048661e8-7fa6-401f-81a1-2f2363d14f44, 3919 
83998 7df0bd21-6b90-4fa1-9fb7-e62c67d0d58e, 8505 
310914 90299af2-d78d-4daf-9946-8c95e6152d65, 3919 
17925 79dc1d4b-db7a-49d4-826a-15faf4630763, 8505 
189814 962cadea-c531-4d08-b017-1cbf238d0721, 3919 
199090 77881906-1c35-4de1-9c44-b0bf5c3d9fea, 3919 
105852 e4a98441-c358-4105-8d3b-404980bf3ff9, 3919 
125004 0907881c-0438-4092-a41a-6a830b880a0b, 3919 
309232 66ab8746-db1e-4f70-a7bd-31e577239983, 3919 
134326 e0d5240b-9359-406f-b6ae-15ddc0dcb927, 3919 
359864 f2a94b64-513d-40a0-b4eb-1b7cf430242a, 3919 
110143 8e131fdd-e52a-4290-b0b6-99ffae1f588b, 3919 
32659 cad96eb4-c22f-4360-a338-5f8bbaecf97b, 3919 
134485 c9cdf2d4-23d9-4fcb-bfd1-43587faae932, 3919 
4982 00a5541e-39d7-47a6-8309-f23ddac62cbe, 8505 
190781 1c72efe4-6b32-4d89-8dc0-b33b4b81be51, 8505 
63071 ee836d53-e133-4751-bbb2-2398e621799e, 3919 
47951 0f36fb6d-b921-4254-b9d2-e44f99d642be, 3919 
311608 b5764b87-2d51-4035-b541-bbd9d0947839, 8505 
283835 b2e080c6-57af-4f67-b666-ab895b86116f, 3919 
223398 051ec763-9234-45b8-8396-f37cd86f09e6, 8505 
276727 c4752635-4e38-472d-84fc-e49ff39534ab, 8505 
357719 fb251238-8d9c-4014-a8da-7eb35e12896d, 3919 
53377 9b7d3fcb-3f33-4485-9a96-b8bc00bab413, 8505 
37330 1cb372c9-ff8e-410d-b27c-7cfe8a892ed2, 3919 
233254 b9e01dcf-8e27-4de4-928c-5de30c42214c, 8505 
234752 8e7b092f-f230-4bb9-8443-976fe4938762, 3919 
76766 8a03822d-fe3c-4aea-8462-7d5b11449fdb, 3919 
188632 36730c9c-1d54-472f-8643-6b44eb389e94, 3919 
122865 5ae23866-02fa-42e5-bad4-683c940e9637, 8505 
67632 60be2ed2-ac4a-4249-934f-01dc19acdb8b, 3919 
52693 5d332748-e5b0-4c1e-897d-fc47798ae5cd, 3919 
227406 8dcae4ed-ddcd-48d0-b1db-6f34b3b5bad3, 8505 
307382 e8990c39-0ad2-4f0a-bfe8-986d80c90dfc, 8505 
43008 1159908c-add5-4624-bca5-d6a53959ddb7, 3919 
211164 c94dea20-1fae-4af1-bac7-f3467ddda007, 3919 
108302 f25f394a-ef76-4d0d-b88b-b3636f2644ae, 8505 
142968 3d3d8c09-2f85-40f2-9b77-f448b02f74db, 3919 
301465 1211541f-785b-4df9-914d-99773f8a3273, 3919 
139843 30a9b997-1a44-4e09-a8ae-241c5d848ddc, 3919 
148284 57af8db1-2291-427c-86c0-d825198debb3, 8505 
17441 18b28b97-bcea-45a0-9bad-7a26bd390a98, 3919 
31320 7a74fbb8-1fe0-46e5-9f14-e1e2cec16db3, 8505 
130037 115c22f0-b93d-403f-98f0-e636c171b778, 3919 
327731 83353abc-3387-443b-abaf-4578f4c6b77a, 3919 
294938 a12a94b2-b264-49fe-89d2-148400ec3ee2, 3919 
179687 5ea44080-3f3e-4378-a644-8368fcc64fd7, 3919 
55359 3b463fd9-0134-4555-99d6-ab1a268a0289, 8505 
271028 e7e13394-3fec-44b1-b4ca-ce10c13783e9, 8505 
267195 8616e4b2-8fde-46d0-b7c7-9d2a1603fd0c, 3919 
26434 240bf820-b5bb-433c-b6d5-2bd7c1fe56f3, 3919 
131360 02129e2d-d92b-48e9-a452-7511af450850, 8505 
384088 20fe5f84-b8c2-4c21-a0dc-af9e746940bb, 3919 
4680 bce06769-5223-4126-84df-94b32a25efac, 8505 
53405 54c31b38-05b0-44b4-9352-77672d497899, 3919 
357622 fb3941dd-30b5-4e8d-a024-ef91acb51197, 3919 
374453 e603b97c-924e-48dc-9741-d52bbeedabb1, 8505 
121481 c4855b0b-6cbe-4b30-883c-3dc224c01a3e, 3919 
321687 dfac3416-0d4c-4e98-ba25-c04dc84089c6, 8505 
108424 84df0a7c-b4c9-4552-815f-93d9c5e6651a, 8505 
51594 703d63e0-452a-4cb1-98fe-47d8e72a54bf, 8505 
132583 9f8a8a5f-7ee6-4e8b-ac99-d010c073af66, 3919 
103664 7e524120-40b7-4b98-8535-94dec08e6e7e, 8505 
68608 990daaa8-7d7b-406c-8798-caa08c84077c, 3919 
282409 29ceff2c-573a-418e-85c2-eb8f129b33bc, 3919 
123632 55a48a48-0ae5-4bf1-bdff-ec59dfb78d4f, 8505 
194803 cabf007e-8f62-49e8-8852-70a888f5393b, 8505 
390113 0cb889e8-c719-4d0e-9473-dc34ef948698, 3919 
139155 89543181-370b-4331-af7e-2526d8ca09a0, 8505 
388917 f978f5ad-b2b6-4bbb-bcaa-516e0a64d42e, 8505 
115858 6c6ac7bf-4e3d-45f8-a089-954f00c2f1af, 8505 
267602 049f6f97-a0ea-4a15-a427-3cfdae3c9ff5, 3919 
224725 5cae4f36-7b8b-45c2-8d8e-f721524071b5, 8505 
120380 96d0e32c-e12b-48cf-a453-3037fb50e88d, 3919 
21369 0945f9dd-ef7c-457e-8a5d-393081c9c2d6, 8505 
300973 01ace9d2-3f3a-4290-9f78-fe838186ebaf, 8505 
266260 b9dae651-d074-416d-b479-46ee5a0fbb2e, 8505 
379218 a57d618d-67f3-41bd-831b-6fcc923f7dd0, 3919 
308229 caec424a-af2f-49b9-94ab-9efd04d74613, 8505 
66929 1a0d093c-900d-402f-b21a-75c7487c732c, 8505 
180352 1a18c562-3087-46a7-b371-af5b6e62c691, 8505 
390742 32a75436-aa4f-4d1b-8d4e-cd1d0e25c040, 8505 
350498 311ac8c0-3cd8-4995-8c59-acdfa193c6c0, 8505 
48591 b8d89e11-6d57-45e1-b4b2-143cc75bc733, 8505 
235394 4bf6762d-2afc-4136-a746-29966f7a7311, 3919 
261421 a2834d50-f7ef-4f21-91c4-fbd852d24b5f, 3919 
365997 ad0900fd-515e-4c43-8c84-06c69ae8b60b, 3919 
220259 52e6b5c1-9bfc-4c8d-9b32-e9595248eda3, 3919 
360882 976c3cd0-8ebf-4535-9999-bb276dd06e8c, 8505 
297926 fe86e57f-8709-475f-81a6-da0e7f2d90c1, 8505 
352221 bacd8db9-67da-4454-993a-5c8dc94b5f95, 3919 
104401 f596f53e-6b4a-4a22-8ceb-70dfafd54c6d, 3919 
206537 a03e499d-a942-4590-89cc-22cfe65576c1, 8505 
161076 acad79bf-82f0-4daa-9aa6-ab8f35c3486c, 8505 
121416 b0ab4a17-ddcc-4c13-bdfe-efb96cb1447c, 3919 
31058 563504c6-ede0-4f98-9613-8c0f9ca71bbd, 3919 
399399 4969b35b-f35b-4edb-9cba-b013a7cae58f, 3919 
37629 d5d75d9d-4cf0-4bf0-9810-677210a5cccc, 8505 
395777 4abdc29e-7e7a-4644-a5ac-50bf8b50e5cb, 3919 
263816 77c5d7b7-78f7-4459-b2be-cd7fe3788cd4, 3919 
98469 690bea3d-502c-432f-ad74-063997d6f155, 3919 
30808 7abad21b-5e82-4db9-920a-bd02bff868d6, 8505 
242072 36a220c4-5787-420e-87d1-1b13e15312b4, 3919 
20428 c09086a5-368d-4d30-a234-6135db9fc91b, 3919 
349496 1c570fff-2b2d-456b-a61c-9ef7d35f9dd7, 3919 
243818 39c19e61-4ad6-42dd-acc4-799ba7694c1d, 3919 
102865 c67d89c6-7682-4942-869e-7f292981a41f, 3919 
226098 83481691-c28e-4fe6-9cd6-71c569377c9e, 8505 
200632 e4af1087-e598-4526-9dfa-609e05a3f62e, 8505 
365180 e0fca3ec-232a-4def-918b-ffad7f810e6a, 3919 
61208 66691985-1fdf-49bd-b9c4-89256a54cb14, 3919 
44786 49652e7b-05a9-4674-9ab0-e8753a689138, 3919 
7366 29ad0414-8350-4023-b856-a4a7d896ffab, 8505 
218982 b88fd519-0e66-4956-9c76-72596b701773, 8505 
241161 bd1968e1-f631-437d-8b01-c23234fa01f9, 8505 
116098 601b1557-648b-48d4-a7e3-afa2995c9b84, 3919 
4185 5722b8de-1149-4403-8ed5-b233adf2bc03, 3919 
324841 51269eab-e184-4b2b-b706-70b5491cbbbd, 3919 
352270 443053b6-40f9-4e6a-b554-a96885ad99fd, 3919 
393205 8727e36f-3018-40c0-8a36-fdc0ea592bff, 8505 
63851 4cb260c3-3ca7-4ae1-ac38-f9099257957e, 3919 
304679 c9052d95-ea9a-4e2a-87ec-15239a7b0580, 3919 
10702 9f7d38dd-21e4-4fe6-bd02-b54ff67fcc00, 3919 
53369 63643c4d-45b3-48de-af57-7cc852f93654, 8505 
138141 f3576831-9db9-4a92-a94c-14aea5ad8f1d, 3919 
10052 d96bf849-8e13-4290-91f5-3bb7ecc03188, 3919 
47434 9166ff73-1e11-4df6-b976-0e2636e3e11a, 8505 
11589 680fcfbf-181e-41ea-a132-4ca95e841cf8, 8505 
362357 ae786997-cd04-4208-9ea9-7cb7fe262819, 8505 
219676 6ac6023d-163b-4afd-ad30-abcca306a8b3, 3919 
243285 926bdee5-f6b2-44a4-aca9-87285f1a27e0, 3919 
71617 bc1e0d5c-ffdb-45ed-8322-a9ad3f497507, 3919 
139611 85b37b82-26e1-4fea-bbaf-e1d017b79fd1, 3919 
165014 e95e3170-99fc-481a-ae96-20eb4c46fe8c, 8505 
38853 50a0b4e7-2e8f-41e6-9b65-148b0d242b35, 3919 
323782 d9958ba2-aade-46e6-85a5-cd6cf96241c0, 8505 
327951 b5eeff3a-0943-4f06-abdb-30a4b1b19e57, 3919 
400990 b4106526-a5ac-4289-a59e-20e9ca1ed2f6, 3919 
195490 2eebe098-91cf-4f8c-898b-ffa7a8cbb317, 8505 
327814 98598470-aaf8-47f5-9e2d-cb0436f67dc8, 8505 
261850 24d65055-9a60-44cf-95b4-27d968ce4ffc, 3919 
347596 8379d2ee-0a31-439d-abb2-cfb3a5a95e76, 3919 
218838 b0004ca8-ba9d-43ee-beb1-d6c0355cb325, 8505 
184700 431054a1-f8de-4274-b285-2643b838cf0a, 8505 
386902 49f283c9-6ed8-4ed6-9548-aae4e3804323, 3919 
254479 47379cf5-2288-4e39-a873-5da8de3b5555, 8505 
228563 2e6d864e-ad3e-4c1d-991f-b651d1fed3d2, 3919 
56701 b133c840-db09-4205-b5e5-d89f146df070, 8505 
288858 74188ac2-1da6-4f09-ade2-9333c8a1b530, 3919 
103701 575321ee-1024-4299-8739-5cc461343da6, 3919 
45019 c43237c0-715a-4666-bde8-622c67d719a2, 3919 
105968 9c6de598-1fbb-45ae-8035-41ebba7434df, 8505 
85217 9da7f11a-58eb-4b6a-a172-061058f7f17e, 8505 
788 807651ce-cb81-4e85-b48e-ce80aa55220d, 3919 
321357 70dd5859-0e5e-4f05-850f-7cb6e1551458, 3919 
121647 4fd3db3f-fb69-4409-b0c9-ef56f00e5d1e, 3919 
43660 2e71c327-ab4b-4980-9425-13294414f2ad, 3919 
379154 8df1d03a-c355-4a3d-86b7-a9f5ce379a04, 3919 
268029 611fad42-162f-4257-b6a3-431d48898ca2, 3919 
227807 31188b00-815f-437f-9281-88b481c80d07, 8505 
210923 6cf9194a-1ec8-4ea9-a0d4-722969e4c147, 3919 
270186 4f785361-462e-460b-af9e-06222291a4a7, 3919 
364148 9bd4ebf4-3be3-48fb-b40b-ce0f844a9997, 3919 
373203 f2a7845e-0103-4d37-a09c-7b2ba378ff75, 3919 
396844 ad6d0516-4fca-4a80-a5f0-3323eae346db, 3919 
62663 30ed64fe-e49c-4f00-a6dc-926514bf06a2, 3919 
236510 1fa39271-dd4f-4030-9b4b-16ef85d851ca, 8505 
375663 591d59d2-5cba-4f78-94bc-c498c4be4c85, 8505 
166171 7c73c0c8-854d-4145-8081-ecd5127a268d, 3919 
270696 4da7679f-603f-4443-8367-f394df3bf0d1, 3919 
134345 eb467554-c4db-419a-991b-75632e1f1b4b, 3919 
116290 405bb6da-8de6-4d4e-922a-add8d2b7891b, 3919 
76439 d7bd337d-b9a5-4cf4-bd70-c8eb2cd12457, 3919 
143526 6677d83d-ac6c-40ba-9007-47db510a1aa6, 8505 
22486 cde8a472-2258-4af4-8835-6ee681970619, 8505 
247335 2937533b-aa20-4158-92ef-9c312e630638, 8505 
98407 2206de72-7513-40f1-93ad-5a80c695ac3d, 3919 
280082 4dbcd9fa-3d07-4121-9cc6-d834d893d97b, 3919 
28707 cdf3ed4b-e576-45c6-83a7-56bf82f42520, 8505 
144152 15196c41-dfb5-49c1-b586-67d257b45e7c, 3919 
85627 46abcf78-057a-4bc9-baec-66ef5bc8bde7, 8505 
1447 8b749990-7a5e-40b8-9dd5-61ae3d59c806, 3919 
145810 7521f166-8910-4ab8-ac2f-abb9377e2234, 3919 
271363 da1ae557-cab0-44a9-bf8a-997bd0cd0589, 8505 
159214 0a439c3d-4770-422f-8a11-9e089ed937bc, 3919 
330112 a4b997ef-529c-452e-800f-f429d9f32535, 8505 
133145 1c860e32-ba87-42ee-8abe-149d8c0afbc1, 3919 
395764 8fd8d5ca-a4f5-45cd-a1c7-063f98fd4937, 3919 
228678 de9864b2-f531-4452-a60a-7196d61abda7, 3919 
285617 a5c1b9ad-57a8-459d-8e5f-106b9a29b04c, 3919 
257490 4119cd2c-69bd-45bb-8f7b-e48b08743a79, 8505 
100493 a408153e-00f2-4493-9911-f4ae7d81e44a, 8505 
65228 32a6d9da-a71c-412d-a75c-cb599bee3e68, 3919 
108003 6530eb89-a740-4930-9bfe-9721ea4cfb76, 8505 
135432 95263061-1332-4267-a06a-83c30a947c60, 3919 
12208 6f972cab-802f-49d2-a50d-6b89a2595ed7, 8505 
346897 8a19499d-e598-4da9-b6c5-04b8cf0ff3bd, 3919 
317738 cc4aa0ed-1245-4835-b0bb-4bedf6cc8783, 3919 
56243 03bb0bf8-0fe5-4277-88b9-f433c896861a, 3919 
206326 3282bab0-30d4-40f8-89b0-55ab20f015ee, 3919 
352959 64a11704-c8cc-40a1-a9a3-8e04e190368f, 3919 
63416 283a8adf-c948-413e-92de-bea0c6b9cbe2, 8505 
71906 52a2d4e7-2156-4a38-854d-c832ec736326, 8505 
5162 318d277c-d6d0-43da-b157-f5d47b0e896d, 3919 
391918 1d9679e0-dbcc-4cba-b426-f6e5d88200d3, 3919 
262961 99fb48ef-12ba-48f3-9926-4126d52c64c0, 8505 
198072 924bb990-5176-41e8-8d6c-9b92e251e6d3, 3919 
325383 52ddfd28-1725-41db-abbb-91e40bf11894, 3919 
388095 fedddb26-c2aa-41dc-aac0-2f51abb42d12, 3919 
178291 105b73d2-beb8-41bc-8c61-d95ac75cc997, 8505 
85006 bf906a9c-3157-480b-815c-b036e2eaab34, 8505 
22421 b3c865ff-cd98-4c98-acf4-390f015ef499, 8505 
37276 64e2485c-d44f-412f-8b63-eefdfb9128e7, 3919 
301232 5c16e57a-3079-4e2f-bcd7-20b601368f1f, 3919 
201703 97e7aae2-04f1-468f-9f38-084ff7593330, 8505 
89369 c13cc283-f8fd-4284-9ea7-de20d6e58f25, 3919 
171119 9fd95bf0-b517-4a0f-af53-3f4679132131, 8505 
307906 725eecdb-e1d1-49aa-bdb4-c2d2b5d3ea72, 3919 
327483 f41730be-1e6a-4f09-8ac9-24cbd27b8631, 8505 
309721 c504d2cc-d428-4996-84f8-5ce4ae0504e5, 8505 
35246 453f464f-fe11-4915-adb5-55c42705cd85, 3919 
827 c20696ca-16a5-441e-8eb1-3e4445a9c2df, 8505 
15077 8ec616e5-3eaf-45af-9147-50709a628d38, 8505 
22401 746f0099-a2ee-4608-8c3a-18523068d050, 8505 
351704 36ca6f60-6557-48b7-9b20-dd801c1f44fa, 8505 
352128 edf09c01-ac34-4d39-b5df-dadab564a589, 8505 
48703 8477ebcd-48b1-4ca4-ab93-d72ef6db412e, 3919 
309488 54c4dfd9-d174-4ba4-a523-54491d04ab87, 8505 
391040 3b05bb90-ba7e-463b-8c39-0195efe31603, 3919 
14544 6396913f-c31b-4f19-84bd-7b9f2da04ad5, 3919 
64218 9fd23e58-093b-4da8-8e53-2b9cd8fd1a47, 3919 
77437 9182558d-5eb2-4fb5-ad1b-35fe1c2e3c7d, 3919 
90723 98dfc3f8-ec94-41a3-851f-805053131662, 8505 
12604 46f73a4c-c882-4c30-98af-ea9e017475fb, 3919 
241242 fa05fd04-b689-420e-bf2c-99270d39890f, 8505 
229939 68776e8d-faf5-4c04-82f6-1f1460192c74, 3919 
40690 66475c44-11bd-4d43-b89d-d42088c5cda0, 8505 
68788 ac45bc51-6715-4453-bce9-30cacf13bd16, 8505 
306539 0db8d740-8c25-4d1e-8205-b2c7f78eab51, 3919 
155437 be6a6903-b76e-49c9-a9cb-08bf2b89c95c, 3919 
254125 245d886c-fa98-4992-9ac9-4666c174989f, 3919 
232779 12c67099-3884-4053-a541-bdb3b003a0b7, 3919 
190274 5a3a101f-6298-4a1c-8716-452c5a35c02f, 3919 
303517 3674c7e9-61b8-48a8-98e3-39f612263526, 3919 
315248 703c5e83-75ba-4b25-9d97-ed1fca231da4, 3919 
153521 dc40c010-3422-4e3e-b68c-2d4aa0cd4519, 3919 
185150 5bf0afe6-e488-45cf-8d53-362c88a1d845, 3919 
144064 c2b24d57-4781-4476-80f8-0c2348483973, 3919 
352641 13c293b9-c1be-4ef5-80a4-e7713b803bfe, 3919 
20564 bc057e35-0756-469f-87cc-d115a508c706, 3919 
83451 494cdf9d-30c9-4b19-bca0-3bb2c544dcff, 3919 
69462 a3661aed-502a-415c-87d7-e156da10985b, 8505 
235986 ff244451-a8ab-4ef5-ba8b-7b833293451e, 8505 
145177 0cb32316-584d-4371-b7bb-180eade8ba38, 3919 
176179 4b8bd980-fe7a-4a5f-96db-5907786c4a8d, 8505 
195366 a41d19ba-c898-4f12-a4a3-8719f7d29fee, 3919 
386470 d7b5cdcf-0a08-4d2a-950a-7ac513028dd5, 8505 
308724 97a7a6cd-a0ee-43b4-b0d0-60efa1811fe0, 8505 
319634 5adf8cb0-b8eb-4d51-9d43-5e6a4ebf1a70, 3919 
206555 0c5ec284-84b2-4480-b538-11f02e2b3309, 8505 
370447 1ed23a72-0eb3-4ced-96ca-2126b261cc50, 3919 
125340 593e1a63-2dd5-4c97-89fe-397c940327c2, 3919 
244742 e8cde0d7-8f2f-463a-8339-207ec124aaac, 3919 
340816 aabee237-5e5f-4f4e-8f7d-196197b2c844, 8505 
216966 f17b6232-c9d6-4ce2-83b2-abe1caab0b67, 3919 
332514 bc7ebd5d-bb88-4caa-aa45-ed4262028c16, 8505 
157860 383eb2cb-42bb-4b37-a90b-9d276c24396a, 8505 
176482 e1b3d263-a1b5-4f03-b026-3ea45728810f, 8505 
86049 9e937d18-3f68-4578-904b-37135e943253, 3919 
187221 6ed1c4ce-19e3-44e0-b358-31c342679b33, 3919 
234271 acd165fc-b91a-43ad-9e0e-db086ae507f3, 8505 
380360 c4bfa7e6-e592-4887-9fd6-abc1ce5c2928, 8505 
73711 cda35026-fac7-4873-8e73-4f3af91ea699, 8505 
110062 9b0790cc-83f7-488e-92fd-9fe6d880e73b, 8505 
208398 1b56b3d8-12bf-4470-abb5-5b5f8df707c7, 3919 
236243 1e7bc390-54e5-4315-ad40-2c5b457dd23e, 8505 
386532 9aa2ac2f-de59-4ceb-8194-8abd2137268f, 8505 
328653 5bb1ce5a-7b4a-4df7-9ced-3d224289840a, 3919 
345539 377b8381-d7fb-4c0e-888a-12c5c2ba44de, 3919 
123410 30ad49fe-a678-4507-abcb-842cc70ab13d, 3919 
359567 ee938200-3d95-473c-a3c1-b25c2c64b835, 3919 
262620 5c5a4e3b-f2bb-4e48-abb8-a6daa4a0e897, 8505 
232390 f4982fc2-c0ac-4c5e-a527-a7d68d069d94, 8505 
197759 6a73dcf1-8903-4995-abc5-f6e335dc5452, 8505 
317818 c587a2e6-e001-44ff-b256-c53da2a85ab8, 3919 
87695 2ebaba91-ea59-4df5-a163-5facdd42f5ee, 8505 
100802 bb765020-5b93-4d34-b367-ac270d4e49aa, 3919 
41380 f71bbcdb-c20f-4087-930d-c54b7cc48537, 3919 
154085 3d9a551f-46fa-46e9-bf35-de4a6e57e66d, 3919 
370906 366be22e-6e08-452a-ae5f-49330a42c8cf, 3919 
81894 95e0af5b-797e-4f6b-b6da-779dd9ba6f55, 8505 
202167 941a0284-1f69-48af-ae24-8f7a54020af9, 8505 
180104 50065fdb-df39-47fd-a994-36eef9c795a8, 3919 
183538 86448a79-1484-42f1-a91b-691386ce8a21, 3919 
379040 b7d335b3-f315-4ed5-b0d0-494f3f48478f, 3919 
342387 816a08f3-0899-4f4d-8891-f287355c3098, 3919 
364522 d5fc80cc-ffb9-4ca3-8c02-8635d20e622d, 8505 
163007 d5897461-e4d3-4f60-a516-6812313890cb, 8505 
387584 05b672e0-576e-4d2b-919f-31dbca8265e8, 3919 
71074 57b98600-6a0f-486d-b104-511f488e4148, 3919 
383769 2d30d6dd-b4df-46f7-97d4-9d0f155c9c22, 8505 
229874 e1cbdbbc-443a-451a-9cdb-1d56f8d917da, 3919 
340904 4706abf4-a4f6-422c-8ed9-8daa18a28bd6, 3919 
92111 a8aa2d22-04ea-4383-8914-95ac72192d7a, 8505 
399563 aad65a41-044e-4252-993f-9d5d8bb46abd, 3919 
115926 c5e82e98-4d7f-41e4-818e-c6538a80ad8a, 8505 
362029 3ee60a0d-2723-40d4-934b-f507c97bb901, 8505 
287946 60b087d7-144e-4b80-b899-437623e28a8f, 3919 
42780 321c68f9-6781-4c03-84c7-02632c87e782, 8505 
18456 e8577643-546f-42b5-bcc4-9235b45dff46, 3919 
149153 797ab18b-5478-4e23-8613-6276e02cfec6, 3919 
129638 3c78580a-1451-4a49-a56a-0a6a28d5c79e, 3919 
236689 924249cb-3f79-4efc-808d-24e7a2654972, 3919 
101678 361b6cf6-5287-4f91-88bc-6c8d8277d9c3, 8505 
188979 65e83e53-7ccc-45ce-aedf-26f543bd0e7a, 3919 
400934 2d1ef9c1-19fb-4025-8a03-0e6c342bb139, 8505 
331135 d10d92bf-eaa9-4d60-a020-eda9ceb74181, 3919 
140431 81178d8f-f03e-4a67-a84b-41a0440d8558, 3919 
132177 62bda831-d80f-496c-a3f9-7e1ecd0341a4, 3919 
32012 70c03d56-35e2-411a-b561-dc176eb60557, 3919 
153029 c13207c9-eca0-4362-9b36-f087b04caf0d, 8505 
114861 a2f42656-afc5-42d1-8601-81de06609d43, 8505 
340004 46f2cb8c-6611-4020-a6f3-19650b23bc5f, 3919 
136591 343ec599-a657-4d92-be23-bc6bd980b079, 3919 
306927 ceb28d05-9997-4468-917d-43ed2c4eb042, 3919 
97760 ca70365d-237e-49f4-ae08-d4ab6c02adf8, 3919 
222394 7bf5a53d-d513-4b8b-a7fd-a16ca9d32d27, 3919 
108028 243b4e9b-5162-48ad-be37-cfdfc57f7578, 3919 
354068 75095397-bda6-4f93-89b6-86e8d181a2ee, 3919 
332059 2ea07ed7-e868-4f8a-a613-67d344b117dc, 3919 
303622 953a7ce2-5201-47b5-ade9-dd6a5983fc2e, 3919 
256127 3cb10d51-f4fb-44dd-a7d2-409f5ed04069, 3919 
197515 ef6e232a-3229-4b50-8ba2-1f9036e6db8a, 3919 
69196 1d9325ec-f715-4538-a456-ee28b3ae512f, 8505 
396881 2eb66ad5-3337-4cb6-9c96-57cf624b0dd0, 8505 
229710 2d221f9a-f91a-4329-a8ba-0a56e9d3de84, 3919 
14296 45179e75-bab7-4258-9e94-cd54c1ee9e14, 3919 
126931 d78bada2-9935-4199-a3ef-031f06c8ae96, 8505 
344704 142fbfff-277e-4c7f-89e0-6fbc88ff3412, 3919 
45502 3f7c0dbe-80c0-409c-a8af-886437f67343, 3919 
293760 34eeace0-5553-4cd3-8b52-629f52ca33b4, 3919 
351941 6e6cef94-c521-4674-8ae5-7808a31969a5, 8505 
329806 3d58fb6d-bb0e-437d-be27-734d95b9acdc, 3919 
155262 c0a82715-3dda-45e6-aeae-f3b4f2803de5, 8505 
239615 cb9737f7-61ba-45f1-a308-5b7b21a0c1fb, 3919 
224199 37b61330-8663-4dcf-9892-04b90fe365c0, 3919 
95473 be46ad7e-2f9f-46d7-8f38-d7f9ee9bc7ec, 3919 
56270 b72345eb-63ab-4434-9a1b-f767bf1848af, 8505 
267512 43dea508-9c85-4893-805a-4ab3a0b1a6d1, 3919 
138132 94014e7d-02e1-40ac-aef1-cc83003d60c4, 3919 
88532 47e45588-5e2f-46c6-bbda-16a6f7674a33, 8505 
370342 651edda7-253a-47e2-985a-2a8f1eee7592, 8505 
8372 0e90fdba-65af-4f5c-86a3-0acbc280b0bc, 8505 
373159 d15792f5-4102-4ea7-8aec-674538a4f398, 3919 
317489 53eff3e4-9b1d-4202-9207-c873e29d0a91, 8505 
22873 65c3b089-4e76-426d-a796-f6bf37e45072, 3919 
319542 33103d67-da77-4518-a875-0b2f8614c516, 8505 
31223 ef22e5e1-ebde-4342-990c-5be05f2c062b, 3919 
347024 305e27dd-8d36-4c95-8cfc-03c5cccaf5c0, 8505 
123872 e7d9d0c7-b047-48d2-9c6f-a86229077aeb, 8505 
359927 56a9c6e6-b5db-4b7c-a03c-abd6a230baab, 3919 
233229 e32570d4-8760-4bed-b5b6-7e015e6a2c6c, 3919 
353180 d72e13ea-9f36-4afd-be91-23125c7e5bea, 8505 
173666 0f62a362-2df0-4b67-a374-a26ac98c72da, 8505 
102817 a2a102af-5f63-447b-8515-9d358ab77490, 8505 
17692 70274a4a-500d-4cea-b75e-d92cd130b331, 3919 
378865 eb85b17d-cb27-4033-b33f-fc7484373224, 3919 
306735 2ce8852c-b32f-42c3-bfdf-379d9b963891, 3919 
166679 ff566bba-c8af-4e3b-80f2-d8ed0522aa9a, 3919 
333277 bb8644e8-2b92-44fe-8b35-c9ab976d1774, 3919 
96011 ed4e26f1-c6b7-4ee1-822f-7926ea39fc51, 8505 
56347 31223e6f-37b6-417b-a818-901fa74c501d, 3919 
162050 3df47814-3057-4423-bddd-dac4b9814c0b, 8505 
193850 fa98f0ba-4ddf-4a3e-844a-4e0adad7d26f, 3919 
61859 1d420ad7-10de-4d7b-bb9b-1bd942c12af6, 8505 
104239 407b8423-f197-466b-8894-dc38082ff3ee, 3919 
117359 4f49e79b-58e4-47d3-8fd6-10522d6a13e5, 3919 
70060 fdbe0a2f-9534-42c4-af18-4070669f73a1, 8505 
301995 e7c1703d-a813-4999-8599-d72783404ccb, 3919 
67451 f50f299b-2ce7-4249-8aff-978b59c33284, 3919 
338568 382eb01f-babe-48f4-bb81-a38d9223645c, 3919 
141883 d5295462-619b-4a5b-9966-adf8fccfa07e, 8505 
194598 6015ef73-9730-4d56-95b4-645f68751aec, 8505 
349176 62119eae-e3c8-4d1a-b6f6-955ee231b032, 3919 
323664 32fac89e-4776-4ce6-a8ac-ad3eb87f3b8c, 3919 
67634 7154b339-ea78-42f4-a759-b4f0141ca31b, 3919 
308720 e9474bc1-70bf-4995-ac8d-aee20751c4f7, 3919 
250458 1c6aab16-5603-45b7-a15f-7167c2c3a2d3, 8505 
275869 ee6af31b-ac08-4431-9096-650ffc382632, 8505 
353220 0ec8c7a6-f80b-4429-885b-5ef214773206, 8505 
194956 bbe2ca1f-ba47-4a59-aabd-4dd53d392f5c, 3919 
260488 de7d8a93-8037-4c8a-b2d7-17a43a8096a2, 3919 
79908 881d5c07-6e89-495d-8116-e108ef439d9a, 3919 
142729 bf832cb2-20a2-4751-b226-f71b03ba6478, 3919 
68517 7cc08c88-a362-4be9-a453-a050558b6091, 3919 
387047 3986368b-5b14-40d8-be4f-261df010ea96, 3919 
19722 619a51a2-5d3f-48ec-bf7e-a6d33b6da337, 3919 
400670 759e3c6b-c61f-4d00-b7bf-5b85ca16f575, 3919 
321457 7143408d-8b24-41e2-b51d-f51968d9c7a5, 3919 
76915 566b99e4-d684-4b75-8580-74ef7542722d, 3919 
72521 d2e69b51-94c4-4371-8d43-b43f4e878232, 3919 
385662 a8519d4c-2cba-4791-98ba-ef16ae3c4006, 3919 
42102 a5389aa2-d38a-4609-9134-b2704d528e69, 3919 
92849 8c85cf78-88bb-4f75-9a9e-d72c28eee4f0, 3919 
51150 7736ba88-6ee8-4d1f-bd4e-efa61e6626a5, 3919 
367772 0c326e44-7250-495b-9156-f26406fcdf5c, 3919 
36460 301bbf7e-33d8-42ea-870c-e99ddcc779d9, 3919 
208824 adc8dc7e-d8e3-4676-bc95-faea25f6d79e, 8505 
281828 b32610a1-6166-46ab-b932-b620834eb711, 3919 
160425 4f2bc3da-f7b4-490c-80df-2088c6cb2592, 8505 
7701 d3939f8f-ca5a-4d2e-8f54-f798941ea200, 3919 
70107 480741d3-1ed8-4ffc-97aa-16d419bd11ca, 3919 
208446 ffac46f8-3ff5-44f0-9203-746962caea33, 3919 
216561 403af5b4-26c8-4d0a-a691-1015f93eb45f, 8505 
377118 8b91538f-43bc-4c83-ad92-2c14e14a366e, 3919 
297245 0144de7e-c79b-4e35-9dc1-9104ee936bc8, 3919 
74484 897edecd-f041-49cc-a71b-f1405782063d, 3919 
207118 f68eb7e2-6ee5-44b5-b8b4-823b395a4b53, 3919 
298955 820f8c7e-91a8-418d-8e0a-fd0159532fa6, 8505 
244062 a1af797c-0947-4a32-bbc0-9ab169e0d71b, 3919 
164885 baa05e8f-f606-4b4d-9764-5ab4fe2b78e4, 8505 
178149 a31bfbf3-52d3-4d05-97f1-88207bc72aff, 8505 
323178 e98eed7e-7e9f-4c6e-9d46-b145e11c95a8, 8505 
115991 96d87ba6-5649-4bd4-b598-ae7fc68004fd, 3919 
53728 7fbd236b-a3db-4096-ac0b-05d80cb74644, 8505 
150852 c3ff9f1f-a11d-487f-9619-fdda5189cc85, 8505 
7855 cd25d61b-1de5-42a5-a1b5-02b33a498e1d, 8505 
313199 b9a9dd8c-dc7d-47b5-810d-b8085d3912dc, 3919 
322755 5b82c645-793f-4f5f-9d84-60f0b42e2710, 8505 
226184 9ec3c793-2d19-466a-a5ce-2c66f35614b8, 3919 
355914 831bf0bf-bcf3-4277-a80c-9978d8cb72cc, 8505 
20523 54e10d77-df7a-4480-ae2f-407ce66fe8a4, 8505 
29327 1c92441e-c841-4266-8012-efb16c2814ac, 3919 
164711 89a0f1fa-9d7d-4404-aa30-5f8178119656, 3919 
402431 9acd565c-0f6c-4a23-8861-d5983a8f9103, 3919 
34053 3f427120-03ed-44e0-8dc2-9c1c2ddc2b85, 3919 
54400 7526ec42-3e74-4c1c-b603-8248a93471f0, 8505 
235273 02f0e8a8-0879-404b-baee-fbfa36b0183d, 3919 
384594 e34d1a54-0e8f-4a40-9e15-7e87ab58fe6f, 3919 
29172 fcaa5b9e-6e2f-4e18-ae5b-e6943954c97f, 8505 
226757 ee1af4d5-1b8a-48fc-b684-6ccc29361e01, 8505 
315321 7ca4585e-a968-4b40-94ee-59dff7fc54ca, 3919 
218196 51738161-7a5b-418e-befd-138b4a97ae8e, 3919 
277187 af449de7-62e4-4bc0-8aa9-ca4188254efd, 3919 
110260 eee73298-be5d-470d-8678-1f8770322775, 8505 
182383 03734919-93dc-4fe8-b6e1-d65d8bd6c908, 8505 
113778 7516b1d5-8e5c-4abf-9ded-46832820a72a, 8505 
311833 8f087ce6-a3b3-4b47-9131-9851590db2dd, 3919 
254105 2dc26fdb-873f-4e28-b994-c59c38941cdf, 3919 
287653 7e67da18-bd5c-429d-9ac8-a161be63b96d, 3919 
257326 8b2bbca7-f455-4b82-a5fb-65a7d02b1046, 8505 
40514 bda91b39-84ca-44d6-b6b9-621ab2fcb143, 3919 
207770 a31a64b6-0da1-42df-89ad-c05dceb7338f, 3919 
54293 f6285f9f-78ff-42bd-bb22-21360b15e105, 3919 
91520 07049dad-eb0f-4ab2-8e60-8f85be388482, 3919 
22211 ce900eb0-b00a-47a7-b1db-553aa8ef74e1, 3919 
366484 e099c029-d819-42fc-9b9e-c52dc851ccee, 8505 
17103 6f8ce37e-0c83-4c7e-b7df-3986202a3ef8, 3919 
162178 813b5167-2bfc-4f00-bcf0-a0e71321bb56, 8505 
241940 58ab6e44-943e-4523-a1e6-a27cb77fcf04, 3919 
27314 dd88d2c0-4b96-4e28-8aae-f4bb21848ddd, 3919 
300157 41fb1833-a4fd-465d-bcf5-8110f1c505ef, 3919 
232175 a8aa5ea8-5994-4a6c-9453-ea1b2c229425, 3919 
145993 feaade73-0c92-4359-b7f8-0759ce9fe06f, 3919 
166678 aa8cd835-3eb8-47d7-84d1-75cf5614b359, 3919 
343841 74ff50f0-4154-4c58-be83-40a1de4f8d2d, 3919 
39476 3eaf9712-6ac0-4629-832b-131283ac230b, 3919 
54722 9b8e85cc-fcd5-475d-880c-64eeb69b476f, 3919 
150638 b3ce0e55-8ce5-46c1-a473-918df66e0641, 3919 
230728 531c5a22-a0b6-40c9-8864-80b4af8c3641, 3919 
356385 01b1e153-5885-4edf-a636-a2b1b57bbabf, 8505 
193595 1b728380-902a-4774-9a9f-8367d525edd5, 8505 
165206 f9203a1f-5c31-48ae-91f6-38fbab87c569, 3919 
93265 bf5da4d9-436b-4f6f-bd42-70cffb1281a2, 3919 
198094 c8ce338a-5e7a-4918-9ee6-5dcad9558dd1, 3919 
33610 2f505e38-f371-4970-8c68-10a45074bb69, 3919 
106967 070bc8d0-531f-4ba3-b523-3324a2ac91d1, 8505 
185137 0bae7432-986b-425b-bc52-ed070fd860dc, 3919 
57861 0f5cc6f4-d430-4a1d-b2b2-2c18d2cc4097, 3919 
378256 b2213157-7bdd-4623-b123-0bcee9f22f20, 3919 
318993 54644aad-3162-42c0-a3fe-6e75e22792a5, 3919 
99486 b4737257-7a13-4ec2-ac15-75739860b07e, 3919 
220065 8f1c4092-7753-4aac-a0b5-ad9cc8e49c20, 8505 
197942 4440a59b-fd7e-40a3-80c8-50813a99fc15, 8505 
247674 7868c499-71ce-495c-bb86-88090874f703, 3919 
40126 0bc7d9fe-a0f6-48d3-9bc1-030f7eb34db5, 8505 
262362 6292d883-e930-462f-9533-c627366ec70c, 8505 
251674 1b655be3-9926-46aa-8278-debcb414de14, 8505 
135186 d67abc5d-67e9-4046-8e70-1815eed40678, 8505 
253192 4801717a-3d33-4557-a0af-02d9b85f90c4, 3919 
120831 5e81f82f-771e-4bf3-8e09-efb0d0ddfb0f, 8505 
132454 b9bdb53c-f016-49fa-9b9b-7a6b8d0c1a22, 8505 
26440 f3f8d02d-bf6b-4eb0-abaf-6ecd8eb1c706, 3919 
223797 c0302bf3-488a-4045-84c3-7c21d34961eb, 3919 
343690 8ac5871b-b544-4e7d-b572-535ca2f18616, 3919 
374552 d443e7f2-2d7d-4de1-b0d7-de9ff752b4a5, 8505 
293468 b694867c-8951-4bf0-9000-2724851c624e, 8505 
144737 dfdac568-3289-4252-8600-c3f407df0a7a, 3919 
243174 f1f2f9b9-4d74-43c8-ac3a-bbd7e479db52, 8505 
34731 7335cded-2e56-46ff-80e4-2268239df510, 3919 
313420 f4188550-69f9-4e02-9dc5-c84d24e667ed, 8505 
1052 5bbf1d59-e8bb-411c-b7d1-aaa943ed7bda, 3919 
370150 979c4e98-4df8-4ea3-8768-dac337eb7e06, 3919 
253803 a2abbb68-108f-4bbd-8a55-cce938ce1fff, 3919 
367911 ae68fb66-33a4-4ebe-8063-5be0827c6604, 8505 
29930 de40b630-ca07-4db0-acb4-803ef4e64050, 3919 
285265 dfd60f36-40e0-4ed9-8505-5388631d6739, 8505 
183 1f6ff659-9fbe-49ec-9a45-0ee2bd97e2f4, 3919 
237005 32938a8d-2af3-47d1-b0c5-fe3052dae213, 3919 
98581 d7aa4c1f-7ccd-4013-938a-277cd313b0f7, 8505 
50022 9cbb257b-b4d3-448f-8bb0-ea97f1f7b82d, 8505 
172683 cd33b0f3-3ab8-4c98-9039-c29bb91b3f6c, 3919 
68540 6ae6949d-485e-411c-9158-957011985cfe, 3919 
1881 ef736708-308a-479a-a1a9-6db907639e1a, 3919 
105570 6715736b-4f83-4e82-8b32-d9e3e78e8741, 8505 
130198 a4b85f4a-9830-4350-9796-2bc5db2eb842, 3919 
399169 6db35376-f956-45bb-9082-c1c6471fc7b2, 3919 
234300 15de97f5-be14-4e33-a9cf-8811b1e464cf, 8505 
203297 506f7608-24b7-41ac-97e7-b51697bb4d1c, 3919 
317279 aec2c6bf-ef26-455b-a2be-e5d5dfe3bba5, 3919 
293142 ae79b719-2ce7-4ea2-b1ec-98f26cbaf404, 3919 
206988 eee37def-2afc-4b2b-bb0d-efd44c0b93f5, 3919 
303479 9abead6a-a655-42ab-8fa5-e9815ec5bdbe, 3919 
388657 6cc5c9f3-ce4b-4c0b-bba1-980c65f36f33, 8505 
211862 272ab34b-d6ad-42c2-b3e0-06d965c6192a, 8505 
152518 c40c6e05-5de4-499e-bac9-ab541f44c7ba, 8505 
178137 fc311530-7a5c-4b5d-888a-78f7113054b7, 8505 
278813 84beb593-2c1a-4004-a7af-96214a9d1bff, 8505 
381638 eb574aa1-8c61-4a61-bac8-e42ef2f27f39, 8505 
138045 9aa17cc4-a907-4220-bd59-389fcb38562b, 3919 
182121 0e15ed73-54e8-49e9-a008-a288928a3dae, 8505 
286145 83e2ced1-e63f-4fc7-b1f0-37ae75a8643c, 3919 
279405 e6b6cde2-56d7-4518-99e2-4fb7b5d15fe5, 8505 
37992 14bdf930-94fc-4f13-b7b9-253101ce19b8, 3919 
270918 506b999d-5566-4ab6-88bb-e7bc3a8038e8, 3919 
198324 95225fc3-303b-451c-845a-ea9eb02fbb6b, 3919 
343383 d98921cf-7987-4161-a73e-8c44c4e791f2, 8505 
387454 998fc936-82d4-4b1b-8c64-7d1391e162c9, 3919 
208944 88e9a984-374a-40c6-a4f7-3ba01673857e, 8505 
70869 00e2e66f-fbdd-49af-8df0-26bde16e9adb, 8505 
56406 c191ee57-8ba0-4912-a71d-8da09672c38a, 8505 
360257 aa70e0bd-9861-4240-a5b8-e0c9f2049bc3, 3919 
96577 865443d6-86b3-4448-b023-652be377988e, 3919 
125720 41071d2a-1314-4d71-a48e-2a51d3b93ea5, 8505 
26787 a336c1d1-8638-4ed1-9010-bd913517915e, 3919 
110970 e17e3edc-269c-4c9d-8b17-64dfda2c517d, 8505 
338411 dba0866c-e299-4cc9-9348-92d8555ce4d6, 3919 
391595 8f68fd9b-0cba-4c66-b83a-d63a7e17e296, 3919 
113634 72e5307a-840b-45f5-ac03-bf2829484a32, 3919 
399019 b4368506-aaa7-4afe-a5ff-7baa9b404a31, 3919 
308793 7f3e3e7b-e937-4973-be3b-6bee4082a060, 8505 
2671 aae157d4-6620-4bf9-b9c8-ab4e5759037a, 3919 
28336 686d71d2-680b-47c6-b719-a6625d88f593, 3919 
213725 d953c94e-c02c-4aa2-a94f-b0c3e8bda943, 3919 
255502 8886e058-fe5f-462a-8094-13c21acec470, 8505 
185029 a7691baa-320f-4fe6-a8b2-ce07df9f0c5c, 3919 
236690 d910c0ba-0d5d-4044-994d-bc82ff8738ba, 3919 
99723 18bd4b88-9559-46ab-b12e-560d5a8069ae, 8505 
104064 5ec1be05-d66d-402d-b51e-cff082db5d8a, 3919 
399314 463a6546-3fc4-44f4-9f35-307f726b2c0b, 3919 
309041 27491607-927a-4114-82f4-0aa74595e8af, 3919 
271225 3f4ac8ac-6a51-415b-a638-06620a952406, 3919 
111766 52f61bf1-a7f0-420c-b877-1c23fc77d151, 8505 
387915 00272130-38df-40f8-86b8-8c26d22c8c79, 3919 
100159 63a69b68-7bd2-4cdb-9ef6-9bd5e35981be, 3919 
394194 63f66b19-0bb5-41e9-9b2f-896090ccf2bb, 3919 
340509 d5e3c42c-dd99-4af5-97f6-4b3766be7c9c, 8505 
61069 f20b4665-ec5a-414b-80ff-e1f2bc75af2a, 8505 
202867 428d336f-cbf0-4c71-a9f4-181b04d374f4, 3919 
324996 4bef1f60-1362-4d67-bfca-d7c550150295, 3919 
75068 fafaa1c4-865d-46e6-b545-dd2bd112fd63, 3919 
195185 37bb5a65-e901-4bbf-bf41-f6ecb2b79d2c, 8505 
204499 cde5e409-171a-4d2f-a9be-d169f3ab436b, 3919 
14327 5bd2dfed-5938-45ce-ba26-a2fff17b143a, 3919 
327730 3524f49a-7983-4393-9e7e-97a290fe7a0b, 8505 
402149 a6f9875e-8d97-4c4d-ae28-c52c60fc4acf, 8505 
287951 34ed9ad6-0a50-4efb-8531-2083c0e14c15, 3919 
126760 ca4de15f-9383-4665-b38f-48f800cc8d53, 3919 
377687 438b1a78-a2fa-4952-85f4-3e4697bc8821, 8505 
392738 b6714a06-b2f5-4dbf-bebf-71b1a8268a60, 8505 
10460 bb39a661-a075-473d-98fd-0eae68b25504, 3919 
297929 6be5140e-3379-4bd9-870d-d7a8a89b7d7a, 3919 
284069 1e971580-fcec-43d7-94f1-64220b1febbb, 8505 
246332 12afde24-9e0f-4caa-a82a-8176c78014d6, 3919 
18656 e7a5ea6d-f4d4-4947-bdf9-8409d1220a1c, 8505 
128634 ba32493c-89e6-4c34-a900-d0bc18914bd6, 8505 
304842 1821020f-0b41-4fd8-929e-32d0404c2f28, 3919 
320696 f9dc418e-247f-416c-bd88-aca04dd89901, 8505 
74287 262d71a9-b94f-4ab1-ad7d-d7613117c4d6, 3919 
402444 0f076081-7be3-4255-88b4-a603dd8376fe, 8505 
113405 780c0fef-672a-4872-a068-cdf15579e8af, 8505 
4705 bfccd42d-5632-4a90-a854-e2481171de7b, 3919 
290392 a63e5684-ea8b-4590-983e-5c6d75e3899b, 3919 
202349 feba8a6a-7b09-4eec-b2ae-b0fa63a7b293, 3919 
351821 74413ca1-41ae-441e-9d09-cca150ca9ae4, 8505 
276361 803e4b57-8e3f-453f-bfd7-32c5241ac7c7, 3919 
69360 b14ac46e-6ca7-4983-94f3-ea7fabbb7d32, 3919 
342891 fc842ea6-a5af-4950-a20d-e2ed12d1d6b6, 3919 
267011 1f3f725c-df29-4b42-acbe-158fc03de7fb, 3919 
299706 ab029507-5f1c-403d-9bb7-23686dc08ec8, 3919 
352739 ee352950-8dba-4236-85a1-512f50470804, 3919 
95113 46f0eb83-7f83-4dca-af49-f8b79126a948, 3919 
68854 fd5105bd-2c00-4786-82f3-3f905b2b87b4, 3919 
50363 53bea44b-c3fd-44eb-8471-bfa7e194c283, 8505 
328403 e948c84e-03ae-43e4-a668-a3b2fe22ad71, 3919 
402748 a37e6d3c-02d9-4fa5-bac9-3cf31319acb0, 3919 
110051 5fd9dd9b-5c85-4bb6-8f92-ec68b8354e03, 8505 
64636 00ae1f42-f6d0-4bae-92aa-60285554d37d, 8505 
279089 d6b3f5d6-1e36-4b38-87f5-6d4a1174f366, 8505 
54370 f70a6cb3-9443-43f9-b113-9801aa48e00d, 3919 
262602 5ee7b69d-d5e3-4b8e-b370-33bfb9b5850e, 3919 
339547 624ec004-e261-49b5-b9de-6c9bd1453d8b, 3919 
18831 bd7c25ac-b545-4455-bcb2-4102543bee31, 8505 
89365 5f57a2a2-c9b7-4c9c-a8b1-353e019febd2, 3919 
219430 9047eabe-2ecc-4e5a-8919-ac5315d9e752, 3919 
25955 6bbe5074-fe52-4e10-a5e4-7a29b7db5205, 3919 
377099 2a796a58-9906-4ce9-b3c4-335a97991285, 3919 
403205 abab5584-88fb-4378-a2c1-35bbeb13e2dc, 8505 
153482 a515eb4d-5197-4766-9812-ef7b5dc82429, 8505 
323725 580c1f77-4959-4992-b464-c0e1abc0529a, 3919 
376365 879a9b80-cc7c-4733-9721-4966882ca996, 3919 
69862 a5810ac9-c9cf-48a0-b2b5-aa36f34ab572, 3919 
291883 3d34dd24-d45c-4d36-ae77-16b77253969c, 8505 
154889 ab23d96d-252d-4c40-9bef-ea8f69080196, 3919 
307925 c53c9206-9f98-4347-8817-24cdfc4d06bd, 8505 
208363 410cc1e7-ee87-49ed-86b9-c821d7627eeb, 8505 
200849 5c54661d-6bc2-4f49-a489-3b2954af3db8, 3919 
336295 935cd81b-d3d9-4225-b8b5-c007f9a63c19, 3919 
362321 39759bab-9f5c-45cd-849b-187dbfda3963, 8505 
114310 861163a4-e658-4b75-9bcf-25b71a51680d, 3919 
185661 b9480a45-acd2-4869-bec3-e8123446875d, 3919 
153970 5dcf26e6-62ef-4ecf-a1f3-2fbfaaafcb3f, 8505 
282347 97ac894b-40bd-46be-88b1-4f3717300083, 3919 
332076 bda94906-9e9a-4082-97f3-355367ebffc2, 3919 
102388 9a9a3355-8ac1-4fd4-afa5-fe7f18bca86d, 3919 
207992 d33d7c10-a60d-4cb2-b40c-fa9e17552975, 8505 
253820 5f72a267-e0f5-43e9-8e68-bfdb928bd940, 3919 
313410 f90c165d-c524-4962-8c4a-bd6fd72b48ea, 3919 
252497 af5791ad-4329-415d-add4-8a135d715f44, 3919 
344281 24be94d9-41d4-4166-85f8-510f3681f0c2, 3919 
182307 b1da2861-724f-4304-895c-e09578e1241b, 8505 
97960 c494fec3-5e65-4357-a5d1-c6cdb12cb204, 3919 
95220 83539446-b9ca-4f2b-8673-c34a8af38239, 3919 
371869 4087743e-a211-4ae5-bd06-c24c258172fd, 3919 
47944 8660c526-f8be-434b-a219-00813e3084e2, 8505 
54866 c177c657-9e83-46bb-8208-97d49e2a9c36, 3919 
247815 16d1b4bc-bc57-4dc2-96a1-387528cb8946, 3919 
146066 6689cac4-d171-48ef-8454-ef30aab1d80a, 3919 
181908 3b86ff12-550b-48b2-a229-efe8c6aad7b7, 8505 
7885 e340704a-20ed-414c-8e5c-3fb67fa3d6fc, 3919 
104175 b1d179a7-6c1b-4de9-84b8-1f75a6686a58, 8505 
159672 a842b5b3-ec49-45dc-a31d-e131e470bbaf, 8505 
166191 74b0b39b-6c1a-4249-b4dd-b28242e149c4, 3919 
242346 66739946-545b-4f29-b589-45699c0d3d67, 3919 
195475 7574886f-dfcf-4aac-bc92-18920036003c, 3919 
191415 4bd9a0e4-0ede-4dfd-9754-1248531753bd, 3919 
291138 47d898fb-036d-4068-aff3-ab60db130cff, 8505 
32354 d5b453b6-9473-4d3a-99dd-f9df6accad91, 8505 
202323 45981b3f-0a2d-4e1e-a5dc-2b941713b587, 3919 
357473 21a96dda-d49a-448d-8d8e-1e1d4c9dc8c8, 8505 
342728 145da6dd-1dbb-475e-b5c8-5c241b4cc202, 8505 
10163 65a47664-4c62-4f5a-9e31-dfb1a6038c38, 3919 
198883 12df924c-4cf8-4c4e-82b2-aa0399943f19, 8505 
293592 5861bbea-f793-4aad-8ef4-5de4738ecc45, 8505 
309629 6c308024-95e9-4c38-afb2-f26406d897d8, 3919 
298315 8877b252-2fe8-4b35-ae7e-c57175d0b4bf, 8505 
235667 a5c94d03-0afe-4d4a-818d-e066ea547859, 8505 
202502 d42aaa81-6d03-47b3-9ebc-ae681bf32e7b, 3919 
228112 5beb43bf-68da-4f06-972f-7c649b2f3656, 3919 
311025 70722053-f440-494e-b54e-483d4de37173, 3919 
120218 05dd33dd-fd32-486a-a4e9-442fbe202577, 3919 
71398 eb8033f6-414e-4bca-ac66-f8b8e1ca9813, 8505 
98371 383c8f9a-c871-4bde-8bbb-305695d13072, 8505 
213371 bad33351-a362-42cf-bc36-0941fbef19a5, 3919 
287388 71928dd4-16df-4d41-8d92-5718984ce9b6, 3919 
228900 a2ec1027-6222-40f6-97c2-e615416ab7cd, 3919 
148583 30b2583c-9c54-4a2b-886e-b5ce1c8fe5f3, 8505 
9750 ca85d99d-a7c4-4c5b-adf0-8fc3e09e7243, 8505 
178022 ee4d4cb4-8620-48a1-9b70-f30dbd8bd176, 3919 
241929 7a394763-7f8b-4fad-b7ad-866b74ce8008, 8505 
368364 9940a657-10e9-4965-89b6-d3a327f6afb3, 8505 
186619 196320bb-06ab-494d-920e-ffe489444e49, 3919 
359214 22228cc2-e2da-4cef-820a-eb705ad41bfb, 3919 
73391 215c15e2-dc8a-4671-8086-fb92532de79e, 3919 
166873 7170bcaa-d1a9-4c72-aaae-7afe09f8f744, 3919 
209335 cea2fd02-4e36-4a9d-977e-d99df4adaa14, 3919 
73886 c6d86deb-a5b4-4f75-9e9f-236ff91f04c1, 8505 
384283 39a4a892-adda-4055-b91d-aa65cc8420c9, 3919 
391446 10442306-181d-4211-a8e1-73c9a061c333, 3919 
217846 ea2dba58-51d6-45aa-96b4-49533d2945a0, 3919 
115143 5bd8f50c-39c9-4018-beca-4235212a384a, 3919 
400026 a7affcf5-233a-4ddd-ac97-d3ebd65be089, 8505 
55921 27e18186-fe62-4a71-b762-74f50f5b32e8, 3919 
303106 35496a59-a8ea-483e-8e08-0d3dbba47440, 3919 
77168 1b7f9458-64d6-48b9-a372-6574a8c3a652, 3919 
256564 5ddec88c-2972-45e8-8c89-f8f4e4248da0, 3919 
202166 e58eb283-2294-448d-be01-364fa92f390c, 3919 
186452 908cf86e-b27e-4e21-8ff6-4198a3010623, 3919 
366193 6c0874a6-2839-42bc-960e-d118845acf94, 8505 
254785 20366da7-2b62-4466-9598-efde7a64b42c, 3919 
293723 dfa4ae7b-97eb-4d0e-b0c9-b50267dadf6f, 3919 
77338 ed287f8f-c409-4b5e-8f61-c11e74171d48, 3919 
6268 7a6518b1-18b5-416f-97e8-d9b423213281, 3919 
228808 3698af46-b54c-4368-8ab9-fec30aca0626, 3919 
107986 a554a47c-2b47-4358-adb3-b18d46c54ddc, 8505 
7307 4f3745e7-fa89-4e44-b2e6-c6166a9a30d3, 3919 
369799 92ef050a-de98-4bb1-9dc0-ad0957c44997, 8505 
367334 91bc24b1-1536-4b2a-81c0-92d54e4b3213, 3919 
102355 f550cdc9-b95e-446d-916f-ed03fabf829d, 3919 
83374 3424b062-af0d-4af3-99e4-9dea0e6fd7b4, 3919 
357134 74230245-d280-4c3d-9fac-6a26cb4e8cb2, 8505 
126103 77488296-fff9-4633-aca2-5aa6407a4869, 8505 
381227 0867645a-3fcb-4e0c-88b6-ec8a1d95ebe7, 3919 
239945 b2f2bfa2-44d4-4277-82c0-8f1c82a42824, 3919 
364863 e0805c01-74f4-4cb6-b2af-f97aaac6ec9c, 8505 
166496 2bb044bf-5e35-4e8e-91c7-7554f6f1aba2, 3919 
314920 480e09cf-9760-4822-a8c5-8a86f4cb3afe, 3919 
1918 f252d3c6-55cc-4d9b-94a4-20bd82074a2e, 8505 
197418 21a41c39-7dff-4d23-953e-4187a99fd3eb, 8505 
167726 a87093f0-3628-4f11-907f-795c7750461c, 8505 
273246 6dd48ab7-2631-43d0-9bff-b2e8730703ac, 3919 
276321 acca0026-52ed-440e-b57f-0ad1296e3ae7, 8505 
339653 f4507ddf-ba1c-4872-83b9-34890495917c, 3919 
61665 3fd41746-d427-4d85-8703-a20dc29697a0, 8505 
240822 96fe2414-2f43-45a2-9c75-03b280183b58, 8505 
82314 877f6b88-44da-4465-9952-ad1b3c9470e6, 3919 
319912 424553e9-78ed-499d-b97d-90f9fd0b94fe, 8505 
315903 30e8bd58-e7ab-4532-be92-039c7be4271a, 8505 
387151 e338090f-5b04-4ef5-98b1-7e0359eeea13, 3919 
306651 51ca6030-fdb1-4c58-833e-83dde6997845, 3919 
248279 f58fcd86-7308-4719-b43e-1f58fe540897, 3919 
331218 c21d22f2-2030-419e-8936-9d8039eed58c, 3919 
183829 8d74abda-1929-4d12-8bc4-be5184e88500, 3919 
114121 ce78397b-e5b5-45a2-a542-ec2993f21354, 8505 
293294 d60a155f-1297-4d59-bc51-8a882bd7a16b, 3919 
142065 ad9ab6f6-f072-41de-babc-5b92bb5fd41b, 3919 
297169 b48f79d4-1b77-41b0-94dd-5154663ac340, 3919 
277833 00ba194e-a06f-4025-bcdb-5007f0d2beb4, 8505 
132281 21adca72-74a8-4f8a-8813-88efa2b339e5, 8505 
264601 35d13c9c-388c-48af-8df5-bab5092a1eb5, 3919 
305176 4567d6b2-f684-4675-98eb-bfa5aad21f87, 3919 
212059 2532697f-63d6-4cb2-8bae-073ef66d2695, 8505 
347422 4543c8da-7826-473e-8cd8-be63a214498a, 3919 
79395 a313d7b7-f332-4c5b-9cdf-68ffbd299613, 3919 
93466 de57e1cb-1c71-4eea-b374-45f077d55ded, 8505 
325373 fa28b10d-0cee-4dff-8834-4869fdd66b8a, 8505 
40170 ae4463db-048b-4418-b5fd-cf3e4c09d575, 3919 
165414 c73fe573-3054-4c14-a844-f3a912faf836, 3919 
80731 e10d34e2-4a4b-4cc4-833b-51bc34ffbca2, 3919 
273142 4a25d00b-1d6d-4e54-8f40-f753ba119726, 3919 
133111 f150d9b3-abaa-40d0-90a5-76dc23b313b7, 3919 
338890 b51a81bf-e0d1-4ce0-8613-e28f974ad63d, 8505 
3579 61b8174e-4449-4d01-93b1-23f56d33f07d, 8505 
154295 950e41a5-25fd-4f7d-b6ed-dff01597b10f, 8505 
374239 11e53932-0b8b-4759-aed6-fd01367d83f3, 8505 
95100 b92b54ae-4095-4199-93e7-5f7c46b7c7bf, 3919 
138886 e2134125-3754-4246-865a-0fe4dab3d12a, 3919 
315201 46032d2c-cd59-47c0-ae58-475c33b06406, 8505 
85300 f333b599-19ba-4e52-821a-de7224916b3b, 3919 
314331 4a4fc469-eb29-49b7-a611-0145566315ec, 3919 
121293 725678ba-95f3-4e08-8f06-a8248be8625a, 8505 
45048 7ce9e9e3-66c0-41cb-87bb-3b4cc059e935, 3919 
11332 71561e1e-e428-4568-979c-2fbf4592a189, 3919 
273386 052b0a39-9a62-4036-820a-d82201354609, 8505 
395100 9a83dd40-efcb-4a4a-9e4f-32ce38cfa5d9, 8505 
313217 367e96cd-4bb3-4541-be31-ee3b61a019bf, 3919 
362511 45b3da97-6f0e-4a04-bb67-a9844464f342, 8505 
364510 a9dfd86b-3966-41ba-9dd0-b20ccbfca6bf, 3919 
364471 567a627b-62ff-42f5-8b00-41018dc97174, 3919 
65865 1de8e54e-6c59-4332-afbf-a95d1c9bd738, 3919 
221695 dbc72a14-20c2-417a-be40-4717d9a9001b, 3919 
207617 38dec1ca-a20e-4c2e-ada9-31bdc3b199e3, 3919 
126147 c90acf02-0e22-4695-9667-498f04390918, 3919 
355607 0699c32a-624a-4556-9279-b4bcb81e2832, 3919 
39712 91fd86ed-037a-4a11-ab7f-785155b78b07, 3919 
26032 f991d5cf-cbfa-4ea6-be1d-a6ace9b6929d, 8505 
399065 d5b013aa-e873-44d0-b905-b07ac7dab779, 3919 
249998 4cfad2ed-9128-4716-add1-e07b3348e441, 3919 
382322 70b78607-e0c9-46e6-a556-5b426cf13033, 3919 
11600 9fb98974-9438-4e04-9e8a-73fa960352ea, 3919 
227584 c00fe71a-c83f-435d-a57a-6437dd5e8f58, 3919 
82758 8f569564-57aa-4df8-9092-4a008076d21c, 3919 
308131 bc5c82c9-01b4-4544-9745-ede1edb38047, 8505 
175141 a4141a71-9383-48fc-91b5-11213fe021b6, 3919 
246670 f6182b97-f9e5-4e4a-9e79-828810f2d159, 8505 
153195 194ee07d-454f-465e-b6e5-29faeb867cb8, 3919 
156085 89b87727-1043-43d8-82e9-73f6ce8624b9, 3919 
99955 3b1bbbb3-7ddf-47b5-98c4-d5cfc69cd14a, 8505 
398701 abc35590-886f-44b1-bc5a-ec2d1c7f73d8, 3919 
282756 a2fbc3cf-e9a0-4fb1-9ccc-5fe8f25e3e9c, 3919 
378258 db36f3d9-2655-47cf-94e2-d0f9d0871e93, 3919 
330096 338187ad-02b9-423d-9399-4e57ea59fdcd, 3919 
339629 4bee9ced-f8e1-4b47-8668-f4fb4e40e99c, 3919 
324381 df45d25c-42b9-4db2-b847-ad6af51799af, 8505 
13478 a9ad28bb-62f0-4249-9a0e-fb3e5d3d302a, 3919 
262460 c1f99a48-1bd7-43ba-850b-16b3f22df828, 3919 
11631 51e3e3bf-ddcc-433e-827f-2de7f2eb234a, 8505 
337271 867c8c63-68ac-4856-aa03-3fc3e1fb8bca, 8505 
257101 78d568d8-66b8-4bc1-84e0-49219c9c5b22, 8505 
286537 19ba762b-a11c-4148-8114-c866f20770cc, 3919 
294386 0de119a5-0e76-4b19-8e52-b98d8bdd5f69, 3919 
206849 765bf6e3-f308-4fa2-a31b-c46c4c6fc0eb, 8505 
89339 7e734219-70a6-45df-bd41-edfbb5857816, 3919 
351119 8a0c76bf-2224-4837-b13e-9fc6e1041f0f, 8505 
203428 7b9b5825-bd1d-42da-9ce7-e97dc340680b, 3919 
146252 0c88b5a3-69be-4190-a038-38638f58fe2a, 3919 
307914 562bba99-fe40-4868-b998-5ec639c40e50, 8505 
265617 b4d809a4-22ba-4f47-abf2-9badc513a6bd, 3919 
225130 0f6d559c-0296-40a2-8c9c-85372dfa5ed9, 8505 
129512 33758028-a401-41c6-a05a-226fa04ed519, 3919 
14281 9102429c-88d7-488c-ab69-1609d86120cb, 3919 
304949 a9b24da8-9030-4830-a72d-92a0ae625951, 8505 
192270 bb7c46fa-f990-41c0-be71-ce5b44dd32e0, 8505 
151997 eea5fc77-ce64-4def-a92f-0257943d2b20, 3919 
164419 64cfd2e8-1ade-4241-b3e0-b1a92a3a2b7d, 8505 
179139 8cd7c752-b3f5-47b7-82dc-d99b9b34fdc0, 3919 
133677 525abf97-77ae-48db-8e4d-d649e057cc86, 3919 
214760 5b990cf9-dea3-4799-90e0-09646854dcc4, 8505 
366433 b8a00e75-e639-4933-972c-072774235c0a, 3919 
70962 40e40ebc-b03c-4d59-8b66-be96f45f99ef, 8505 
128027 b5684e96-2f18-49fa-a04b-623edb3f8214, 8505 
137035 8cf8cbed-66a6-4124-abdb-cee71df9949c, 8505 
44408 7e7b74e7-febc-400f-9c43-b8f753578486, 3919 
270595 caec9652-37ee-4ac2-9b35-4587c94beda1, 8505 
306910 70140aa1-b7bc-40da-9803-5e61397cc21f, 3919 
11752 c06d977a-7923-4898-90ed-4dcce46f2fae, 8505 
92432 ec6eb528-f9b9-45a4-8da1-61b374e17812, 3919 
67937 13180b98-bf6a-4369-9544-cf7be1e60409, 8505 
60433 0c1f06e6-2001-4b02-be16-52b4be897cf5, 8505 
259492 66913c00-691c-4618-8b6e-1fa2003d1f69, 3919 
369660 248b91d0-e501-4fc7-86c9-ee375555329a, 3919 
80222 37824332-c35f-4b29-a1de-348b056ed600, 3919 
213847 e93b65e0-a2dd-4f27-8ffe-a34417f96cc7, 8505 
59269 5f6da918-5330-4bd9-8d41-c6f115702480, 3919 
390128 86f356b1-e0d0-4f96-b467-0dd99d7b76fd, 8505 
100018 fc6c247e-a33b-4a0d-b44f-42720cfdbcff, 8505 
53073 1b3d85eb-df4c-43ea-bec5-fda422b4cf7d, 3919 
386021 3f77cec3-313e-4c70-bded-95dc5304546b, 3919 
72331 10af7de4-974e-4144-8a9b-25d0ff655e2e, 3919 
103651 b68248c5-bdfa-461f-b062-cf783704c07a, 8505 
310431 64468708-9048-47c8-841f-ff3fa78c52e9, 8505 
120958 cf096364-1fd2-4baf-9fb6-c3d4f3a35611, 3919 
90354 64f8462f-3015-4cd5-ade8-f87b96e37631, 3919 
387663 6b941abe-2770-4c6c-b72e-d4226df647e2, 8505 
262112 e153081c-f966-4235-b58b-07f9e17081ad, 8505 
240840 878d5de2-9915-4482-bcd6-6f87d277f0dc, 3919 
314231 4d45eb71-a0c5-45ac-a31c-b8b447da5eee, 3919 
238695 fc985f56-81d1-4a88-ba5e-579e22af16ab, 8505 
207931 ea754d1b-e054-47c3-9c0d-866ec51ebfff, 8505 
333865 7d4c172a-4bfb-4333-9b79-61651e621815, 8505 
362965 1791f59d-5e24-444a-8344-cd1da2a2d175, 3919 
222684 e824502b-c647-4fa5-8c03-7a6251326091, 3919 
7543 febe2129-0d32-49d5-a2d4-27acf506707d, 8505 
296932 df8519db-89f7-4e60-a5ff-bd3be2228f6f, 8505 
206344 8bc93028-2c80-4559-8b45-a8e34c9d3466, 8505 
181559 5fcd0b0b-5dbe-44d6-966e-1916b87609ec, 3919 
174167 1dbfe4de-f96f-40cb-84e7-449c49167da7, 3919 
329751 3699da76-28ac-44cb-a896-73e3be53d31b, 3919 
213409 95dcd175-b043-4e25-b561-f517a945e370, 3919 
11818 356c136f-e9b8-4b8f-8a28-6a903657c98c, 3919 
319430 c33835fc-c25a-467f-8aac-6db44bee3351, 3919 
363575 b8931242-4a10-4b93-85d4-00a3f1aadc5b, 8505 
52818 e625213c-8a80-4f20-9742-3f23291a712e, 8505 
243070 fc512419-6d5f-440d-aef7-c4c6cfaa8370, 8505 
338410 dad6bbd4-2248-4208-b068-3d22b015ef59, 8505 
137349 08efe073-dd58-4657-8915-30ce4792449c, 3919 
142940 ee52d1e4-9013-44a9-b058-6912e4bb7f5d, 3919 
164093 c1f8e3f3-84d6-4aa3-a91c-7393615321e1, 8505 
339482 f50fb115-f5ae-4f62-b643-c2a341e8df6e, 3919 
222365 572d0aa9-8ade-4df8-bbdd-48c7abcc1251, 3919 
77897 8bf1fe8c-abf2-494c-a9de-592d891d5c89, 8505 
26077 fa1aa948-d052-425e-badd-b3e27e731a52, 3919 
9427 e7cacb0e-d9ae-4894-9ced-71110b9c34ca, 8505 
316124 74ed959c-55e7-4b79-a232-6240c176a287, 3919 
222561 5dd16b95-f355-45ce-9ebe-99d7da5b24be, 8505 
95949 2562e2ff-044c-418d-8235-d8162b47f891, 3919 
6422 c1a27f5d-cf42-4d41-b3f4-aa3b4015a6da, 8505 
282437 7474113a-3e8e-42e8-85dc-07e1360e9731, 3919 
70547 b78847b2-5761-47bf-a2d7-258d1fcc4f0f, 3919 
368920 77bd478d-f7d7-437d-9a1d-f68ce371c7e7, 3919 
284688 0b48819d-fc6c-4c2c-b5af-e4ee4df22d28, 3919 
95943 60e53dfc-1dc4-49bc-b18a-21b93cd29ed5, 3919 
6687 30bd38bd-fd82-4e05-9f82-cdd376f00e48, 3919 
389260 8f03ca82-a465-47ab-932e-8eddb1d9a7ca, 3919 
136122 1fc8bef7-6111-4181-9006-02c2bb5ff130, 8505 
389018 559b17a6-1362-40d1-8360-a49a0cec9990, 3919 
188152 cafdfed6-db4f-4bab-9319-d964149b7b8e, 8505 
388864 1a584e3f-5b50-42c1-8460-803b1f0a0d0c, 3919 
237752 af8d0a5c-56d4-4109-ba0a-e20c0f817f3a, 3919 
321507 2e3c1661-d7db-498f-bb5d-6343552ab77e, 3919 
94000 a9515edd-0b1b-40c4-965d-37492fffa58f, 3919 
26769 780f7544-e28d-4c15-bc1e-b967bf7032d1, 3919 
202907 070814f0-2807-462c-985d-847c36452138, 3919 
224520 5dd713c9-5c89-4c55-8f45-f64e62bb78bb, 8505 
176045 c280c5f3-88ff-4650-8e1e-b2f85430ede2, 8505 
326400 02bf4be9-6446-4a9d-83ec-3ee8e5d2e9a2, 3919 
342821 6d61903b-7957-47f3-8ba0-acfdf232bcdb, 8505 
66600 77365aff-302b-4191-a1ef-d5412719a0b1, 3919 
52068 422b8fd2-69a9-4d47-acde-543c0e435edf, 3919 
57905 ecf9d9ec-474b-44e2-9b13-f389a3a62ebc, 3919 
311571 b4c1cb3e-857c-4990-b1bd-3d07492e9ad3, 3919 
392470 fc9b2ced-c841-48cd-b80a-92e80e38be66, 3919 
257950 dd0281fc-696c-42b5-9518-2a66b204e4bc, 3919 
358835 5babe3fe-a329-4c75-9f5a-e4a6bcb83c2f, 3919 
172599 e61047d6-a81b-43c4-9209-61fd4544bbe9, 3919 
246924 c8e32185-ac40-41a8-8b59-485023c38d23, 3919 
209978 e11987ae-ad2c-4908-8614-0000128548d9, 3919 
288744 fe3e9c2a-7fdb-41ac-ba19-3e982e4ff998, 8505 
35912 7b32784b-b7aa-440a-986b-d4dfd122b5b2, 3919 
382028 a4fab51c-fa02-4bf8-afa8-63706ac24e7d, 3919 
337609 c73d462c-01d9-4b53-9853-26583419db9a, 8505 
39985 5159e98f-4acc-4266-94c0-12ca2e67fb3f, 3919 
111506 a3310f54-c519-4592-933b-530709d31cd3, 8505 
129773 79d51e20-45af-42d0-b92c-0728ae10b1eb, 3919 
224305 ac9f5efe-c903-422b-b487-fe62ce9209d8, 3919 
5504 9dc5b954-1b71-4878-aff2-3a937e776b1f, 8505 
110697 c76abcf9-2ba9-4194-9513-cd80db57e773, 3919 
202880 6d92e16b-36d1-4d23-90e3-82c000e3ca29, 3919 
128690 d7a2e036-6eb1-4284-bbd5-027dae043449, 3919 
292015 e17583cf-b997-4ef5-9a64-08f497050f15, 3919 
176089 c1859b97-e580-4d39-b3c1-b3aca9b32a98, 8505 
237128 c83e034a-ca22-4524-99f1-40c809c8a6ad, 3919 
144307 62093f55-729d-4579-8022-aa78deabe194, 8505 
82998 35f66638-7593-4edb-a109-74e8acd29f47, 8505 
382889 d4206703-c670-4b66-a5d4-1c616c35d59b, 3919 
316667 96ae82cd-0723-4610-81fc-025dfdfd94f7, 3919 
242307 920e86cf-1849-4aa4-aeee-b624564c6c75, 3919 
297026 e05ea20a-e0dd-4543-9628-23945bd89f0f, 8505 
221727 e4f3a97a-621f-42e8-aada-a285cf0688df, 8505 
318385 b57354a8-ebd2-40d5-94a2-7c7c57418ed3, 3919 
134063 296a6526-81e8-4d6e-b54d-81344af47968, 3919 
43143 e70100ce-6593-4054-9d14-534104682366, 3919 
307093 7aace45b-ffdd-41c8-93f7-ba5a0caf4746, 8505 
86176 d7c4b715-9614-4085-8e6f-1cf1f2d1091c, 3919 
97957 541c726e-adbc-4662-bdd9-af8108f79d3e, 8505 
317567 6cf8077e-4cb9-4b83-9f2a-dc0dd3341972, 3919 
68903 7a61ae50-89eb-4ff2-afda-ed203a7411fa, 8505 
396137 6ac7658a-9dec-4f4b-9774-8af3de71452e, 3919 
289766 7d85b06b-4008-4ddc-8e0b-362dfda23639, 3919 
130454 1ddbfb93-b88f-46d0-a245-4003c7ca58d1, 3919 
89116 8b61c93b-c101-43b7-94c2-9b372f5570f6, 8505 
232751 883a1e2c-d87d-4ccc-a876-bd4b14719a34, 3919 
169346 b1a41027-6930-4a29-a01c-b513619b65b8, 3919 
119203 8a99a1f1-0f6b-4a80-accf-d4095fd7ca82, 3919 
89110 28c88157-fe31-4efe-bc4d-fd961e3c44f1, 3919 
314440 a9de434a-2ba1-449c-9948-5ef6b43635bf, 8505 
193198 9b84b5b5-1e9c-428c-a086-3d0917e836a1, 3919 
259033 4d1fc523-fe35-4b76-9c27-4d07c77c0c09, 3919 
49758 bdf8b429-033b-4f40-b1f7-435d5b6395cf, 3919 
239979 26ed7e41-f825-4ce4-be24-11bab6cb8c38, 3919 
207790 0568c764-f030-45cc-8505-96566ac4c2ca, 3919 
210500 8881453c-56ec-451f-80e2-09761ca9646b, 3919 
92826 0c689e38-8887-4d6a-b348-4c4b6c4b0799, 8505 
158684 519d9f00-31f4-42d0-a37d-44b6636b9f11, 3919 
186271 bdf42c33-5290-4375-a56b-299294a12fd6, 8505 
12215 da966a8e-8a8f-4257-ac2f-a177539c47c6, 8505 
348646 1e2f50cd-c1b1-41a1-b74e-686ee162c15b, 8505 
389010 e1ccd225-d86e-4564-ac3e-d0c60c4cc60d, 3919 
313090 9ce7d9db-1855-464b-9e25-1109843c6eed, 3919 
96921 16159b9f-db67-449c-b4e9-02af8666a740, 3919 
42336 2b0f7e5d-7878-4b35-9228-97d550b8a1c6, 3919 
233455 6fb3492f-4ba0-406d-b93c-f3c92f463b36, 8505 
135099 778b39f5-5ac0-4bb3-b2d1-a26bf2e23fb0, 3919 
49247 5eb46687-dd89-419c-853d-54811850b01a, 8505 
360595 357e021b-5dc5-4f2f-a167-4bda8a1563c8, 3919 
402317 2a61b9dc-f8c5-4cc5-b7f5-a4dfe0a6fbcf, 8505 
205953 c26e18d6-9008-48d0-a9c4-a52f340df8b4, 3919 
7720 6e64c0f2-6bf8-40be-af02-fbb78f2f6b25, 3919 
18916 e059de65-bbcb-4de1-b0fd-b4bc770403da, 3919 
199447 aeb381f3-938a-4eb2-82e5-9df53f29d5fb, 3919 
166650 612f0c52-3fb5-468a-9536-0dd2e60f6fa3, 8505 
278358 0c7c556e-2bba-4e8c-9c78-4cdddaf07a2b, 3919 
107014 cb674070-9b28-45c8-bf29-e38a44faa135, 8505 
102732 f6bac116-a58e-49ac-b45a-7fc130de23d0, 8505 
272564 a370943e-1d75-47c3-ae9f-309d9dd5b15e, 8505 
199486 c824c4bc-e78a-4261-ae2d-28dc216db6ea, 3919 
291191 d1b455b4-fc9e-4942-aac2-78183213e2d9, 3919 
8692 004fef58-0555-468d-90cb-8bbe7aa7b897, 3919 
90376 74b7c27c-f2a2-4e65-8d6d-f4903f80d88f, 3919 
331457 219858a0-e980-4e2f-a54a-b52625cce205, 8505 
24219 f9708804-32cd-4a4f-9054-6b7357f8f83c, 8505 
288175 f6443959-f72d-482a-a25e-50134a513924, 3919 
2179 6629789b-e86a-457e-a64e-81c5175cfa90, 8505 
274382 91a74820-5232-4562-8c3c-452056080f26, 3919 
377491 6861b8d8-7bb9-495d-a396-e5233fe105e0, 3919 
376385 6ca68505-74f6-47f5-b250-e0836a8476ed, 3919 
175472 281b2d32-cd16-408d-8d8e-c68564084543, 8505 
87051 77e6e746-9e1b-4346-8778-4aa36b838065, 3919 
334166 c441728d-6406-4639-8aed-779a9d95b373, 3919 
69901 4c3422d1-41f9-40b9-b6bf-17fc322014ee, 3919 
272081 e92af8a4-b705-40fb-acd2-93268efc7a31, 8505 
253976 288b98a5-b4b0-4248-b8b9-8a2fe0d058a8, 3919 
250149 6e58dc10-9dda-4f35-b76e-8c1715b8f06f, 8505 
341213 98ada890-768d-494d-b8f5-db6deb2c3e6f, 3919 
120766 ea98cde1-6f1e-4964-b096-dad933351d65, 8505 
84760 963dfc6e-56cd-4072-80d6-f545fc075963, 8505 
130112 23de8309-4faa-4e94-be32-4d0e62692c8f, 3919 
374074 30d2b6a2-0d0b-488b-bebe-8660756e18c8, 3919 
370022 3def780a-e85e-456f-926e-b36d3cd7b1b4, 8505 
50082 b456a87e-230c-4c21-8e7f-ab6e471db66e, 3919 
198709 22304065-57dd-4cb3-86bd-5096150b4e87, 8505 
810 1925d803-2206-4786-be13-4809c6c59bbc, 3919 
165228 17a485fd-7e8e-48d8-b133-5f5e8eb88c45, 3919 
356325 7f8ca736-85f1-4ef2-a222-d2c8621a1cbd, 3919 
353062 f0e7d6e0-7f9b-4336-91ab-92e9722c06ec, 3919 
133250 67098ede-e718-4d2e-9204-f0e45e942961, 8505 
165094 fc720ec9-b4a1-489c-b577-e7679ad22044, 8505 
368302 e2c7ce18-8af7-4442-b4a9-b553e22dd299, 3919 
380275 7cda94f8-74b0-461b-8070-5bb0f43cae69, 3919 
393141 af15e037-5687-4bfd-89bc-8ab49ae23c4d, 3919 
166875 e4f0732c-7398-4c56-af96-c4bb50a7c3ab, 8505 
294875 606c84bb-8ba7-4259-8783-96cee72e3552, 3919 
220003 50545bc2-f428-4977-a354-0a3b73d6674d, 3919 
52987 ef8042a1-cac2-4dd8-905f-c97bfee2dcdb, 3919 
374503 9e2ade3e-d5fc-4dcf-91b5-e0eee80181cf, 8505 
106966 4d265fc0-2867-41f8-b611-fb53a86a6014, 8505 
215915 f8580c20-670c-4446-8d4e-aac3250728f4, 8505 
300774 da76a5ad-2abc-4eda-b6a3-c58235231539, 3919 
375896 b624319d-348a-439c-ba5b-9fbb272467ef, 3919 
228944 bd2ef3bc-da71-4872-8674-1573f01c3ae1, 3919 
243936 602fd10c-6f14-4b09-8453-8c6bb15eaa1e, 8505 
185329 d6873d69-3b59-439b-9308-0f731860f829, 3919 
155566 42a43474-88b1-4051-96a0-46eaca443dda, 8505 
206623 6f630d27-f576-4fa2-abb4-5adebdc00574, 3919 
396917 d1abc6a6-fa78-4c4f-8289-4c46d8febe8d, 3919 
16268 c2d82d58-2c0a-4be8-9139-d4e76d1b8cda, 8505 
362282 a9b0f821-2aa1-4a97-8df3-9b9a0198266b, 8505 
285914 0419c5f2-f45c-44cb-8ca2-3a01708a4174, 8505 
238519 42639226-f87c-41d2-bbfc-afc7826517c1, 8505 
332341 f3f993c2-19f9-4387-88d5-4a3e1fbff974, 8505 
24227 d8f0d665-50c8-42d8-a06e-fad9daa099ba, 3919 
163457 105af11b-17fe-4f5c-b9f5-6d928f74ea7f, 3919 
296341 e3785c6a-f19d-4d3d-a2e1-129d73b43002, 8505 
329369 de16a05b-4aa6-4635-86ee-d71958f5a798, 3919 
127781 f853b3c9-b02a-4caa-befe-4de9960097a7, 3919 
391272 b527821d-7d98-42bc-a565-9d2c202d2dd2, 8505 
25769 bcea3e66-48e9-4644-b7d0-a8c15e198002, 3919 
97627 e52d5261-3630-4a8f-84db-5cae201d8566, 3919 
15414 634b81cb-e090-4523-94bd-d5ef3acbeb10, 8505 
11950 af609010-4eba-40f2-abfe-1a44ca00bd46, 3919 
117854 526159bc-f3c5-4c55-b135-f2684216a1f6, 8505 
381384 87eb0dc9-e5e8-436f-ba7e-921607f9c28e, 8505 
249991 165873b3-de63-43e9-8916-bedab1d2dfdc, 8505 
272967 94cefb99-0a60-4214-92da-30e668063baa, 3919 
198914 be7f8b7e-5915-4f7e-9f55-f39d5a89afdf, 3919 
210137 da839ef9-0269-4f71-bb02-c4bfe6e4bede, 8505 
348395 a380b68f-d02e-4a1a-9fc6-e279c043b82c, 8505 
374632 79002041-088a-4b55-9198-96d8fa1fdcde, 3919 
145070 18dc51a5-8ff9-40ea-ac11-a257e6d619cc, 8505 
304721 5c7f66fb-ba92-43c7-ad7f-525ec9433b83, 3919 
304278 e3703b16-73a2-4eab-b4d8-bc4e3203f88d, 3919 
291265 45767b86-e04a-4db5-8552-b87cae8a9ea3, 3919 
172433 64914055-7f28-43f3-90ab-0dc8a753066b, 3919 
209802 50b57226-3121-4d05-a441-3ee5b6e74569, 3919 
173444 64b0b1f8-49d7-4993-b9d4-473e9569d801, 3919 
172624 ba95510c-13d4-4943-a1c5-e85dd1c64d08, 3919 
102820 7a71fdb6-c4fc-4eae-b451-a4fc43e446fc, 3919 
395553 afcde0b4-0318-4411-8f43-4688ef83b043, 3919 
31130 ccb0a070-c0f3-4619-9000-73605482f6c9, 8505 
223136 be9b039b-ed0d-4f92-97b2-b864d407c25e, 3919 
110696 781f1f15-fc0d-49b7-ae4a-b07140f0e90c, 3919 
252264 3ada1b5d-3a3e-40d1-bdbc-85cc383c1f33, 3919 
165532 1bd4a37e-db8f-4c21-9b0a-7160f8cce289, 3919 
261973 0b1985ff-9ff4-4d07-8105-c8557d20d882, 8505 
367759 9529dab3-02c0-4299-89c1-5aa00383099b, 8505 
59703 8987cc7a-f60a-42a0-8ab3-360db212953c, 3919 
209486 e2fd4ac5-f809-4ec3-a994-c37d656205aa, 3919 
319521 d36dc519-1176-43fc-99a6-538160d9858d, 3919 
218042 e8cd2458-895d-4bf6-9e99-5a455178dae5, 3919 
21478 dc803d9a-ee55-46d8-a3b2-9e3b9015851d, 3919 
60197 b5fa6133-4767-41a0-9c86-65120dfd3379, 8505 
239134 ec4e54a7-3a16-4b97-bda5-15563955840e, 3919 
403195 2c18285d-8ce8-4094-9ce2-a9e072890942, 3919 
384875 ae6ddc13-c54e-4c23-8d70-03e12c75992f, 3919 
363985 74238c32-3277-40ae-b8b8-84e480d31a27, 8505 
184675 5faa8159-1ceb-4236-9f2b-72a48a232861, 8505 
297003 f727133b-d883-4c22-a596-40076d5f9b6e, 8505 
301760 1bd561aa-4f5d-4d17-ba9f-fee8441b3e82, 8505 
193181 34ef326e-31a6-477b-8a71-1bba691d2a09, 3919 
187090 da0d300e-62c5-45f6-b3a2-bdbd1c0da122, 8505 
308478 cb97d98f-5b25-4be8-8571-e4be70e97ef7, 3919 
189707 4a21b4bc-b315-4bfd-807e-8bb648646b19, 3919 
224556 b8727e3d-4b23-437e-bac2-47a2fcdbda58, 8505 
329720 5a427d52-aa2c-4b22-a3ba-97c49f90ee18, 3919 
43203 61a1a848-4b94-4cee-b9a6-e8c5894b1930, 8505 
63188 bfed938f-c4e7-48f0-bcbd-137cc2102214, 3919 
382248 041f4e1e-5a2a-4420-be37-3aebc056aaa2, 3919 
185970 e09df6ff-9f8b-4cb2-ad3c-fb8cf67378bf, 8505 
22657 4682f093-d21f-49d8-832f-c991e5f42e97, 8505 
119653 413e8058-5a7b-4aa4-9606-2e2eecc6f8a3, 3919 
260380 0cdd0955-7640-4fe1-b7f8-0f08fd6989de, 3919 
303560 d5a4e4d8-f411-4317-bdb9-432fc6c343b5, 8505 
393255 1ab5d059-a633-4b90-b9de-360b9b438364, 3919 
395770 b277122c-87a6-4188-9e3e-3ac4a90024bf, 3919 
50682 7e77a02e-cb34-4cbc-82e0-e6d5877aeff0, 3919 
370921 e1d4a39c-bbb2-4365-9ac7-d9700c292b7e, 3919 
234865 ec337c2f-3caa-49ad-b80c-8870ea699b3c, 3919 
55188 232d81f1-a194-433a-84e6-e32dc6f28bfe, 3919 
333809 cfc6fd10-71e3-4b4e-b10a-99c84d9ca300, 3919 
190898 a61dc7a7-a8b3-425e-96f4-e82e315f02ca, 3919 
85115 5a6f2e59-d417-4af2-8cbb-7c4fb2465593, 3919 
181954 a52bae4c-881f-462f-ae97-aa3551e67bd8, 8505 
172791 99cb06f5-05d7-4c32-97fa-da7b75b1954a, 8505 
192133 dd981262-39fc-4489-ab34-c55d5afacc46, 8505 
8503 56a67389-24bf-4bc3-8004-8c2724d4587a, 8505 
186031 5255ae92-c17f-44eb-a2e7-7761190542f4, 8505 
71690 f1750d22-1a9b-4bdf-976c-562d578a5edd, 3919 
271559 589b1940-d7db-4bc1-bc90-0ad830cbedd7, 8505 
176396 c4a8b71f-b763-4dcb-b147-1157e4d185f6, 3919 
137857 9f810ddf-95bb-49ad-af2d-1839488b30d7, 3919 
368002 4ae87ec8-abb0-4359-aa76-5bba673b9384, 8505 
21544 2ab31ffd-e66b-4710-90f2-6c890bb875b3, 3919 
352228 429bc01b-6b9d-45fe-ac73-7cf9ab5b1de6, 8505 
328726 5279917e-b043-453c-b183-ceb1912b42a8, 8505 
245113 9e8e3418-9e9b-48e0-ae2d-ae714bd527b8, 3919 
343393 fa838e72-9200-48ec-8294-75b8afaa5b3a, 8505 
138103 1c9e39b9-8b10-41d7-bcc0-4f3fcb303ab1, 3919 
338107 43d6ada3-3857-4e8f-9ced-b3be98805924, 3919 
67373 1eb9f6de-91b9-4536-878f-aa3fa9d71cbf, 3919 
300812 9c8c7ef9-ec0b-4705-92a3-54acad4413f2, 8505 
281009 26f37d9b-7cce-4b01-9ba5-423a5abf8411, 8505 
388838 9abfa88c-7c47-408e-82cb-0423132d0883, 8505 
17863 0dc024eb-27fb-4c86-b055-e3c2b01b735d, 3919 
286355 23a909b5-6b6e-402c-90db-9f0c948f97a4, 3919 
180609 d53bd777-4c10-4b78-a1cc-630e538d9dd7, 8505 
224390 50d6efbf-6ec5-4311-85c2-68069dd87228, 8505 
320437 ee222c9b-a394-432d-9e20-39f5de6b691f, 3919 
177996 97cfd34b-07dd-4504-986a-5e7d610e1942, 3919 
262521 c8eee137-42cd-47d7-a9b6-1ff321232608, 8505 
362103 d8a167c4-e6a1-42a3-8a2b-23f500388147, 3919 
215387 69cfb4fb-5738-4e41-bb4a-52245ef18d40, 8505 
44686 2d81305d-cf53-4383-b48b-f2a5ee670a4a, 8505 
17944 ee78e7b7-1382-4be6-8ba7-f81b97538270, 8505 
351198 369392ea-c5ea-4f4b-b8f9-83e2fda8f199, 3919 
191735 886e334d-2b11-496d-a2e9-a3dbaf1752d9, 8505 
126596 d9d9de4d-a598-4ca9-bf44-8a46f51866d6, 8505 
249384 5d555ee3-ab3e-413b-9b73-7d49fde958be, 8505 
178748 da4b7ec4-041e-43c9-9787-8f07782d726a, 8505 
96313 b9031df7-95b3-4210-820c-8f2b2a634888, 3919 
212128 5a1a572e-9bc3-496c-ae88-52f02c388c1d, 3919 
374011 c97aa06a-c82f-4744-a20b-e55e69bfdb28, 3919 
179382 f396145b-4abc-47fa-88a8-58c41e69a61f, 8505 
199669 7f7bbeb8-860b-412e-9d05-be8044224b4a, 3919 
91634 83607cf6-c8f2-4f46-989b-dcf0613d0468, 8505 
355331 5d8ea262-2907-45c4-a367-0e85d272f5db, 8505 
9675 565fef1a-40a0-4cd3-8fdd-e0ac089a6cc7, 8505 
147199 335634d1-b7c6-4c5e-9fb6-30aab215434c, 8505 
137516 5d962add-882d-4535-a6ed-8a86eb3ab826, 8505 
317966 6f30a8f6-cc1d-4b97-bdc0-edf4ad1e7779, 3919 
219464 0b03eec8-6936-43d6-b22c-88583d2d0c6e, 3919 
166925 e8d89532-4ddb-45a6-9f5f-ae4e5ff0a13a, 3919 
175351 685f916a-0da1-4d89-9f1c-7812773e7187, 8505 
12139 5cc3b123-9923-459c-bf1d-245b44158ed1, 3919 
21089 787456fa-e19e-4c42-b6a7-8544bf0dc2b1, 3919 
156647 e10e6989-f88a-446f-9546-620dbd73cd6d, 8505 
200211 66b59f0d-1a07-4831-9f54-d16c5d0d5d24, 8505 
278724 05c805e2-1cea-4cd6-b4c3-21cf5fc0e2c6, 3919 
99070 56869846-e83c-4b36-907e-b9a93e613bc4, 3919 
204062 7058f4a8-74c3-4272-8db6-5a8e6fa9d9a5, 8505 
103562 c7e0d7f5-df04-4bc9-a80b-862bc14643be, 3919 
222942 3f9b9c66-e5f5-4993-9ec4-d3caa1a3fe97, 3919 
1656 0e24aabe-8d48-4469-b030-6fd0191d1f50, 8505 
62009 b4dfbdba-f430-4195-af4d-ceeb0eb751e9, 8505 
20196 f8de0e9f-d0ae-43df-bc93-c3f04499e2d4, 3919 
213810 4583af4b-dce0-4148-812e-cc12feedeecf, 3919 
180364 c871a086-18d8-4cdf-9448-3685b92d17d4, 3919 
144481 e041c92a-d42b-4990-9b76-ea38f2ac5c86, 3919 
67124 300b990b-a1fd-4309-aca5-0e123e0263b4, 8505 
330470 2ee88113-39bc-4acd-b5bf-8ba5c3923ace, 3919 
194932 cb658085-2b68-4c4a-9411-c355abdff12c, 8505 
385809 e47c5e2c-5a6f-4e3b-99f2-dd4cf9cd73ca, 3919 
202384 a25c08ec-99cb-48f7-9ad2-c7598c1dc5ab, 3919 
342854 959725cd-0f54-41c6-9680-8d62f2e185eb, 8505 
349167 3c5856d8-e3b7-4030-9d14-a9711fb08f0d, 3919 
224098 185cea48-2b98-41f9-97f6-79bba9e8767a, 8505 
1150 891eac06-7c74-4e97-83b6-87f33cac82c4, 8505 
274644 9953b31f-c658-4134-b6c7-b08c91776d09, 3919 
160670 3f993b09-806f-4129-8c19-1285f9734fbd, 8505 
147739 a1d4d34b-0733-496e-9fa9-5361d7db6a29, 3919 
116826 3d469791-b1fd-4651-b97c-376e0fb79cf4, 8505 
282015 78d34c68-e2dc-4c6f-aec9-9c78bd6be0ed, 3919 
201400 8ca625d6-bef1-43d4-b9d1-1944db699522, 8505 
189893 22ad3e97-7bab-4a31-8221-354a713574d7, 8505 
367689 75dc6e66-4731-42e2-a349-9bab0397725f, 3919 
332849 effd3c08-15e3-43d6-882e-cbec8d2f128d, 8505 
118260 08e42acc-a75e-4dfe-b38e-48a87b1a805d, 3919 
217215 98d13575-62cd-4def-b260-155a1339d84c, 3919 
58361 a9bf5027-1033-444e-aa7d-4ee50a54f9a0, 8505 
9460 c7cd912a-2da8-4ee1-9d5b-ee77565d3172, 8505 
387398 358653f9-bfc6-4109-8916-2ae95f49edcb, 3919 
302979 d990139b-eb99-4ae2-95d1-818ba923a83a, 8505 
197157 f9588741-b086-458c-9721-2c4b5a80ef50, 8505 
245703 139f45df-7fd5-47a0-91b2-d7265513b4a7, 8505 
367393 f4242c93-46fa-4d51-97a2-247c3e09c3ac, 3919 
85230 6e9402cb-8eda-4952-bc28-7437fd54189d, 3919 
143808 7d079247-3d05-4273-8e51-7b47bda02115, 3919 
317473 dcda2a91-ca16-4d3c-ac64-5a60c5a7c053, 3919 
201322 6c604c85-eb8e-4c9b-b2cd-43f94c4f2755, 3919 
272756 50397135-547c-436b-a1d6-e236d85857a4, 8505 
57955 4419c71f-48e8-47ba-b2f4-d2d6b9ab6359, 3919 
236570 5aa1f3c9-1dc1-47b2-b878-3f9168caabf0, 8505 
46407 23461b4c-4825-4a59-9657-8a9e2d962a06, 3919 
204668 052e0cf6-687f-45d6-ab83-c018457ca288, 8505 
262210 2f865a1e-0f8c-49cc-b1b1-8489b3aaead3, 8505 
321302 7e90d6d0-88f5-4270-af42-039ad1ffcd21, 3919 
27629 bd9be363-1eaf-471e-98a0-437f265933e7, 8505 
104606 776c4fca-dc88-45eb-8ac5-ddc31a8b700e, 3919 
351580 f03e1a9a-d20a-4673-a880-dd6b5516f3cf, 8505 
251693 dc0a733d-dd51-40ff-ad14-bb6ee11cbbcd, 3919 
173244 06b7c9ae-9185-486c-845b-ad1c19be331a, 3919 
343215 5a553dd0-9f3a-4d52-894f-aeb3b47fd95f, 3919 
228566 9338747e-a55f-4f00-af95-5f5a1977f2b0, 3919 
247589 7826c815-0413-43a8-9103-9bf1a030ad8d, 8505 
181697 45768f45-e4e5-4621-a7d8-da3ba830fe69, 8505 
235138 b7973dce-26c3-4e6d-bfb4-2f9bbce77767, 8505 
317456 ed70ef32-4b9c-4de2-acd5-be6f248cefb0, 8505 
87809 c96620d1-c125-4b9c-95e0-1f260aca7bcb, 3919 
118249 92b50d65-0a39-4264-b042-096785f46c50, 8505 
344981 3e6cf660-bc47-40e0-83c2-c6e9bdaad8b0, 8505 
119225 07991fd8-67e6-4028-8eaf-e37f9908a0f6, 3919 
198616 11666749-2e96-4d30-9b82-ccf80a5f9170, 3919 
330014 489a5269-3f27-489e-aac5-0671384cb30d, 3919 
238721 0a9be855-670e-483b-9117-ec4b5c1b09fa, 8505 
97975 5993073b-cdba-4a87-a102-d26a3f6b11d6, 8505 
327131 ecf64823-f4b9-4b12-9ea6-f777b96d4256, 3919 
168817 f628717b-b7e6-48ec-bb08-8973a2e4aa80, 3919 
79138 3312a57d-772d-4a1f-8728-a3f1dd2efc1b, 8505 
194520 2fa387be-774b-4db2-9269-12db4d39e02b, 8505 
360779 05a61cc9-a756-4d81-9ff4-bc64a2f94b9d, 8505 
107851 3407b259-db4c-41ab-963e-cd12034f0dc6, 3919 
288136 de9ae357-f7e3-4555-89e3-5b849d6eb5aa, 8505 
80005 439b5621-1b10-432b-860b-6abe8bf74d43, 3919 
142646 c112989c-fd3b-41c3-b5a1-7a4897462b87, 3919 
277139 6fb7c74d-f7e7-4472-9320-50afd6c7f1ee, 3919 
187582 c2a329d0-59ec-4c3a-b4db-226226960e24, 3919 
177468 1b113f29-5979-4dc6-9ae1-4842926b4088, 8505 
329236 c52e325e-5e26-4703-aec3-e137953fecf5, 8505 
34446 f23e76c4-e213-4905-86fb-943e1a58d3f3, 8505 
13630 96699c9f-bd95-48eb-80a6-35a769f7679e, 3919 
266846 16d80d80-e521-4ee3-bdb8-f0e612d83d67, 3919 
222439 96fd19f6-62c0-4581-aec3-715842c32723, 8505 
164867 58b0a5bf-4270-4e95-9db2-ad93d7210afa, 3919 
359416 6cd7d6e1-e4af-4783-98db-965a15dd9402, 8505 
153734 259728f1-117b-45ce-a724-45b38d5db687, 3919 
173498 6c9c3f81-a1d7-407a-b84a-217e7028f8a5, 8505 
40792 26366b63-e8fd-49da-a630-1cdb4d0dffc3, 3919 
175895 3493b12a-5f29-4546-ab8a-149de03875d6, 8505 
91212 1eadd3cb-ab7c-48d8-9014-e903c0ef2b44, 8505 
30605 21af838b-07b0-4b7c-b2ae-5afcb3201fb4, 3919 
20381 c1d5f2ec-b989-4711-b409-1a546eca8866, 8505 
243749 0255d856-e1bc-47b0-ae03-00ccacdbb53b, 3919 
155583 1a87ad90-2ee1-4f02-8cfe-ebd6bb1f4fb4, 8505 
196681 e48d51b0-1d17-4eb8-868f-0e5af56a4311, 3919 
84565 c00ef8c5-78a0-4a66-9b10-898db8822cb8, 3919 
245818 ab671618-3c58-499b-a143-8f214cde994d, 3919 
78536 fd8ced2b-b1b4-4316-a847-679aa16747e1, 3919 
268973 008a484f-fd02-4eb8-b897-195f466d359f, 3919 
17061 a9e42ed8-6cba-4105-b0ef-a161d1d05d1e, 3919 
12012 d07a2f39-95ea-42c6-bd31-6cc57d85c53d, 3919 
76103 fc049b2f-ad97-4f12-ab7c-3a1ca7315e21, 8505 
363197 cf43c0d4-045b-4af6-88ce-27ddf2690a58, 3919 
303964 981549e1-e90b-4246-af00-6f89eb51457f, 3919 
316821 a8fdf366-b458-4164-9e7f-7973d6c8bdef, 3919 
224302 67c4822c-3758-4cf9-ac7a-8bce62001e9c, 8505 
60405 269770a1-ab90-405f-bcca-0cacfb0470bc, 3919 
32616 3d8cf7b2-1104-4559-8835-55284a8fc0ec, 8505 
326007 f7e26b3a-e5c5-4b6a-bf8f-45b89bacf757, 8505 
86781 4dfabb20-a9bf-48e3-be54-b26e1f81d35e, 3919 
156397 8a35ca5f-61b7-4b59-a8bb-0cb57b29d5f5, 8505 
381394 95009c07-627c-46b8-bb6b-511710696683, 3919 
216768 72786123-5c28-4506-9ec1-8582e553a9f7, 3919 
298793 57c7f875-fb15-4107-a4b9-93286f231d84, 3919 
354873 a278e888-8fd7-4a98-a4f2-0ec3098672e6, 3919 
360985 b25f053f-1a7b-4459-a038-c37e9b666cfe, 3919 
246761 3cd741d7-e34a-4940-8540-1a83a760992e, 3919 
295312 6e4c3d25-5975-4d27-b32b-94842851f6bd, 3919 
252953 0c007283-41c9-421c-aee9-12caa8567a96, 3919 
149006 f001afa5-896b-4c1a-843e-559257745921, 8505 
241001 d8d87215-a139-4d4b-84cd-e1a899d21960, 3919 
104174 a9ee7375-033f-4fd4-9a15-aecdeaa4c655, 3919 
39195 d4611e17-4ea0-421e-bbfe-bf7316c6e342, 8505 
68094 11b37896-5947-47ae-ac46-7f0280fccba7, 8505 
220140 946ccc15-2b51-4026-9443-beb1d836e824, 3919 
98136 b37c7275-1e53-4a7d-b044-c4a7c3f373cb, 3919 
139232 2178ac29-6912-4904-8592-34d9d977cfe1, 8505 
312960 e7fd1c3f-4a17-414e-8040-ab5b7bff9107, 3919 
19628 4a2e65c2-221e-4999-9217-c0c3c620df11, 3919 
93059 6c433906-9fa3-40d3-91a8-0dc7056c4609, 3919 
365680 d8dc9233-efaf-4e08-b7a3-dec320f22f21, 8505 
216270 b573815d-3416-471d-afac-5fa1af5b1bac, 3919 
44781 424f409d-a09e-4656-b2d3-29d287f886da, 3919 
271999 de826e8f-7584-470e-97e9-229c1fe702e4, 8505 
334866 8b2c7adf-0730-49cc-9ac1-11559a23f049, 8505 
160897 eb66177b-57b5-4e00-ab48-4bd741c7b6aa, 3919 
344810 ae18345e-3df3-432d-96f8-6b37bd02197b, 8505 
383665 9f57dd18-c10f-4cc0-8b72-902d934b288c, 8505 
117108 29cb03c1-2cc8-45f2-880c-9b2a463a50c6, 3919 
349743 5ad36914-3960-442a-a28a-3af793ae6d81, 3919 
376593 27c1bd56-9022-4da2-ab63-2e39f3892893, 3919 
70278 21635255-f4fe-4051-81c5-1756ff7a5c08, 3919 
210609 94af3084-ac21-4242-919d-624a55526b69, 8505 
373012 76939814-4e07-46a4-9c92-e21298a9327e, 8505 
193818 ea0df5cd-83d5-45e4-adad-9b0e673bd250, 8505 
352544 fb64b5f8-7f13-419d-8385-c008a2c11fb5, 3919 
368456 ad183af0-828a-41a4-9380-aa65c36fb1f8, 8505 
302074 3b23c2e1-fb34-4401-b2b0-943f4e5b8d64, 8505 
316838 e57d3f80-60d4-4beb-ab32-39e26b81f049, 3919 
195690 1d928b91-0100-4365-9588-574789f00642, 8505 
260547 e95a98d9-d0eb-44fb-a22b-ec39d45d5bd5, 8505 
310846 effaee50-ca1d-4882-8419-d9ac74940ebb, 3919 
35831 39bb9a44-d8d7-48af-bea6-73aaf48f9a91, 8505 
126490 00a7186c-3abb-4f7f-9a5b-6a9be05ffb91, 3919 
350454 d0e8b3d5-d62f-4c60-bcf1-b090a24a044f, 3919 
169501 f9274e73-c8c1-4e8b-9d97-45514900e46f, 3919 
263900 0333a84b-16c9-403d-9ec8-8a50b4c83613, 3919 
191115 78a39f1c-f15d-4acc-8946-97ac16fafbbf, 8505 
231552 bca547f6-f54f-469a-b8de-bf022d5e1b8d, 3919 
239572 b331920d-a366-4a53-8330-1cd34be378af, 3919 
373911 6a847094-cbce-4fdd-afb1-9b34b0143c17, 8505 
305104 9e83cbc1-c3a1-466c-8eb7-541501349e86, 8505 
7375 189480ff-dfaf-4839-b62d-beaac9a580db, 3919 
304720 a73c743a-65b3-4f74-9e03-d4234c7531b6, 3919 
209519 ce4f24a5-dd88-44b5-8d43-4bbe74fa938c, 8505 
179761 3eba21e1-6278-4123-8765-3c0e5b8f9621, 8505 
216048 faaf5122-7d60-4816-9498-d8fdd1dace67, 3919 
122240 b4894803-a511-4e23-b030-cf2d65ac3610, 3919 
277673 7b46935f-edac-4e10-9f73-e818537b2733, 3919 
104307 5256fa3b-e191-4bd6-851a-e0bd42b2a1b6, 3919 
357734 bede099b-4560-47e3-a6fb-5f17ba99fea5, 3919 
106051 815bca4c-3756-42b3-b2cf-97f358bc51c0, 3919 
59971 94514b1d-b181-4699-9671-e43ddb60a067, 3919 
347694 a7877e67-0feb-4925-add3-2640b314d289, 3919 
164625 0dd38d8c-9c60-4382-95ff-8e69722d90c2, 8505 
229318 884b01bc-f0a6-4be3-b1fe-260cbfb45e8f, 8505 
219620 d784ffc7-8d5d-4d4d-8782-2a6c571cff2e, 3919 
49387 fc99a559-33c3-4949-8e05-1d90b6f571ea, 8505 
385037 e4cf8821-2b3f-432f-b817-4c1e6c385e94, 3919 
90488 68f2d446-f6be-4e73-bf8b-445ede890738, 8505 
249327 d7b3c36e-0b58-4368-b07d-ba22138f51a1, 3919 
241696 96a6b6c0-d469-4216-90ef-17a83d4f979e, 3919 
42411 621206af-d360-463b-acfd-a4581de01525, 8505 
220666 4954c8aa-5094-4f04-baaf-b20d273404d0, 3919 
380450 268affef-b324-40f1-b666-86968065b4fc, 3919 
194827 15740976-9daf-4914-a7bb-1e4fd26dbd99, 3919 
334984 51cdbe08-eea3-4f32-862d-f4046595cfb5, 8505 
391222 58d939bc-7f3c-4609-b494-ae956ae23ae1, 3919 
342695 079f0c0a-b59d-41db-8074-4a9717085422, 8505 
7284 ea909461-deef-4b0b-9e61-c3ce219fcad1, 8505 
246266 96e8a558-1027-42fd-962c-79405899b0a7, 3919 
392608 e28ba1c6-27dd-4e4d-8b75-d2926a6caeb4, 3919 
136479 487e8243-0bd6-4be9-9822-7b43b376d284, 3919 
84213 966977b0-2e4f-4999-b797-1088db785b58, 3919 
342210 12f04f3c-7a10-44fd-8354-09d60d5697b9, 8505 
24191 361d5ca2-a677-41df-b387-b2ee9b3d8e4b, 3919 
251686 f57185bb-f5a4-4691-8697-d2a286199f1b, 3919 
238552 e57bc36d-a3ac-45f2-9633-789f652e2475, 3919 
224018 7f16b289-ca2c-4b98-904b-b42202bc1697, 8505 
199904 818b921d-c68a-4c5c-9f6e-2e6ccde39570, 8505 
125108 7a73fbb3-0b8d-4381-b086-4636c350fd41, 8505 
289162 cb380e57-cbf8-49b0-9452-53ed702db57d, 3919 
172027 35f22a07-a6bc-42cd-a628-036da377ce07, 3919 
268647 cac55712-ee69-43d5-add2-c1b25758c717, 8505 
272207 97b8a04a-4ace-4604-b7d5-5ba9a9729cf8, 8505 
149021 1c3f01c6-30e5-467e-b52c-1d9e8be4c342, 3919 
96583 be9bd75b-fa7c-450f-b129-6e1bfa4f93a0, 3919 
237589 7de0a06d-24bd-478b-8da8-40a199fde3f5, 3919 
119001 12e9d8bd-f2b3-4f5e-8f9c-23751fbe1d15, 8505 
146018 04c705cd-e913-4d9a-8d74-b9e6818373b0, 3919 
151267 077d8153-2a5b-483b-90fe-368da5870bc0, 3919 
275808 9d1fa3d1-6703-4eed-97cb-636ded1cc3b2, 3919 
339805 214f1e94-0301-4b00-b2f5-9db349a262d6, 3919 
274426 5410bebe-742f-42c4-a0bc-0ae4eaa87c7e, 8505 
286141 92096f70-3450-4b14-a64b-624902a573af, 8505 
144988 46fe83f8-2d1e-408d-8117-60c6e4c99dd7, 8505 
157080 df93aa30-15dc-47c4-8060-56e8e18fdbdf, 3919 
186061 1904d80d-6839-4409-b493-bacf2191f4df, 3919 
191790 7cf96cf9-59ba-4037-8cb4-6e6e69792fab, 3919 
150072 53415e39-81e6-464d-bb04-7e37784bab05, 3919 
53475 73c05fb0-e120-47c5-b758-ecb61b3adbcc, 3919 
274229 8e336eef-dc9b-47bd-ae9a-9e45e28fc39b, 8505 
332946 31b999af-c0dd-44cf-94d2-514f583280a0, 3919 
276258 12832571-3262-457a-ac0c-de5f657cc301, 3919 
22606 6daddc7f-2da1-4906-9969-ce2986b95a68, 3919 
271926 bbec8e66-81be-46b8-a133-db56a0da43d4, 3919 
365366 82394162-b748-41f1-8185-33740f1c9ded, 8505 
19856 c603f069-666e-4542-8cf8-d668857fa2ed, 3919 
176117 b6fc8e9c-38c9-42df-a70f-ab48bbbb8041, 8505 
334420 fc14d38f-a4f7-44a6-b71c-40040c97bb2c, 3919 
122002 45d5d022-9f8e-4fe8-80fd-8add153125e1, 8505 
303858 22149483-6cf0-4800-b41b-be7af7fe387a, 3919 
177207 a070dbb4-4b18-4651-9558-40c95d4f50bf, 3919 
166618 2e29ea38-d1aa-4750-8195-8f9307d4e92c, 3919 
221326 4436d474-8b2d-4d07-b4ec-1d581f2e0ff5, 8505 
263660 613e6577-cc6c-4093-91b4-a1162400e524, 3919 
259912 e3c04ca1-70ac-43c5-bbff-86fe82220177, 3919 
27589 e046abe9-8a71-4e72-8056-30ad90fc73cf, 3919 
344070 d65b08e0-8c5c-4f32-a3fd-0916a29347e8, 3919 
174530 71ebe8a7-790b-4b2d-b798-ea2eb9b51270, 8505 
113716 c36f7173-4617-4ed6-a708-9464eb3c53c7, 8505 
384269 06d85132-7a68-4ee6-9ce8-5a5f55b89ffa, 3919 
255218 4237a5c9-4374-4d47-bcc1-61e8f593eeca, 8505 
361824 36ded888-6db0-4c59-b37a-1425e15610c4, 8505 
185849 ba6c988b-9e0e-4bd0-801c-efe129efa75b, 3919 
153881 d687af8e-8eb1-433c-9f59-4cad6b96133e, 3919 
349897 8f65bba6-6887-46e7-a13d-160fa11e3904, 3919 
273404 01cffd16-02b5-4d60-b93e-7c98587738e9, 8505 
322464 7ced724d-2c69-4a87-a0fe-4c1391ebc9f2, 8505 
189269 4d4af1ae-eef6-4ae7-9082-28f2363a62cd, 8505 
300724 abe5240d-15d8-4de6-881f-1cae97431737, 8505 
186071 349fa5c8-bfc4-4a59-b88c-623b13a8eb11, 3919 
359480 08763af9-ee24-4b05-9fec-9276cf1a30da, 3919 
340461 f213bf00-22d0-46c1-b7ac-8e8600214e8e, 3919 
366669 f886a582-f0e3-4dce-836b-f4d6a5c24038, 8505 
271636 76e0519f-984b-4f92-980e-7cb877e83099, 3919 
62513 22eaa3ae-2eab-442e-8636-6a96255ca822, 3919 
157958 45057570-8425-4835-91c8-6451f64e58ab, 3919 
144608 e5287593-be53-4c92-b054-db843c3da920, 8505 
17284 40baff65-7d12-49dc-ba59-e464cda5c871, 8505 
289495 fe284e63-6493-44ac-bf42-69c2d556dfda, 8505 
56195 c7781c62-b40f-4ec5-9988-7c2ff76d7dee, 3919 
189895 75c9f39a-467c-4204-8d23-5a0a65126756, 3919 
307171 dfaf41ad-a8e3-4911-92ba-f742ceebf37d, 3919 
382820 467d3173-78d4-4631-9f21-09da62e56bdf, 3919 
403299 5923e268-83db-4aa3-801c-82912a6a89f8, 8505 
230228 7a3cd3e2-65f6-4047-81b6-679df147e233, 8505 
60007 e47e777c-7ff5-4ab0-b11f-e548d58312fc, 8505 
17021 fd8b72ba-97cd-47c8-a06e-e7c937344a23, 3919 
257961 cfa3490c-8805-498b-9a79-6dab4e00dd1b, 8505 
271485 d536e81f-8958-4e63-ae25-2bb85cd5f037, 3919 
162185 398205b4-bf16-4a35-94e3-4b8ecb01a16f, 3919 
171005 12f54d70-fb26-4c13-8469-a74360238d5f, 8505 
370216 183fd04d-9876-4c92-8806-c49206d8beb9, 3919 
240811 6db21427-0e5b-4cca-a78e-fc19005c1b53, 3919 
194401 6ba7e297-b0c6-4a2f-a8e9-39d859b9348e, 8505 
241393 66fae957-df85-4067-8787-88e5a9588d15, 8505 
187953 bc636247-da10-4a60-b34d-4d090856cbfa, 3919 
123035 ddfc30f6-74ba-4960-85ee-73d7b81ffe13, 3919 
380094 80f4289b-c876-4e7f-930f-4cbd5be06a95, 3919 
185427 97492f3b-f5e4-48f1-bee5-8a7ca4cb941f, 8505 
385502 2f0c9985-0b39-4133-b52c-a9544afe05e1, 8505 
348327 021f7f6a-1488-43f8-9021-291cfc06e274, 8505 
70925 ac0d09e5-04ad-4369-81a5-d4c34bc451ee, 8505 
105712 1477331b-4af1-41d0-a454-c04058a5e0b3, 3919 
219668 b3c91f0a-584e-4cc8-b5c6-5db427712402, 3919 
82145 348149a7-c9d8-4c53-aa1c-193589b61936, 8505 
13692 dba395cf-6b2c-4a84-99bb-735ad3fde54a, 3919 
391062 9843eb92-063e-4ecf-820d-d3a61e3e5db6, 8505 
388988 3a313651-b4db-4c3c-bed3-9e17b1afb70f, 3919 
212741 ef6c5e60-9494-4a9c-8ca4-ec7ef2934e23, 8505 
5350 0a327a1a-a9ef-45f5-a800-224e81001090, 3919 
63170 0ea51fd8-1b23-4c4d-ae91-e0fc75ade382, 3919 
240706 b3fc5b03-8edb-4a67-8f91-a4fefd9a3483, 3919 
63693 8bfb8309-9690-4cf1-b6b9-7b1e31ebbc0e, 3919 
79987 73b7c542-2976-464c-bb71-e8c5901f34f0, 3919 
267779 2470a5b1-3a1e-4acf-a6e0-72b7144ff641, 8505 
79371 08b7d3e6-777c-4b33-a16d-f047dffad3e2, 3919 
110064 be0045a1-0187-4a86-a3f6-dea772fc6358, 3919 
303157 5b5f169a-6c1e-4892-a6cd-9b1285d2b5aa, 8505 
110565 8c01f0f6-3033-4ae8-88ba-5e5892984437, 3919 
172449 520903c9-1c14-44aa-9df5-860b7a1f6a84, 3919 
208945 e038c4a4-9b5b-4303-8ea8-cc2ebde530de, 8505 
180041 c043d129-d536-4bd7-b5c0-6a6d07ec79a4, 3919 
177700 efcc4b18-5025-4da4-b152-0a3b469c4a7b, 3919 
236199 56641d69-797d-412f-8dad-d8f43ebf9fc0, 3919 
113244 46f740d0-c967-456a-bdd3-129b8f307cca, 3919 
395623 8d1c8d27-16da-4b78-bbf9-de2c6bfdf9c1, 3919 
347716 53345fba-89cf-4069-90cd-89895bb75e6c, 8505 
207746 348287e6-d48d-4bea-9faa-2e9d07e4f557, 8505 
32395 54a9fa9f-6aed-4385-8876-99b6e4acc813, 3919 
334371 787e3c4b-c745-431a-ac8a-70a508399106, 8505 
230325 cc7f30f5-d03b-40af-9776-3a50a00b09d1, 8505 
216202 888aac02-a241-4cd7-a99b-bf6ed8d5e26d, 3919 
138804 58163818-0fb8-4d78-9d1b-b378a7ce3603, 8505 
252892 3145f6dd-d5bd-4453-b0c7-7bb8ace5ef08, 3919 
107575 e33cff90-ab5b-43a9-a128-056319ee541a, 3919 
100564 ce9dddcd-8b69-49fa-851f-2bbef9e8243c, 8505 
282612 984bb2fe-e131-4454-b532-654354b13a13, 3919 
401544 099f0cb5-4a82-4124-92d8-18fb9e6aef10, 8505 
101321 eae4ff27-ed22-49b3-843a-13f24335a310, 8505 
18184 e332a142-92c5-4c79-9253-eaa727709594, 3919 
32938 8b225e00-fd7a-4948-b22c-100de8cdc6b3, 3919 
169830 b16b27df-37ce-4dce-bfb9-efb11db7b75a, 3919 
299626 92aa30fc-7df8-486f-b9cc-06822b14fc9a, 3919 
119908 d50e6792-927f-4d1c-8737-6c7057fbdb76, 8505 
283643 5df57f4e-ef93-4634-962c-4a96cb1e2dbf, 8505 
121306 b40c3770-39d5-434d-a2d2-431e05a841c5, 8505 
313910 cd59aae8-25bd-4738-8150-0ffdb2c9427a, 3919 
87115 2df32330-30bd-4200-9e31-915b5b8d6af0, 8505 
85264 60eaccfe-9899-4b04-9691-5280bd5fa757, 3919 
24274 bb5b0cf0-d501-439a-a97c-894699cdcc60, 3919 
224972 256fc3be-887c-4bd9-97ed-2ea9312d8c35, 8505 
268091 fee3cf98-d5f7-44ec-9d62-835392110fa7, 8505 
95192 c7598b24-93bf-41a9-b1f3-b680d0134268, 8505 
152646 f46d20ec-77e0-49ec-979c-eb0630de354e, 8505 
394548 1199b608-263b-40c5-a847-47d2d3362b7e, 8505 
269195 dc752b87-c511-4f85-be83-0de42fa05113, 8505 
107786 92233f91-d696-4f83-ace6-a4b224dca1b4, 3919 
176385 d3da3396-2632-4d85-b7c2-f493aba651b5, 3919 
127009 6b9c96dc-b0bc-499b-b84c-b103b61e215c, 8505 
337458 a043fb83-abfd-4a38-92d2-cc280ed82d57, 8505 
121135 078d43c5-5432-4fd0-90a4-754b9fea293b, 8505 
29622 d80d2b34-f258-4b55-bcb9-ed0bdb910c05, 8505 
266120 936d5a9d-3bef-491f-9649-d53555b9e9aa, 8505 
275124 a090c650-ab7d-4f15-a6b0-3cd44ee9c0d3, 3919 
122889 ba3f517d-2c7a-4b05-8b28-cb41d37f03da, 3919 
232978 7f5cd22a-bc2b-4769-9d55-96b3096fe64c, 8505 
44219 f2326cda-cb1d-46fb-a17c-a2790da62705, 3919 
105119 bf6640d9-96c8-4628-b3f9-e68ee20d77df, 3919 
43242 3fc56a22-ec2d-4738-9dc5-d7908c15a1bb, 8505 
396642 baa5aa91-c436-4b2e-95a5-1afc4d2cad16, 3919 
251846 6ff63dde-dd2b-4feb-8c20-0b4d97b2b143, 8505 
116549 88f96e15-f373-4ca6-9e06-81776033dedb, 3919 
225710 f9ed1cbc-b664-49f6-a0a3-69ed4fd6ce31, 8505 
232354 5e889ec8-8f68-477a-aa2b-aa621e7043d5, 3919 
22403 7335d9eb-1675-4f47-b6f9-221d298ea31c, 3919 
19598 ade76ebd-b787-4740-adf5-6cbeab566910, 3919 
42942 caf95584-82d0-4ed4-8ec5-1a3a94779561, 8505 
352778 85b1f99e-5da8-47cf-bbdd-477b7e214ab8, 8505 
180978 a6bace1f-a6ae-4c24-a639-5e4ef85f5ef3, 3919 
116424 d18f98b7-4c76-472f-aecb-560bc98386ed, 8505 
43228 00c16810-8333-4f73-a56d-bd48a444c76e, 3919 
377533 d5f934f5-ed6b-46e9-9fdb-41a998f8ec5c, 3919 
394733 151a8ad8-9f84-478f-bc71-206f06f6ce13, 3919 
239292 76b878b1-6246-4b41-bdd1-8f6838033efe, 8505 
91607 2cf2c6a5-11d9-4b02-8b33-48591f95092a, 8505 
102501 25007104-afeb-4fc5-83f4-3409069fc00f, 3919 
202042 9ed322a9-6240-4ef2-b2d3-a51b0bba3052, 8505 
56718 1c20fde4-a692-4678-ab37-51b2a3c99fac, 3919 
323506 e45c0003-810f-4ce1-b4eb-cdec2f0469aa, 8505 
292028 8906e1ff-c193-4fe8-9b81-2a45528a3a40, 3919 
148433 967ad3f4-9ff9-40b7-adc5-868a6b70053a, 3919 
360039 6e69d4c6-43ad-4f01-b209-bde0e0076b96, 3919 
83830 ace2d528-23d3-4228-bbaf-64dae619c152, 3919 
102591 cbd6b7b3-430f-4172-b074-82499eae2e74, 3919 
351815 717386dc-6fc0-4191-bdfd-5d542a51d9b4, 8505 
161210 cf810712-5ce2-4988-a25f-253af319497e, 8505 
198196 2089c5a9-78e8-4780-b7c0-ec3115c50788, 8505 
280893 21feb7fc-3398-4227-987f-67272e74976f, 3919 
141319 e609c6ee-6eaf-498b-b67c-dfad8d2cb83a, 3919 
361010 cbd2868b-4f2d-47ea-a8d1-151176579ca0, 3919 
269581 7ab5796d-47f6-47eb-8ecf-b9bd521ce997, 8505 
350403 4923e83f-e27e-4620-be7a-a7dca6c4c6fa, 3919 
119211 d6dbfbef-6af2-4593-b009-027e1333aee7, 3919 
301165 cb0d9574-9594-45cf-883c-c86bcfdfd57e, 3919 
389093 7a316c1d-a7ae-47cb-9746-e5bba9be1bd9, 3919 
173466 439289b2-2567-4870-b371-3ea5bfa7090e, 3919 
218684 26ae8da4-0736-4469-9433-64108e98721f, 3919 
118834 4e39eec7-1f3f-46f8-ac08-5382d18983bc, 3919 
150788 aa6c0fc4-45c6-4604-a078-55cf7edea2c8, 3919 
391531 825e5b4d-16e1-4b08-b7e2-76e203d99a6b, 8505 
313151 3f395819-7874-4685-ab77-8a12287457f5, 8505 
165353 13b4054a-6118-4be2-a8b1-c8af91866924, 3919 
53616 dc155136-1824-4c9c-964c-7ea4222de60a, 3919 
66593 f3da3f13-6608-4460-b10b-17b3652090f3, 3919 
129948 a2969d8c-2e29-45bb-adc8-c291e319c975, 3919 
391755 68a253a8-5470-4ba1-b902-2ee12e00ace1, 3919 
30540 05dc5e3f-2094-4216-8672-84cb01e95fd5, 3919 
240767 4ec5f61d-c76f-4fc2-9a76-f21987d6ff9a, 8505 
137129 5bb29e5a-1000-4226-934c-97d82386356e, 3919 
358316 3eced93d-10d1-4773-8e9b-1b3503842ec7, 3919 
83743 4a4e3929-b079-4ad9-a564-00e9aa671fb9, 8505 
16001 74cd3ed3-b27c-4f39-b363-56dc3dee69ec, 8505 
71388 213871b1-4faa-4277-ab56-6b8567bb55fa, 3919 
403763 6a9efb32-07be-47e5-bd24-fd7e2d0bcc0d, 8505 
101091 33583d6c-3b48-4ad4-afd4-ca51f09d65e8, 3919 
278674 6af5383f-b6c7-466e-9775-3471efbf9958, 3919 
12166 d8b6f2f3-d4a0-4c14-bdab-6a5d3f1aa89f, 8505 
358487 43e0d94f-bf60-44c7-a664-344c21b5e712, 8505 
308370 d881b839-ced7-4b7a-a9a9-17ef34f9c41c, 8505 
261743 b35d97d7-055c-4ef5-8ba0-c26cc6ce66e3, 8505 
115754 1d1d1478-3c9a-4982-9405-6bf2f67b57f3, 3919 
378406 5dd829ac-bd76-49ef-bebd-aef80a5142b9, 8505 
81445 7f04eddc-ddbd-4281-a1bb-76d77aa5279f, 3919 
140401 a44029a0-def9-44ae-aeb7-657e12cc7661, 8505 
143117 9e2c9d6b-6171-4b14-b93b-278c8ee0b8f5, 3919 
101465 a68219a4-eed0-4b0e-8c94-f09c2d3fa425, 3919 
336708 dcae3928-f85f-49c9-abd5-20e992db6c5b, 3919 
183043 f871d51b-17bb-45d3-8825-bf34746420b6, 3919 
67418 ca84a83a-19c6-4fe3-8039-3906f01b767e, 8505 
19670 a772c6b2-b47c-4c9b-b10c-a83a15e0cd21, 8505 
105580 89f130e0-3c3a-4636-82af-b2419fa8e673, 3919 
350236 d33f6280-16a4-495e-b02f-32ba374bd491, 8505 
403438 5f33f675-f62c-48dd-b72f-565972a782aa, 8505 
270179 6a6dbbda-1303-4ff0-92b3-c1f6a69ada4f, 8505 
213290 e58a697c-bedb-4a19-b142-db70ea3a18e7, 3919 
196541 9ae6b149-3172-4c48-8f40-5251b36acb34, 3919 
364445 503365e7-44f6-4fda-b950-52402508c142, 3919 
60615 5717b331-4c90-48d9-b78b-f5e4bb102902, 3919 
119782 59df8a7f-072a-4fe7-b3d2-442536089261, 8505 
162593 f4bcd862-9765-4cea-8983-db766f6a6bf2, 8505 
261410 82b122f5-5f1c-4273-b9db-1efddb3130e2, 3919 
139174 b68a40b3-824c-4b83-a796-5acb2784d823, 3919 
360261 b1e94b46-9de7-4fb7-9dbd-fc01520953d1, 3919 
322706 6572ebd0-d6bc-4c31-a950-8e4f7bcf8ec7, 3919 
64779 0276e27d-e532-4a6b-a99f-742e6b9b467c, 3919 
143523 645f9d9c-58b2-4e5d-bdfe-dc49e3cf7524, 3919 
261197 00559aed-7725-4fed-a5a5-8213882dae0a, 3919 
299237 9ef57a39-b8d0-49fa-b40d-d99b2331a23f, 3919 
240034 932e5e05-2d89-4ad1-b180-ee1890032e18, 3919 
78735 f406b293-17a6-4997-b165-8421bae14d73, 8505 
308130 376113ff-b7bd-4407-abf0-89a95b11ba0f, 8505 
203832 f6409a15-ba45-4667-9e02-01e543b78b23, 3919 
36316 67c5beea-c292-41e1-9200-c8dbbc7df048, 3919 
322179 38acf088-197d-4297-a383-4ff0a20031da, 3919 
369555 e77f56ed-da69-445f-9359-ffa83ec7ac32, 8505 
349612 e1ab4072-2a2c-4ae2-9ab8-c8e017051b70, 3919 
61230 c4550685-9ae7-46ad-8c72-55fdac90c154, 3919 
350892 34564d75-b19a-4eb1-b24f-a45d0248229e, 8505 
101955 519ba6c6-b361-40b3-9bcc-fb378dd4efa1, 8505 
152869 2c0917ef-aaf1-421e-990b-4dc478382c03, 8505 
195978 2dc15f5a-f4b1-4457-8e86-daae2672af1d, 3919 
383537 4179b8a1-14fd-4287-bb25-a7b060f7efbb, 8505 
68833 22ab2313-99a9-4b7e-bff3-5df66e32b808, 8505 
77724 c2cd528e-c555-4d43-bb76-a74147219f63, 3919 
76488 896a71ad-6156-43cc-b740-4e91b1acc818, 8505 
344941 ad1e95e6-c3e9-470b-9391-86d6ff0e47e1, 8505 
242164 98eae130-0d24-4935-9ce1-e49b37ea1f53, 8505 
291346 de43f653-a3ea-46f5-84fb-e2ed485a332a, 3919 
175968 961d6e92-9a78-4106-b44b-0409afebc7aa, 3919 
205806 46e62807-eb8c-4fda-9e63-8585b2f08966, 3919 
305105 1a5cd56f-5f65-400d-b94f-d1c87aca3861, 8505 
107670 22a8d4fc-0ed1-4f3e-8070-5a94b26a1273, 3919 
402900 401c3d09-2d2d-46f0-b0db-b2e9d995b937, 3919 
130407 3550b2c7-ed1a-42d9-98cf-5241b471efdf, 8505 
258959 d5b4427d-88ad-4170-a25f-62b2a5f8ea6a, 3919 
116389 6392c8d6-b49e-4c3e-9f35-515e72e0237a, 3919 
384243 26df8a7b-9adb-40a9-bd04-4ccd40b07339, 3919 
400607 07fcef81-ed1b-4d36-ae19-0b2f54231d75, 8505 
157647 e347a84c-f1c6-479c-8ea4-23ff49d894d3, 3919 
209116 202d515f-472b-4c0d-8ca9-1c250dd5ba54, 8505 
147016 40226638-a4b0-4191-b539-01a4578421bb, 3919 
337296 0dfebf22-5564-458e-a007-9914c78a815b, 3919 
56867 f87bcac4-f287-4bdf-bbda-726fe0aa267f, 3919 
83636 8e79d9ed-eea3-4bd0-82a5-3337680c9ae8, 8505 
13170 687c9cc5-7add-4989-a9bc-df4f4badb2ea, 8505 
55877 d9d4867f-1b58-4ca7-9bb9-0d82b7dd4d7e, 3919 
92266 1be9304c-6496-4f16-bea4-da4de53fb8c0, 3919 
257156 2b1035f4-c2db-4912-b320-a36793741652, 3919 
382015 8192797e-76e9-4370-ac2d-764a50bf74b8, 3919 
344173 145a63e8-e687-4f4f-a950-86087aa6cac5, 8505 
271978 da1031c3-9b49-4edc-8e43-a1e63a630c3f, 3919 
336651 cd18de84-142f-4514-9f16-a30d06fb8ba6, 3919 
100944 08f63e0a-132e-45c9-ac89-b66feccce67f, 8505 
288426 82c6415c-4144-4c28-a5c5-575de58b0030, 3919 
2850 b29cca4d-0778-4c33-81e2-a1aff8bd8f4b, 3919 
265214 d8dc6ce0-c0fa-42c8-8d8d-006199fd4e3a, 8505 
316094 abc7a718-5e35-4d8a-91c4-7de82822d0ea, 3919 
6261 4ebad394-bf23-454a-93e5-d124b2f208a5, 8505 
397896 ad7ca64d-ed5e-41fb-8830-9e327f96f751, 3919 
7690 ee22105c-8cfc-4fca-94c2-44b97bc12686, 3919 
131241 09e4e55e-b2d6-411e-a3fc-b3da34376bdd, 8505 
101020 1d734c1e-0939-458a-aebf-18e132a04ba9, 8505 
219847 74bce8b9-401d-423c-9133-a3fd729cf0e0, 8505 
206707 6d2e878e-51b7-48b6-95a8-ab463999fb42, 8505 
173157 facbd449-1fe7-444c-8c80-c9ba506ce33e, 3919 
396867 e91e03bd-a817-417e-a04a-f896a94e53a4, 3919 
83266 8042f971-477b-400a-b5fb-653e92592220, 3919 
249892 99eca8aa-8cca-422b-9e59-39189b3f9bbc, 3919 
30303 72f1fe23-a2fa-45a1-b610-ef98bb28a803, 3919 
248288 730253ca-981c-4f32-bb70-9ba3e00e4e28, 8505 
379898 81f9c903-8489-4514-afd0-a0fd2945de7c, 8505 
316515 57a53e6b-be4f-4edb-b06d-2a28eb60357d, 3919 
184191 d458a93f-9a9c-468b-ac11-62e59ba1f6b9, 3919 
168826 445254d7-2802-4625-80de-02d9bccb3226, 3919 
45134 c55d7246-e45d-4753-9570-bd94612ef6e1, 3919 
83904 95f72c9d-62f3-4bc0-833a-bd22068416c3, 3919 
6509 338bc093-d60a-403e-8316-2ba201324615, 8505 
99327 afdfdc77-e1c2-4297-ac38-eaed1fb6cbba, 3919 
421 4f447e06-109c-43be-a192-0bca76009934, 8505 
53880 e49ae755-d7e0-41a9-a80c-5246ef62d50e, 8505 
133652 8a23b38a-7f3e-40fc-93fe-7c35ce9d82c4, 8505 
178942 0b1d8028-c80d-4957-8c43-f332423b8bd9, 8505 
174125 434db0cb-394b-4792-a972-30f68e714688, 8505 
46639 75e5f5b3-18a7-4bf7-a0a7-860f32e6c4a4, 8505 
113057 98c839c3-00d4-4b4f-991a-ca09c9f26f9b, 3919 
154610 b0da429e-c380-4e71-9b6c-1cb668ff8f42, 8505 
347335 5d567a28-d102-42dd-93d6-3602b776f6f9, 8505 
280272 dbd73795-3a10-4035-b34c-36ebaf8e5e4d, 3919 
327293 837e9187-29ec-4c8c-8c28-9338d66996d2, 3919 
159289 0ef600cb-a309-495d-bfb1-9e7422096157, 8505 
14636 894f31cb-7e75-42ec-adb3-3e885217d391, 8505 
345057 6ff821c9-b144-450c-8df4-a1e971f8742a, 3919 
178853 a476d1b9-7eb6-4ec0-ba4d-521195f942ef, 8505 
343092 b6a08100-7dad-4004-b36d-ffb7f80d613a, 8505 
361527 c68f0693-2a59-4539-8379-15417ef874d5, 8505 
157359 564b878e-a5e8-4237-b1ba-4bb8f1b663e1, 8505 
110039 2a722e2b-47f4-4696-9ed8-4cd5bde274a8, 3919 
319953 f46c56bc-e8c5-4895-b81b-a7436bbb9a8f, 3919 
183230 07e88df3-f44c-4322-b407-1f049da56cd0, 8505 
63856 f9e12942-feb7-4473-8c09-ec9005c09507, 3919 
182776 9e63dd25-6f14-4013-8814-2f16cfdc9b47, 3919 
17324 61057281-626a-423a-b03c-588e057673dc, 8505 
128561 8d0f337e-4656-445a-b5d6-254c64d1eff7, 3919 
107283 91bcdbf2-b629-46d9-bc74-a4d7f498a346, 8505 
179568 efa07a91-704e-44e9-87e0-90a70b814e42, 3919 
372150 a81df400-3a43-4caf-9e58-924efecdf99e, 3919 
343784 98da40dc-6d4d-47bc-892a-002c77eb8470, 8505 
314111 f8688802-d889-4316-a1a7-2cd5c0bfb93f, 3919 
336806 4aa14734-b4bf-40a3-b31e-da7a58d22de1, 3919 
11969 f63bc178-26f1-4488-b4d6-767772da227f, 8505 
23599 bea36555-0cbb-42f3-b446-181c5c2aaa64, 8505 
312173 e5f9eea0-64b6-4900-a054-26b6cd91443f, 3919 
192441 9b5350d6-b470-48cf-ba9d-347cdaf0d0e5, 3919 
376398 cb423772-b73f-48f8-a1e3-490d03619860, 3919 
246876 03692a7f-7f1f-49f4-9e59-b986c1886fdb, 3919 
62121 cb5d6b6c-7a20-4461-ad75-b0710fdc3ccb, 3919 
105953 36bdd0ff-5a0d-470f-9ce0-d30a80c03704, 3919 
304548 89cf45f1-0cf4-4e8a-8802-74edfb99f2e1, 8505 
72424 573c7bb3-37e8-43de-9359-86c0c59161be, 8505 
145330 38982f65-6f01-4f9d-8751-18c1f89e6f55, 3919 
356190 df53aba6-ced5-45c7-9ce5-975b98d3ad91, 3919 
324828 322a578e-a61a-47ba-add4-e60d07ba4666, 3919 
96289 8e5db604-84e9-45bf-a9c5-14071b761b60, 3919 
120576 54007ae3-95e3-4e2a-a83a-b32f371c8ca7, 3919 
343136 930ad67a-3d66-4365-a1e0-99ca0c289cbb, 3919 
106768 a358ff0e-df60-4dc9-9aef-edc031f36cad, 3919 
169532 b43eb1e0-674b-4dd0-90d0-e6d0d6b8464d, 8505 
272991 d1368e7b-7b44-4eb9-bfd2-d89ea3fa0f9a, 3919 
163171 7a0e7d5a-bf8a-4fca-92b8-be005c5015c9, 8505 
127836 cbb73958-29a3-4e1e-be65-b5740ce46faf, 8505 
93716 626e4a96-eedd-49b4-921f-53b4efff2e94, 3919 
374664 fb5f81eb-4f04-406f-8081-bdee805c7250, 8505 
349647 97d651fa-e1e8-42b8-a2b7-7a6036b8c6bd, 3919 
1090 e88d1fac-f92a-4f28-8025-0febe2fcdaba, 3919 
293082 377bbbd8-a33f-4b76-b48e-57c5d63f7d98, 8505 
121239 fe54dee3-2719-485e-8d6e-a05e69d902d1, 3919 
218816 3a6f3f06-73a0-4fa0-aae9-3a651a1f566f, 3919 
22704 858d1829-fe7a-4415-ab8e-47c39391a5d5, 8505 
97333 634a7c50-705e-49e0-8a66-ba9b8cf7d962, 3919 
78723 798a6d05-c96b-4259-9a60-60955862f636, 8505 
118617 048d9fdd-4bb1-49e7-bfe9-1b1993c4e20e, 3919 
326189 8386dcbd-3405-42f3-bf04-1124f255c4e8, 8505 
43435 cd5aa487-c12f-4e30-a8e9-a70aa6545d34, 3919 
5667 981794ca-4aca-4dc6-8fcd-a9c6f19d2987, 8505 
130001 44102ba7-08e7-4903-ba0e-cc1094ee0857, 3919 
373672 b4e0574c-a440-4cad-8585-bee9d0277fe5, 8505 
93209 bb503635-3577-499a-983a-f16e4d3a61d0, 8505 
396006 ca159902-68e7-4c70-b872-349c811cbf77, 3919 
86710 8fc01d8d-f375-4365-9b2d-fabddd4d88f7, 3919 
355161 68d197db-a514-4d64-8086-c5585fe5aa66, 8505 
253373 22f3b336-92b1-4607-a556-6dadda2a47d2, 8505 
73069 d1fef16d-f110-469b-8772-9f5a69b053f9, 8505 
401998 259831ec-9f6a-4875-8463-09f0b9585a6b, 8505 
389910 6ed99275-8b56-4ca3-a355-d44eda781c71, 8505 
225767 3bd46b48-2500-4096-b127-5213f24bb417, 3919 
231361 73aac45f-1ea9-4550-b42d-462094e28336, 3919 
114294 1b86d6cf-1c59-4a0a-a87c-6d4e9938d0b6, 3919 
120864 05922e97-6e0e-4992-8fa4-444e1b47f498, 3919 
373955 8cacdcb3-7970-48cc-b0df-086a62238bfa, 3919 
182670 cc1b991b-1e32-4e8a-a989-bba394ed68ee, 3919 
100460 a54ddd16-ce86-4433-96ea-00c99a912e9f, 3919 
28895 ee254fdc-d61a-4a36-8acd-f6828ff6587d, 3919 
345379 e8de7249-8126-4f16-b7d9-64ab0d90a9ca, 8505 
336384 55ec167b-d8fa-4ff1-abf0-5873daa1daf8, 3919 
140793 3da2d6da-dae8-4e90-8032-6afd4e95b6ef, 3919 
391038 f9a5d728-c389-47ba-b675-2e0556c192e9, 3919 
387921 5055c5b0-cef0-42a8-aeef-e27012343992, 3919 
239078 ad93059c-5568-4f4d-ab24-f9f3dddaef9e, 3919 
114913 2d0fe784-6dc1-4648-a11a-9194fbeb4ad4, 3919 
190590 d83b451f-b5db-434a-abb1-f3f96033c97c, 3919 
151886 138b38f3-422f-40ec-99f2-336728ca2de0, 3919 
106839 7a213462-cd86-46bc-b676-d091d907ccd1, 3919 
88228 a46215bb-f8b7-4f37-a522-7a1e8224947a, 3919 
193624 252914ac-4fa8-4492-8332-434b5b520fed, 8505 
179439 1dc70e0a-39aa-41dd-9a25-f3029309205b, 3919 
322018 66cb31e7-7699-4334-bc00-1fab6afd82bf, 3919 
114906 3faca0b3-b3bf-46a3-8203-b00a22e9e509, 8505 
318208 97d95fac-048c-4ca5-b4c1-720dc0c23e5a, 8505 
54745 dc46827d-821e-4836-bcad-8e89b23a0161, 8505 
36099 8e233699-de00-4b11-82a4-0209e3817724, 3919 
24749 6f5c2827-01b5-465b-aa52-cd323f99d399, 8505 
233921 79adcb55-d0bf-4c23-9183-ff7c1091b27f, 8505 
240130 0edd4e10-5c0e-4e2c-9ea7-d924ee9b6f7f, 8505 
48768 e0ffb0b0-c651-4c13-8756-6750d2eaeb0c, 3919 
297012 c3ba484a-0f7a-4661-892c-5fdb24f59b15, 8505 
212835 ae905e8f-e150-4d96-8ea6-3c5ae1c73e03, 8505 
194925 e003a428-8f50-404d-983a-1242db571d9f, 3919 
310233 5a953e3a-4d1d-4753-8aff-02b765c38e12, 3919 
119522 3ed7c694-0a8d-400f-b18d-3973bca03145, 3919 
294586 b7b2b921-1c81-49bc-8914-b664fd78bcb8, 8505 
300212 18d6b046-af77-44b0-bd90-5abdaefe8872, 3919 
82333 dd81590e-7c2d-49ae-924d-4ac3744a15f5, 3919 
334249 89086479-de3f-4a8a-b18d-17d1fbb91916, 3919 
351452 18726300-2452-4db0-a983-73e3e83c8b7f, 3919 
288336 ae5d9521-e2cb-412b-abfe-0691b6639438, 3919 
340295 43064753-725e-433d-98fe-aa325f431b15, 8505 
35446 37c40d38-5e5d-4da0-88e4-74960ef64268, 8505 
401692 1f63dd1d-68b5-4274-ad22-c4b3b2a8751f, 8505 
47495 71908340-1750-4f2f-8360-6ff4369cc5dc, 3919 
17236 59cbf497-7b81-48f2-947f-3bdc52257aa1, 8505 
363133 6f4aee63-79ab-4f53-a311-8e79b07bbe4d, 3919 
283052 e0583063-17c1-43e0-b2aa-5d2be0805335, 8505 
47762 403398a2-f67b-4cb2-993e-6c9f04c0a02e, 8505 
338292 ee35ffb5-5c1c-4f07-804f-2788bd44a6c7, 8505 
246455 110287f3-6873-4702-88a8-be9584492fa5, 8505 
304009 98310b90-10a1-4f19-97cc-86da21a984bc, 8505 
125492 3e85706a-d8b1-4d10-b4dd-70bbd9773529, 8505 
29631 a2f4ffb3-e398-4622-8c4d-b1f8bfceadaa, 8505 
4536 6f550f6f-da9a-429f-8980-35afb7dd091d, 3919 
35779 7bfc2a6f-7746-4bfe-b5fc-7c4cd3d445b8, 3919 
141132 11c9d6e7-1c52-4617-abc4-6046cf8a5cca, 8505 
374 c94fad5a-89fc-4e0a-b5b1-fd92e49a28bd, 3919 
260125 29f03324-d1d6-4edf-890e-e9d4b34b805f, 3919 
336936 4002740b-ccdc-4f88-b780-5efab878fef4, 3919 
83942 879522b7-06a0-47e6-a7b8-6ad2364171c9, 8505 
365019 5e329ad8-88e9-4617-b4c3-c07eebfa99d2, 3919 
141901 76bf3207-434c-4c05-8d64-7aa0d75e0ed0, 3919 
282233 8e270704-8b98-495b-857a-2d34b5a7a289, 3919 
343503 6a9fc700-20cd-42ae-bcda-3a5cbd8981fa, 8505 
251684 cb6c5099-84ff-4836-a201-6e6193205671, 8505 
73188 07da33c3-a2aa-4f8c-b7b4-05a55397380f, 8505 
380625 92243e8f-7df3-474a-abec-21c7b3b3149d, 8505 
402885 04363d47-8492-4625-94d5-8e5be5565408, 3919 
197695 96b9994c-4b67-4ce0-a612-102e62d2bf2b, 3919 
132538 4764d403-65d3-4aa7-a543-940e523deb7a, 3919 
227728 c06a1164-a921-4cca-a232-f1f61eac4899, 3919 
270346 84aa4ed8-659e-439c-a357-089d61580875, 3919 
363345 6155e7dc-380d-4242-944c-0a23a96ee8f8, 8505 
265659 7f615326-99ad-4d0f-acc6-32dad4fc9c7f, 3919 
244817 aa09c866-09ec-4e54-9953-0d4a21007a9d, 3919 
359911 6c7ab0ce-c717-4dcc-b118-c844937ca2db, 3919 
273151 6a2890a3-11f0-4afa-bd13-6c7bfa1b09aa, 3919 
17380 d1110eae-fcce-4987-ba87-9b3a9bd6b5fd, 8505 
303244 0b95d3ec-edf9-4f66-87d4-2007e8af7e92, 3919 
119998 317fc9a6-e83c-45b2-be30-ddafc4c585f2, 3919 
255623 7bed2dbc-8251-4096-9387-cf4c54a7b2eb, 8505 
198232 21e973e0-b78a-486e-a2e9-5402cf435fa9, 3919 
209408 c7e76761-e502-4a91-9786-35e58fd34113, 3919 
15848 0a98d6b8-424a-40af-8982-20fdfaf59693, 3919 
307027 a9c3cb31-15e3-4baa-94b8-dc2c55b81be6, 3919 
345079 535bd625-614d-4249-8205-87babbbbc942, 3919 
357504 13d6081d-b3e5-4d75-9460-4005269fe43e, 3919 
157875 f4414c93-ec4e-4c44-8e91-3e792f8ac03b, 8505 
62542 70717936-8956-47f9-9b1c-3ab6b5e7400b, 3919 
391445 97a15bbf-689b-4fd7-a318-ecbe05a732fa, 3919 
318541 679abd83-475c-4f94-87b8-3bda52d7b625, 3919 
280619 c1e7f478-711c-4f64-95c3-e6a6cd067b9d, 8505 
389547 5069c242-aedc-4ff9-88b2-81c599ccc741, 3919 
196339 b3b60dfd-22bf-404e-9b26-81c075fcddc5, 3919 
3652 64e00d1d-649a-4e78-9a4d-242e71b175d8, 3919 
162052 b5f4f8c8-4325-4315-97c4-a31906e42b21, 3919 
115098 cc73c80c-de56-4ab1-9762-d835aaf54c20, 3919 
383982 e1430d56-3981-4262-880f-886fe1a5dcac, 8505 
282885 cdc51604-aa63-41d5-8450-3d72124e2a0a, 3919 
209242 be4d7ded-5e3b-416f-aabf-fba18c0c09f2, 3919 
338293 b00800a8-d143-47ba-a94f-496e423b2946, 8505 
271497 8c232f81-7baf-42c6-8e77-df3a36bdb3ec, 8505 
104964 c369daa4-faa8-4dde-8fb4-ff35a39feaea, 8505 
251225 60116d99-d49a-43b8-a639-1676be0a18ca, 3919 
132286 2236cbb2-fab4-427e-8454-7b612e109044, 3919 
295072 a555f2c3-d34a-4a3b-a2d1-b906935cfcfc, 8505 
174561 6538f086-4401-42bb-a4a0-23b2117ceb38, 8505 
153217 fc6fce2a-23b5-4238-ba57-3aa7953659ba, 3919 
325681 2f321c91-6374-401d-9e3a-ff57e5eb0d66, 8505 
268849 b8ee1c8b-e3bf-44d4-b8e2-e477f3ccf3bb, 3919 
328946 8fc1326a-ad4b-46ce-8492-02a42a1b98b8, 8505 
282383 ed372829-b531-48bf-b88b-db4e184eaf96, 8505 
248799 7b2e3ecb-9805-4f1c-aee9-91f7b6ee5ebf, 8505 
231721 69b3930a-b988-4881-b266-15c1bfdbfacd, 8505 
161553 242707fd-9f7d-408f-8f49-cac6b8b05770, 3919 
93702 6bae342d-927d-4047-bdf4-2a1225a67891, 3919 
343772 33a17ece-64ac-4c7c-92b1-59a6097f9d67, 8505 
252626 af203ee5-0e43-4622-9cc6-39353404bc81, 8505 
123677 b9b45768-e1cf-456c-81a9-bad473210388, 3919 
102461 ba5e49de-02e1-4e7f-859d-957389b2843e, 3919 
305880 09f50b2b-8ce9-4880-a580-d0e428fd16cd, 8505 
55062 982b2b26-43f3-4c48-a00b-7ee579e712fb, 8505 
103198 3cec304b-1b01-4872-bcb8-3f8c71a7a32e, 3919 
230178 f836b172-91bb-48ab-b3f8-ae1153d39b59, 3919 
140609 55bdab67-1d05-485d-8b94-0d0b21b73fac, 8505 
174721 a24f4f2c-c7ad-4e53-a168-2348ee564411, 8505 
369653 601fbf0e-7bda-43ba-b296-241d2a291cc6, 3919 
245141 f254a981-cd48-4785-a367-fc89d9bf433b, 8505 
326009 6480b93b-a409-4437-b661-ff68abc100ed, 3919 
363025 83243f77-c874-49df-a2ae-5becf8a809cd, 3919 
11792 b366296f-0408-4882-a270-cf5a28e6af56, 3919 
226633 2ae2be01-a39b-432e-8fb9-66a0e0bf1d61, 8505 
225374 ecef840c-7c92-48bf-8488-16e40fdaef37, 3919 
64 b1236bba-9eb4-4f6d-845a-1812404c1608, 3919 
403153 34aa9bb4-d9db-45b2-986c-62c72e8887a2, 8505 
157156 7ac6f752-1f39-43aa-a861-c44006fea1dd, 3919 
245980 bc37ae23-1b2b-4f15-9057-5d53b0ec47ac, 8505 
112036 9100a231-2932-4493-8f5f-7ce9f712ca18, 8505 
43183 610f3dba-671f-496d-ae7d-94137c8a9a22, 3919 
176859 05862f5a-2ba3-441e-a2dd-6990b21ef7a0, 8505 
258061 3d982fab-e5f9-431f-98a5-845333e9a583, 3919 
222244 d8381725-9335-423c-8f72-bb2a65670b12, 3919 
322158 eff02f26-b797-4603-8d00-45fa4bda8066, 8505 
248475 43c0d397-5897-4c29-a5bc-9c58f3d36f91, 3919 
214533 c3c82693-e8af-4a2a-a7e4-49d96a914f6d, 8505 
198725 f425dab3-5ef4-4e9d-88c3-9570170ccf56, 8505 
384988 fc49fb94-343e-4f16-95c7-f09e99c2f870, 3919 
81971 7f2b9105-c2c0-4923-ab9f-7cc8eaa1dbfb, 3919 
324023 babdd406-6149-4237-87be-9f66af226a64, 3919 
214990 d6c77f44-85a8-4685-aa95-1c5f7fd80d7e, 8505 
41471 1a539c50-8043-41da-b824-cb2acb82314d, 3919 
255851 bdc338fa-c75e-4528-9803-d2e63d6e2288, 8505 
313802 26123b17-8e8c-4a16-ab01-4627b3818fab, 8505 
48849 c81537b1-d515-479d-8190-777b8fde98de, 3919 
61298 7913d83e-8998-487d-9e2a-f547446edd13, 8505 
144904 8c56515e-d829-4c0a-98ef-bd02bb16f196, 8505 
341134 7f145a41-9a3a-4038-affc-4e4b932eef7f, 3919 
87076 704b8783-d7bc-481e-856a-65f38b3a2144, 3919 
338294 46d14235-ceab-4f57-99be-9e20b78f3826, 8505 
189166 a5ca8cfe-4a7e-4cc8-a5bb-41acd8c03ebc, 3919 
371224 675bc93d-a1f8-4f04-88be-373f685e6ab2, 3919 
174372 ecdd444d-e990-4135-b5a5-c5e4e05b8b7a, 3919 
46514 de4a56a5-cfd8-4df1-8314-1105de8e277b, 3919 
95601 556972a4-1577-4048-b404-a3a260ff6d3e, 8505 
116024 a3029a90-cfb3-452c-8ed7-036cacf0dc05, 3919 
82061 8bdd7c14-6e81-477e-a030-b34d663243cd, 3919 
129248 db46f80f-e053-4ca0-bcc6-7d5ae2fd7a81, 3919 
303151 b9c59662-a3c2-4e18-8330-45e357501bb1, 8505 
306307 d459ea29-3731-4698-91d7-7d6aa81b3676, 3919 
212724 a48d3177-2269-4328-be53-69f79ac560dc, 3919 
328934 d1eadc22-d1e8-40ca-8775-28a4eeb4adf2, 3919 
38143 695adc7a-b448-48f0-b904-f0cf5015eab2, 3919 
60096 b363c35c-0e02-4e61-9718-da262e8095fb, 8505 
56119 2a4ed046-89ab-4c5d-ab18-00a4e8511540, 3919 
62044 fa220a29-9573-4901-a0a2-fc84a68a32aa, 8505 
255680 1cff85d2-c2e8-4752-a643-e822758e60ff, 3919 
155865 fad8f271-af21-4d13-a945-f77096f68a09, 8505 
107744 f42c954c-7926-4af8-8c82-178ef1a9531b, 3919 
99625 2caf3f00-27dc-47a1-a7b0-a3c92d37ac00, 8505 
93141 bbc4e4c3-aa8b-4044-b24b-f069df67e23e, 8505 
159198 d8d59162-0b71-4b67-9314-3f464370352a, 3919 
189253 2b9009c3-ee6f-4545-a655-e840a999c008, 3919 
144586 42421e15-0b1d-4c7e-aa34-c26056252baa, 3919 
93806 65536305-ccd1-470d-8bbc-4e3fc19009c2, 3919 
283883 98cbad1d-ba1b-41f2-aa51-00cb0e3c6e2e, 8505 
141584 216df115-b574-4157-bb44-766d133abc54, 8505 
396145 48cc8b64-8ba2-43c7-82b6-b6d2f69d564d, 3919 
17911 b09a16df-a63d-4533-9186-31a92dd88c51, 8505 
50291 280fe0e8-9a43-44e7-8e27-b6334e3de0b7, 3919 
252730 173b63d8-3937-4d02-9cbb-2f1cd94e95f6, 3919 
11937 90135e80-0224-4fb4-8e13-64249343d329, 3919 
263642 db5ded66-a899-48af-9e02-6435e99b0147, 3919 
75964 2fa330da-5335-4c69-a8fb-010a97a3e870, 8505 
70930 d7f37bdc-398c-4023-a254-667b23a1a0a5, 3919 
69445 c710a347-939c-4c6b-8cc7-97c29c1b3eb7, 3919 
389355 3248e268-56e1-43db-baa5-2bbdf08e8642, 3919 
81401 63277616-9db4-4dfa-b544-269356aa2925, 8505 
65404 f606aa42-ff82-44c1-9036-66cc6c3ccc79, 3919 
378817 a48f77c8-28be-42f5-88fc-6da416038afd, 3919 
387817 8e104fe4-29c2-4598-9ef4-8fd52e27dd7e, 3919 
373782 e1bfa3d6-9bc3-4524-a81d-5893b861e749, 3919 
259829 00e6e025-869a-4602-9ce9-93157ce94e74, 3919 
352398 6eee67ba-ebf6-4e25-bb96-a1e7da50b7b9, 3919 
47458 ff00dabe-87fa-463d-bf81-fdaee1b46085, 8505 
113050 7b06ba30-e53f-46cf-b205-8838dbe03ac4, 3919 
241215 842114e5-bb30-4ee1-aed4-2276652ffade, 8505 
237690 6aec8e7d-3a00-4169-9430-506b700130a2, 3919 
60375 59015132-13b7-43c6-b7f1-18cfccf5996e, 8505 
297103 c1368d19-c807-4a5b-92c3-2b1b43cd7132, 3919 
365125 ce6d6884-db04-46d9-a9a6-f943d4d2485b, 3919 
232842 b92a1614-0e38-4af6-ae6d-e05735dc359e, 3919 
194787 f049c967-6a2f-4bb9-8d48-67476871024b, 3919 
191167 f6b50730-949e-42fc-8224-79bb8a54ccb9, 8505 
395173 d9d4f5d3-5586-452d-9305-6a538ae6ae57, 8505 
387122 aa2a627f-1725-43ae-8264-9791ac086b93, 8505 
291444 c99c32ea-0ebd-4f68-9728-f2a9e46168c0, 3919 
164564 6954cbbe-f012-4b4f-8b44-5b349af0ad67, 8505 
207972 90216876-c8bc-46d2-99e9-8d9d536feb38, 8505 
300678 f1d6dceb-2bb0-4c63-8b4b-7fa60256cf8e, 3919 
37609 4849d182-8e30-4abd-a601-38bcc0e9250a, 3919 
278063 b5328d8a-b6e3-490a-8e70-0c87414c527d, 3919 
242837 6c6e2917-86a3-474e-bfe4-e7fa98679867, 3919 
237900 4b1040c4-7c7d-4a17-a1c2-608f5f8ab79d, 8505 
206672 cb573203-3d9d-423f-a0c3-b46a78ea04e2, 3919 
144188 9fc7c1d1-9233-488d-9926-025632b3cb39, 3919 
327994 4089abc6-d1ec-4494-bf37-7e7674f8a964, 3919 
313382 fc58de8c-f7e7-484c-98fd-02fe4453a8bb, 3919 
189869 416e0749-b281-4fbe-b55e-0c9208bb8b2d, 3919 
367030 b69905fe-07f1-4744-aea1-52c406918a7d, 3919 
340556 319640b4-2ebb-4d2f-825d-38bc4703c38b, 8505 
68381 6058c3f0-8891-4b02-ab79-3abbb57924e3, 8505 
35890 288c89bf-8ae1-4482-9c6e-c2739ff78d96, 8505 
151101 db66a80b-9284-4a88-bf39-22bdd0e7a309, 3919 
120838 593022d2-3916-40f1-97c5-119e51245239, 8505 
40891 6da76313-86cb-4705-9d79-c660cf60690c, 3919 
188071 7c6d2e8e-fa92-4036-b2aa-c1d1e2aeddaa, 8505 
123151 a39ed16d-a96e-4b5d-859c-5d6e7d0b342d, 8505 
164416 36dbc89c-1158-43c2-a2c5-9125bba73c3f, 3919 
291050 3bc4e075-c40c-4301-8bdd-e9615a916d39, 3919 
31739 754b8ee3-88c8-44df-babd-97f521adf568, 3919 
119678 9080e414-2078-493d-9425-34b4829bcea5, 8505 
76237 53ee0517-2702-4b1a-a285-c8e432caa8ef, 3919 
214861 e441be6e-aba5-45fd-8dbd-e61e6fbf709f, 3919 
351885 f714294d-ad6d-4b65-8258-c2eb96ae26b6, 3919 
46287 eb0f8420-ffa8-476a-a4e8-4b6b7a3d84a8, 3919 
264545 e02ff9c1-2594-4ce9-b740-51a9736c4ffa, 8505 
239261 f8373fc2-5994-4f0c-9323-b6a76af49625, 3919 
152568 a678c7df-beb0-40e9-a446-edb683c95f02, 3919 
293534 a9e902e5-ccbb-48b8-8741-87e129cab377, 8505 
293403 416a830d-061c-4f71-88e7-c8dd5f7087cb, 3919 
89055 e4b81f72-8b0a-483d-bf1d-5cc2f07e43e1, 3919 
112145 f6b05ba8-5f0f-4d0e-a4e0-183926496e98, 3919 
279296 d5b547c6-9e6d-44da-9960-280d10bbd574, 3919 
33227 48505125-cf35-46de-9bd5-a6422d346192, 8505 
261746 82c6c025-ac64-4b95-825f-ec986f066849, 3919 
199528 5f03045c-54cd-4484-9093-7a1771a0024a, 3919 
126786 f690d2fd-3b99-4eb8-ae3f-f04a4761054d, 3919 
102428 f0ccb79c-da7f-42f1-a7c3-76116850c288, 3919 
109429 d49564ca-b02a-4e90-af01-29871d9c214b, 3919 
130352 3569854d-85a3-42c7-85d2-975740ac0e9a, 3919 
31542 7994c0f3-e3c5-4530-af6c-66a3512d5fac, 3919 
138147 dd56a924-e70c-49a8-accf-160f3bee47ba, 3919 
168072 ed639f6f-687f-43c2-b20e-9170ec371516, 8505 
226058 6a9e1059-47c2-4436-a448-ab1ff45dbcd3, 3919 
172316 da95ee98-8bd8-4768-8085-87eefa1b908d, 8505 
52560 bead76cc-53db-45e3-845f-18dd22751df3, 3919 
206248 ab8b123c-7f8d-4051-8f2b-8a36aea560ea, 8505 
288527 7c8db992-9e1d-41a4-bfa4-ffe9776e437d, 3919 
189420 0202aa4e-700a-4b27-8e2d-ec5ba0b41cc7, 3919 
190980 9c576d8f-eb2c-44b3-aa0d-a01908a882b1, 3919 
224653 31a8ca98-cad4-46ec-b178-2b22bdbd78bb, 3919 
245094 ac767fca-d10d-47f5-8983-d41a5c599680, 8505 
147231 52548ec0-3951-4fb3-b64e-f5decabdb3d0, 3919 
285352 35e60b53-42c7-4892-9849-2db84b29dfb5, 3919 
36423 64cda7a7-5774-4c05-a382-9d715a055d34, 3919 
385796 18ab8fbf-0085-41b4-a559-bb4f45552201, 3919 
3073 9dcbb76e-41e5-4eff-851f-c425c24e0889, 3919 
398305 6b3c6679-db20-4874-8230-256d048a6e46, 8505 
155250 85ff90f1-3581-497c-962f-52ff0ecda09a, 3919 
13305 9267f094-35ae-433e-855a-c3e0d991e591, 3919 
92422 18666f6f-be2d-4f4a-8536-92900fff9265, 3919 
158160 67e75764-82be-464e-ac0c-139b180d9210, 8505 
207372 459aa78d-2ade-4ca0-b41a-01cbd0724adc, 3919 
56472 107d37b0-67dd-4645-904c-38b6e4f7ebda, 8505 
309903 f9020d00-59ef-4d10-a5ac-afb42af16f8c, 3919 
38007 9c14e055-17f9-4a26-a01a-15cfa6f98a0c, 8505 
115569 e5459116-befa-4877-88dc-ad2cda7f9f23, 3919 
304049 4a6a4f0d-3052-469e-8051-c59c9080f352, 8505 
145518 531c1cb8-5a20-42c0-903b-adc7fb4d3700, 8505 
397936 05776421-c173-4929-98be-d1767abab6bf, 8505 
251267 ef151157-b432-4eda-94de-c8c1cedd10cd, 3919 
242107 ca7e68ec-c438-484a-9359-064f99efa5f1, 3919 
400635 b083ae8c-c3f3-4c1f-b1ca-cbac98eea81b, 3919 
39911 809d9d9c-b4ea-428b-8ff4-ccf93a171736, 3919 
94936 af66821e-6201-4d02-b406-5aaf419e8ae7, 3919 
11571 76672c5c-7141-4d45-96d9-6a4b5ec27800, 8505 
218508 7ff10051-c38a-4469-be77-c59a0378e10a, 3919 
90238 94b31d48-7b1c-4885-a25e-bb314afe68e9, 3919 
91395 d5bb2634-ec2b-4157-ad63-a3d5f39b427d, 8505 
116142 cdff724b-3c23-4a85-9b0e-4e7129b2abf7, 3919 
249516 53c08c16-e639-4c55-a04d-68d7a92a7d8d, 3919 
370908 d0b7acdd-cb07-4e45-b54e-e07bbf947846, 3919 
252402 40ff886b-f2f2-4369-8d53-6b01a2d2fbcf, 3919 
272045 3cde6249-7fa3-4721-b7ef-ef05e10e2b16, 8505 
293655 721fc699-ec42-4e4d-95b2-b8895b066d76, 3919 
315598 c9736de7-917b-416b-85e9-ee1481956e00, 8505 
119116 7c61de31-ce05-4679-bd80-756faddf6656, 3919 
363090 0c888516-ecf8-45a4-9399-90f621196f89, 8505 
164702 5cef5a81-0b09-4129-b92d-c5fb34755db9, 3919 
396269 ef696669-fe30-451a-b374-fd2047bf8e14, 3919 
296232 cdd23c22-4cf3-4415-bbe0-0f6a45197d08, 3919 
281576 4c25a3c1-3ff6-4fe1-ab24-365db21a3c94, 3919 
261291 c6cf471e-20b4-4871-bf93-05e90dff14f2, 3919 
288948 eaeefcc7-8794-413d-ad91-219308a20a0a, 8505 
281930 fbc1d842-e56d-49c9-8753-84bb73bef523, 3919 
126934 4aac8996-5575-48b1-ae8e-7689118b113c, 8505 
264978 bd6fa881-2466-43cc-8cf5-1e3679ca10a8, 3919 
214212 ba22de4b-be54-483b-8905-c206c4c984ba, 3919 
233225 c4ef9be5-b84b-42b7-ad53-1d4ea4378148, 8505 
353174 3a66e79e-5468-4534-8121-8dd71dc2b7f5, 8505 
319547 1c42de63-89cd-411b-ac5e-4a8f8ef1dab9, 8505 
358222 bf567e2d-0987-4d10-8167-bcb5d40e2397, 8505 
71332 0169bd46-e4b4-4edf-aad7-991e2c01f08c, 8505 
286247 d61acccc-daaf-4901-b74f-8fe22dbc5e26, 8505 
183557 bd5e7b6b-f18f-45d3-9388-8c1ac590454c, 3919 
96463 a84a6955-72d0-4868-b1fd-a46ee9b6de21, 3919 
173070 b8a40293-a4ef-4d37-8db9-4b361a79ff3c, 3919 
255559 8cfbf265-bab6-4930-b1fb-34158f4ac30c, 3919 
45625 8aac4afc-a01b-4be0-8abb-eadaeaf2dda5, 3919 
363058 83eda6de-3bf0-4712-a037-67a0d8745356, 3919 
225463 e00691d3-b852-4b5c-b936-d76cc7276f13, 8505 
124010 f649dc61-924f-4352-a7b5-90451394dd46, 8505 
57147 ceda7e07-c627-4dbe-bdfe-f1ffd4de16c8, 3919 
375998 3196ee19-6ad9-4bd4-a0c6-f834941866b0, 3919 
373678 810ea04c-cf0c-42fd-a892-eba928cadd01, 3919 
156030 b931133f-56cf-4241-b07b-049de4cae4d6, 8505 
212650 b95b784b-cc69-4879-82f1-d3ecee3a45dd, 3919 
95036 b22d66be-fc1c-4b72-a390-b5ae759be931, 8505 
242625 16b66b5e-129d-4cf9-8868-13fbdf4697b6, 8505 
144171 3d26c52a-d779-4f8c-8462-ff9cbb1b5d4d, 3919 
348871 15c0210a-0f6b-4a44-b667-5d25ad84bdbd, 8505 
139486 43570627-361a-48a2-bdf8-1e704ff6213c, 3919 
175887 f34a11c2-073f-42a8-a6bb-aaa6d4408297, 3919 
336389 c9a7f5d2-562e-42c2-8e10-5844f251eaae, 3919 
386125 aa37a3ba-eed5-49ad-b2c1-f99936df686d, 8505 
254279 2ecc6765-e4b8-4cbb-85ca-d5161a27b440, 8505 
274661 4d9e77f2-81fb-4681-89cd-2ec09a485207, 8505 
398925 6737f073-aa6e-462e-a96f-753f6935a764, 3919 
317709 bb09c944-4dfa-49c2-8c40-6c34afe30545, 3919 
42532 0269288c-4830-4c00-a666-09a87797e935, 3919 
47230 bdccd590-af2e-4bb7-b6ca-fabc1b930391, 3919 
332914 1e7c7157-ec95-4c1b-9365-1fcf2ca012c7, 8505 
401428 3f3c0082-4588-44b5-a0b6-ecf73d15ae3a, 3919 
96336 cded2d68-21a4-4550-97b5-084fce595a62, 8505 
220191 aa1383bf-e7ee-41ba-92ca-f111f9e77487, 8505 
141830 70902e32-9916-475d-a1f0-cb42499ece24, 3919 
390169 0406f763-07e1-4d16-97b6-f8c0155f7f52, 3919 
313121 d4562a03-a151-4c0e-9a54-7c1bdabfe9a9, 3919 
191736 016119bd-9bb8-4611-b8af-54ee537532f5, 3919 
320946 1efd62f4-4738-4b62-a29f-3d08f9b3f661, 3919 
220677 0eda5cdc-d620-49a7-a8d4-12bbea4b2186, 3919 
27626 b16acc24-6799-40b6-bf73-6925895471ad, 3919 
232369 9eaf4f97-95bc-41f6-9400-99d4c9377939, 3919 
117010 555dc8fb-4490-42c7-8005-46405d656d18, 3919 
398195 b5a72fb9-8757-449f-97d0-da95615987fb, 8505 
14332 a15ee2a4-2478-4227-bda0-b6be34a6750f, 3919 
143090 c9ec3006-10aa-44f7-a4f6-7fe30f1ec06a, 8505 
274365 bb004d56-f24d-4e91-b0b9-e1bd2843b929, 3919 
398075 7cf43ff7-46f5-4bb6-ac5f-72b01847c304, 3919 
379990 f046fdd4-b1aa-4f1b-b7a3-2a11cd45e242, 3919 
151624 f67c5532-4e47-4933-966a-f55b01ebdf76, 8505 
50943 b1b0349d-8d02-4484-b9d7-9dcfb31b5b93, 8505 
230087 457552dd-1f51-427c-be6d-ace458195aa3, 3919 
202127 58e2976d-007e-4c11-87f6-59b6852bbee9, 3919 
19607 782c71de-cb01-48a5-974a-532ace630224, 3919 
272800 052b7909-28d8-4568-b6a4-387c689b2bda, 8505 
390097 8267c7db-966f-47a6-bd94-b99508c3b58c, 8505 
49602 a19ebb53-70bc-466a-90bc-ba6d6cd39619, 3919 
39298 a61b46bb-ae62-4fd8-85f0-dcd014d07e5e, 3919 
211268 3755551a-881e-4e59-b7bb-9f44d1c0595d, 3919 
119269 7810f152-84b2-4258-8a4b-feaa721344b5, 8505 
31533 7db30cdb-78f6-47c9-a7fc-747360553174, 8505 
203543 aab787ce-81c0-4622-9cf5-c93eaf2a46fd, 3919 
136451 504416d8-21d5-4ea3-bc23-7a9fc0d9f8bc, 3919 
223177 4f089ac4-7eae-4ed6-8ca9-eed52a1d8a71, 3919 
327553 412e45b7-a5c2-4294-a56e-474b8fe3ce9e, 8505 
217405 ac4a2b36-41af-45f1-85d5-7af4e627a3cc, 3919 
229965 35d0db76-e6d5-4302-afb4-bf63421afe81, 3919 
187815 6c71c97d-6252-43fd-b5eb-a452320d9779, 3919 
191436 395969b3-236e-4877-b47d-8d58d92532cf, 3919 
251843 83a48867-ad5e-4666-9082-ac2404ce8baf, 8505 
10079 22cc95cf-1797-4ef4-a549-f6dfb50fd1da, 8505 
320285 766ff60a-1e90-456a-8232-bffbbbf70a16, 8505 
147201 6ef3cb49-24e9-4879-ad16-6b17db55b6fe, 3919 
379824 980d0188-e56d-4783-bf62-3a278a23a93e, 8505 
40590 329a71b2-2da3-484a-94b8-fda50b2669e6, 3919 
145281 70c89bbc-d12a-4101-be67-07da705f1a10, 3919 
300777 efe67e3d-0b3b-4ad5-84ab-c9766e7b0381, 8505 
375335 071cdf11-1a7a-47db-937b-585cadbad45c, 3919 
334894 b8800b39-46d1-41ed-bcc4-8846ae4cbc72, 8505 
228004 06e97ffd-4a89-47c9-85b3-ff50e092866c, 8505 
104867 e2264c1f-58c1-4ebc-adc0-624365f39058, 3919 
136632 a6d50d03-f7de-471f-ac45-0ee6adb64fbb, 3919 
241292 1148d70f-3f94-446e-839f-3567dd725926, 8505 
188501 a91ab52e-d50e-4891-9109-7662f9d71468, 3919 
270761 67ad976f-6cc8-4e86-ba5b-1be41aed113b, 8505 
241158 e4839d67-1233-44e5-b9f8-47408a9aaa8b, 3919 
333806 792bea0c-7312-4299-9da6-5a377943ae4b, 3919 
209951 7008d551-b12e-47a3-94c2-242d6fbcccfe, 3919 
374876 38fd0ad9-6f5c-409d-a43d-2c90ad7a5e5c, 3919 
295857 1fe51d0e-1f14-4ba4-a4ce-a1d8b8711d1e, 3919 
192063 5abb81f3-d8e4-40dc-aafc-304a2aae1257, 3919 
16316 f2cbc4a5-59fd-4ab0-8f60-c1da15196acb, 8505 
296442 20f013d2-f51a-456b-948d-90427ffe8f20, 3919 
360863 3bad280a-f50a-41d8-a8a9-3e81f2135844, 3919 
239783 0c279277-125b-4034-8ba5-a4877195f69b, 3919 
262872 eec3dfd1-6684-4b66-a932-e204edf59b77, 3919 
375510 b37ffed7-8882-4718-992a-82ec7fc9379a, 8505 
63659 0e133592-a7d7-4220-941e-4d9853fa08ed, 8505 
204782 5e951c2b-2858-4400-ad4b-7df80d831838, 8505 
344693 7d79ce03-4fe7-4371-8e3c-abfbe7ba214b, 8505 
185494 77dfcf78-21ab-42e9-a7c5-126f3c28f9b3, 3919 
232452 0250d341-7f47-457c-8293-095ccb565b1b, 3919 
262779 254edea4-a173-4146-8eaa-5434ec9159c4, 3919 
270548 44524837-5d5d-42e4-9697-efae7e7d3eef, 8505 
15971 7efc1dc2-605a-4071-aa42-aa9bd719d0c3, 3919 
22846 481887a3-ec0b-41d0-82fa-bfb76e8ee929, 3919 
125342 62c0a9e9-9a2e-4872-9a7d-3bb9389c73ae, 3919 
105387 e5dc8b7b-12a2-4546-a773-4079d99e879c, 8505 
8813 d59ed471-8962-489e-8d4b-ba5e107b8f96, 8505 
90541 1457c4db-c846-4b41-a5f3-792b1a0984e6, 3919 
257301 4a627d77-9d9a-4b32-a135-7ea1cc89ae07, 8505 
308879 664fbe93-f3f6-40d0-86a6-7128e47fbb76, 3919 
380491 4405b7a0-1981-4377-8821-ef29f7a3d1b8, 3919 
187196 5286bcbc-4a1d-44c6-a19c-c9f5b34171dd, 3919 
10829 0966b46b-a185-4e85-bac7-a3d197ffbfd1, 3919 
47017 7ba10af0-8a18-4eb1-9771-f10427c991dd, 3919 
11484 31a99002-7457-4b59-8c41-16830f4e9037, 8505 
333576 fda129df-306a-45d5-95b4-6f9cad6ce88e, 3919 
1808 e8531495-3a1d-47b6-b7e3-d0e7f2191579, 3919 
150116 9c80ffb1-1d1b-40b7-91f5-980613be7a91, 3919 
298041 0b2510f5-558f-476a-b32b-a43111e6e5bb, 3919 
172609 4d64da27-0628-4855-bbb0-2282901937b6, 8505 
327530 4b740651-867d-40ed-b7fe-21f336b52a89, 8505 
252435 3237f232-dd14-4079-9e83-ebf41bb88358, 8505 
343229 4c290736-784b-471a-9e35-850be532cb6c, 3919 
86180 87e5267f-aa35-4559-888c-53d5236fe78d, 3919 
247531 7268c111-18b1-4f99-be87-8ccb17912ccf, 3919 
27388 38cd251f-1bfe-48d7-a136-94ad98e18ee9, 3919 
287011 ec03fc0b-c402-44e7-a6ff-40f08795dc59, 3919 
240717 756a6428-e182-4435-a6ec-c0942a59b05d, 3919 
286795 d90b460b-d7ae-44e7-a4a1-e77e56ea4eb3, 3919 
37797 5e71d164-1dfc-4d78-86f8-45caaf5a7882, 8505 
7997 e2c215fc-4b49-4ac4-b6dc-f4ac1112ef17, 8505 
350608 a920cb9e-76af-4552-bf3c-251dda7c5397, 3919 
69795 42bc845b-ccbd-463e-9e5b-19911a9c2911, 8505 
193516 32f1e4d2-8200-4fd1-832d-5066b8326d40, 3919 
274430 23cfdc24-72dd-4801-bc0d-c9b6262d42b6, 3919 
97742 832d8886-19b3-4484-8d35-93082035b395, 3919 
305648 1dd6809d-4bbc-4175-9187-b63440ced321, 8505 
88558 38cdb8d1-e872-4898-8954-c942bcf95959, 3919 
359988 bae29b22-eba0-42e3-9829-fbe970def991, 8505 
104315 85515755-44e0-4097-b8cd-59537342ca0c, 3919 
184148 493da678-ecc9-4efd-a41b-f00ff55d0448, 3919 
339364 26079916-c528-44bb-a5b3-d9637ee243a8, 8505 
42215 2517d063-e9c5-43fa-89c7-41c2b3aa7312, 8505 
304391 67a462d5-c5c4-4c43-a76b-db5bf40a33d0, 3919 
260063 1e62dfd3-4c25-47df-86be-1bd193eac754, 8505 
126597 d8064519-8895-41ff-a07f-e84b0a910cfc, 8505 
304670 82abb6b2-6304-4e9d-94c4-673f6319d708, 3919 
157708 30b83bdb-af8a-422e-945c-0a7266c31b08, 3919 
14835 a07daa90-5e62-4192-b978-ea92ad0c1a2b, 8505 
11774 5d23cb2f-0c7a-4294-968c-96651f6f9e79, 3919 
41039 e12a96d4-a59a-480e-83f0-5f298178c6f8, 8505 
182199 8dc5b23c-ca68-4827-870f-0e525fa1a06e, 8505 
7213 244b2b96-c1a9-4838-95d2-5ab5db4d5550, 3919 
304093 20726e10-3dbc-4529-b985-bff44b8e3b34, 8505 
179002 efeb7e97-2659-43ee-99c3-abac7878d3be, 8505 
197484 babfeaaf-b830-4725-911b-44efd19c831c, 8505 
17682 2978f566-8c9b-49c4-8297-7889bc99b19f, 3919 
101088 b7c6ac9c-cb79-459e-86b8-51b2628cdf5e, 8505 
402386 49b22ce1-931f-44de-bdb3-53295f68dacf, 8505 
171459 e1ed0237-1ec2-4feb-9ce7-6086f7391035, 3919 
109579 4b29c568-5e72-4c51-9df7-b635717a31a7, 3919 
145975 ad281a56-7303-46d0-a9c2-ae1f8a63a443, 3919 
304249 9e099b62-bfcc-453b-bbff-b4bf686d3d33, 3919 
210221 4ee78f76-acb9-49d1-951d-5af8790da3ff, 8505 
243463 066bec97-c7bd-48a2-8713-26390600ff83, 8505 
159196 29d467b3-5123-4b99-84a0-789e2200503c, 8505 
200271 ba44abfe-429e-42ac-9a44-225f8dc1db14, 8505 
61702 811b5b6c-ec83-44ff-865a-7f99b0209ab1, 3919 
82331 bfd4b4ac-2d6c-4f24-a377-3f3e24a2b495, 3919 
268766 f9a9478b-bd31-40be-9fa6-373a99e903e5, 3919 
346287 7a0405dd-4b12-443f-8352-aa2d71c037d7, 3919 
32506 ae61b766-309d-4923-950c-3ee57f1d8c0a, 8505 
161460 5ffc86fc-d298-4c34-8b49-359404a567ea, 3919 
362951 be7bcc8b-3d58-4917-bec4-7a9068578b34, 3919 
105861 77ac931e-b82e-47a2-8742-f8d793e1d537, 3919 
280362 1a49f795-6c48-4166-b605-fe9bf4e994b8, 3919 
134021 ac0e0db8-2981-4906-9e9f-ceb288cd0bdc, 3919 
136935 a3fca506-551f-4689-b5d2-56ed519e3146, 3919 
148244 1353c2ae-2318-40a7-a71b-8f8f9015cef7, 8505 
212540 5f82280c-1093-4a63-8948-9b31258629d7, 3919 
306949 3b215d31-fe63-4211-ab1f-1324499d6fb4, 8505 
91734 376ce411-d71a-4d56-9ac2-5787d4c66694, 8505 
35144 9644df8a-a1b6-4b1d-be69-5ee394cdd3e7, 8505 
41559 15870616-efe4-41df-877f-2a3e85718d69, 3919 
18178 b33d6119-dee2-4b2a-9215-5aeb117c430e, 8505 
237339 10c6375a-d648-4c87-8ccd-02bfa5769f20, 8505 
208648 963308e3-6f13-472d-83b9-b529dc17077d, 3919 
115813 0ff66e34-6bc3-4601-aff3-62eb42e1f84d, 3919 
123951 f688fe59-0b79-4856-8ac3-58a6ea33f900, 3919 
352534 df99fcf0-f07d-4c56-aa40-d5d91ff4a0bf, 3919 
121221 4474fbac-fbf9-4de2-8f3b-7cf73df237d2, 3919 
249460 9413ae13-b853-4435-9fc9-4fddc77852cc, 3919 
138957 4a9fd0b4-e5aa-464b-8e9b-60382b684556, 8505 
213603 16a363b8-c637-4ad4-976f-a9598302fd63, 3919 
232640 1ce97b0b-e338-493b-9b0d-291f08d2eea7, 8505 
271273 1526c565-34fc-43b2-bacb-b17e962d2bb4, 8505 
113386 1584ffd1-54f1-4f0d-97e5-1a307eea421f, 8505 
268781 38d268b6-0f38-4f25-bff5-4cf3092e176d, 3919 
127698 1f98e31c-07cb-492a-b68e-f2e1722be30d, 3919 
142033 ba254d03-629e-4191-a7f1-490e18fe4bc2, 3919 
214705 3e746f10-df2a-472d-a16f-fb552ce7e610, 3919 
348823 f9596375-c70a-4595-a7be-1e6918fa4263, 8505 
250376 49fe26ab-8d0a-49ac-9d62-333a0584a213, 8505 
131395 55d576c4-6219-4c38-9faa-228c556457bc, 3919 
212256 43a5342b-0ffc-41d4-9adb-c1085b15c531, 3919 
400517 ea572aae-719b-475e-851a-3451ea129750, 3919 
359654 c5f0809b-d5df-4338-bbe7-e1ea22cf1fae, 3919 
89461 65728345-a272-43b6-aa09-0955be9f29de, 3919 
324771 7760e58d-011a-4b7f-8144-814bf4bf2ad7, 3919 
162770 42ed689f-8bf7-4527-a76b-eb02dc67ba53, 8505 
201554 3a12628b-d64e-422f-bb63-fdcf9144ae56, 3919 
311314 66cd980e-c146-4e5c-8728-febaea88de2d, 3919 
357953 b910e8d3-289b-41e3-b11f-82b84d70f2ea, 8505 
69968 0832ef30-37ad-40a1-bdb8-d86c20d1999d, 8505 
127085 4b74fa68-c545-43a1-8b4b-9c051ab7ad88, 8505 
367563 0ed1c7b0-82db-4e25-867a-a8e3478e95d7, 3919 
98430 3718f86f-acdb-4872-837d-90dc1fcb332e, 3919 
193141 db92b945-a059-4ce7-9e72-d1e4bd2cfb79, 3919 
399272 9d047f6b-c67d-4eda-a740-b711202fb293, 8505 
191553 bfd9d3d6-ee4c-4054-b2c6-21dcb0078452, 3919 
60274 5f4521ad-c53d-4555-9ed4-74e38bc1487a, 3919 
29484 037ced8e-4616-4438-be67-38b036c5fed6, 3919 
234702 fdd4ee9a-a529-4fb8-b2f4-ac9575ed3e0d, 3919 
396946 f2a79d0f-86ec-45e9-b0b6-b0f78834380b, 8505 
318286 be9a93f7-97e6-4213-b5ef-c29373fdcb95, 8505 
281609 7f193467-76f4-402d-b99f-b48294886f61, 3919 
223062 b35d9089-88ba-40b1-8a0e-b3d0f7a5ed9e, 3919 
263927 6762d806-f5c5-40ca-b100-89fa418bbc56, 8505 
264387 2f672e93-0d13-40a6-a7b2-a54f4415e7e7, 3919 
42282 04e6252b-0cf7-403b-ac43-04669593fd63, 3919 
16831 843feeec-1e72-4ac9-ae5b-c544cd9999dc, 3919 
183162 eee56704-9241-4db1-aa94-3985d27be630, 8505 
95737 87cc2b92-273c-42ea-b776-2df43775cb7e, 3919 
328903 6a6b2ae0-9d67-4e86-995e-546bb648de46, 8505 
242963 2cd0efd0-9a5e-4c80-bc95-197f188abb3c, 8505 
247656 7122fa78-b899-4509-88dd-d3851bb1e484, 3919 
159098 1b04e6d4-ad72-4559-b37c-b7c4737c6035, 3919 
243520 1163be1e-c19c-44e3-95a1-72942e240deb, 3919 
392425 b47bb2ce-618a-4d3f-bf51-eb01fcf687d7, 3919 
116818 fc941390-5442-49d3-8b3f-cf544bb41baf, 3919 
121672 025f0282-3be0-4377-9745-4e5a2457777a, 8505 
196053 d7ad6d2b-8e6c-4fc7-8daa-f5cc8368b397, 3919 
250712 b34a3b90-9996-4750-9c7f-92c7750be41b, 8505 
188496 17bc34f2-bf44-4b63-8227-e33f110f282c, 8505 
276179 1de6c46f-ad3e-4416-9279-fc83c8eb3d82, 3919 
44567 1e121fb6-2821-4897-b64e-504059842727, 3919 
25002 e38ae4a1-1691-4fe7-82fc-d58615e7ba43, 8505 
244124 ae9c397b-1ea9-4b43-aa80-019a37e7a048, 3919 
3644 869ee16f-6771-40a8-bffa-ae023c77ba37, 8505 
101945 ce50c6a9-ff0d-4a64-a71a-5c1abde1b449, 8505 
63956 b3af6528-1cbe-4c24-85e2-b665a0102332, 8505 
185773 eee20759-5fe4-4e10-bd04-3c8298d17200, 8505 
38878 21443217-f4c6-47d0-bb0f-8c419e1f8e39, 8505 
392041 b7079ead-1d2e-4e9b-85a5-6fc35c131638, 3919 
326176 caf35cf5-20c4-4355-abc6-fc67494874b5, 8505 
244371 e55d6c74-22eb-41cc-8276-4831cda59ccf, 3919 
350354 a00d924e-ee1e-4d5b-a4c3-9bc5f7a98ebe, 3919 
285321 d55a62ad-1c1e-47f8-b596-2591189e2894, 8505 
311988 9e3d75f0-2a34-4b7d-9b24-256a25293cc9, 3919 
167743 6f0b171d-1de0-4f7b-a74c-3ab4a6b056d0, 3919 
249368 b01c44de-93e6-46dd-bfb1-c7a41a3afe07, 3919 
41207 40b3898b-7c62-4132-9a40-3a1788d6a4a2, 3919 
195285 a085601c-5d40-44ac-9440-3a87e3aceafd, 3919 
50398 454db9dc-ac9f-4298-b111-bfaf4c51d438, 8505 
138598 0fb48423-e8ee-4da0-ba57-b169f67643e7, 3919 
173465 a5a4e946-518e-4446-9660-29087e6cb63e, 3919 
399797 0326c0f4-e74a-465a-8316-70b4605fe4b0, 3919 
376403 33298634-7e68-4102-96d6-55375ea4d9eb, 8505 
28200 ef14dcee-8891-499a-a18b-48f52d9ed45e, 3919 
347203 6b95b96e-569d-49d5-a3d9-0be96be3aaec, 3919 
109686 843e2c86-2a56-4c68-a720-c627f7b53397, 3919 
193454 1771464a-272e-4de5-91cb-a8c28a111b76, 8505 
307335 36eb44c9-98b3-4e0d-a0ec-bf82284fc7d1, 3919 
197657 78f6e05f-dc5d-404c-8e52-cc134fcb75ba, 3919 
355839 42c35160-fc63-40ac-955d-b5de3b562342, 3919 
339679 f56e4894-4640-4367-a454-2760bddb994a, 3919 
355572 e0b7e98a-d5d4-4b11-9a6e-0ffcbc504848, 3919 
105507 456e0b6d-ed6d-48a2-a679-df950e2d081f, 3919 
40253 05f38abc-a1ec-46fe-88d8-acbefa0938e5, 8505 
123849 af7e7183-171c-4b9e-9655-180cf784836e, 3919 
28415 b7558c45-270e-4ac5-8c01-3619dfdce409, 3919 
77471 76943e2c-722e-47b9-bcb5-2c106794151d, 3919 
154607 0187712a-4d2c-476a-b1ee-c7ebe2aeca16, 3919 
350848 c42addb5-917d-44d2-94f9-fb03dac4d787, 3919 
399233 0b07845a-4c1f-4380-9e72-5d107f3c3e97, 8505 
336764 acbed909-3dee-46d0-a844-665cec302c27, 8505 
25248 f01fa3d2-ea59-49d0-98d7-dfe87a4fd5af, 3919 
58437 dfa17d05-fcda-4000-a47b-58bbbad36fe2, 3919 
314251 68351ff5-9693-420f-bf56-8c5d4acbf994, 3919 
102620 8316d889-40fc-4baf-9e31-5e9ba814a779, 8505 
288988 76146aa0-ef1d-4620-a3de-3b86a8f82394, 3919 
375151 bb65da7b-0fc1-4d78-9a8c-ee0cc5d5b83f, 3919 
278393 33b4a1d6-1797-49d4-b68d-44f2cc5addd2, 8505 
107876 e8337ba3-6718-4425-8424-01feccf732aa, 8505 
207301 10144f99-f238-4c5c-9abd-3c53ce191138, 8505 
27177 276b4bc7-9570-4769-a11a-d3dd2be4b7b9, 3919 
367289 57f03e94-9672-4a0f-9ae5-44f1404214c2, 8505 
40038 1808f68c-76b3-4ee3-a063-64347dd4a139, 8505 
391609 29a4917c-57ed-41eb-8b21-2d753d671132, 8505 
113580 6c332389-5239-46e8-8fa8-ff911b719387, 8505 
68669 d9061808-6818-475f-8056-6230b634ea47, 8505 
321684 a5422344-7d52-444a-b4aa-a8c62ea0879c, 8505 
397023 6e0f092c-ce7b-420e-85a9-5829f5a18683, 3919 
54094 8df9fea5-c482-4e40-b548-c0dc0f0f46b8, 8505 
371030 18451ca9-d229-46b3-adeb-e6414163e480, 3919 
254238 15be22f7-3f31-4292-8082-c338e81baa87, 3919 
300171 3825cc92-87c3-4974-9d80-757ad27c27a3, 3919 
82173 53b8c426-dc04-415b-aa6d-6cf0f67bc56f, 8505 
219295 b285eef0-f332-4fa1-91ae-29e6b03de80e, 8505 
179280 7567ff89-1e65-45ec-8434-bf501660eb9a, 8505 
284275 716da868-d80e-4d8d-8f93-b93a21ec0366, 3919 
95888 0fae6834-48be-4513-9bfe-6b6ef851565d, 3919 
54399 b8e5ef3c-71a7-4328-a39c-6f48a744a56b, 3919 
233742 23c74dda-dd53-46cf-bbe4-b0d7542e1dfe, 3919 
52043 dc06b22a-d7cc-41b6-ab35-67fdada3a916, 3919 
9402 2e69dbb2-b6bc-46b3-a61e-c89144100fa2, 8505 
234019 2b44376a-bf29-4fc3-abd4-b33468ae912c, 3919 
161402 d6707e5f-9371-4ca4-960e-1e214d18e9e2, 8505 
342007 cce627f3-6463-408b-8ff5-7474692d2ce5, 3919 
140953 68462384-561d-462d-95ca-67af562d3fd3, 8505 
399518 d152149f-b68e-4450-ba74-c85c0cea15fe, 3919 
180022 55c49c3f-a4cc-4845-b0e2-5a7ebfdea810, 8505 
169022 a00ed2f8-d821-4b61-b03a-c0b923688445, 3919 
390548 0b1795b6-c292-4fc3-8422-e54fcdd8776c, 3919 
291349 e1664303-cecb-43ac-ab25-0607bfa724a4, 3919 
368968 db607a68-151d-4c75-89ed-7e311d043c97, 3919 
74780 07102920-0fb5-4ae5-9dfd-d289116d9f98, 3919 
245280 1e7db302-a516-43eb-b100-af21a91f3b5a, 8505 
29477 22d54326-b627-42e4-9263-72ac4435a644, 8505 
88138 94d5ae9f-6031-4d03-8b57-49e1730fcb22, 3919 
75752 01bcba40-e2bf-44dd-a4ff-f5aa52c47e12, 3919 
43950 e45660fb-6580-459f-b7e6-49c96bd748c9, 3919 
329383 8d9d2546-da1a-4dce-b389-29a03b3a891c, 3919 
244514 e8d03a12-356f-4911-ac73-b16de612a2c1, 8505 
80987 3501803d-735e-4612-a66f-392d12c756a1, 8505 
379032 5228c7c4-dfac-46cd-830b-597366c63b19, 3919 
177029 263ba5e3-8b7d-4ead-b493-d79793a072a7, 3919 
278671 0b235eb6-899b-49c5-bdaf-1e6cd9db03fc, 3919 
131755 9e605662-48bd-462d-9fdd-668e1955cb46, 3919 
192658 c87c6d4a-21fc-4c1d-93b6-a803b232f6a3, 3919 
220965 5051d78b-90d2-4da8-bb9f-1a96a379106a, 3919 
30868 63a9f0cd-dc07-4da7-8244-52d3c448c867, 3919 
401424 2d38c565-9845-44db-a723-60fbdfb43d80, 3919 
316987 bc21b6c4-1073-40aa-9a45-6f4dbffd8d69, 8505 
86537 cd331960-bd6b-407d-98b3-f24d2a36afc1, 3919 
70049 97624c26-331b-4876-9981-d4ab6cca1e90, 3919 
40447 61dad6ca-bcea-40db-ad52-cc4814773592, 3919 
288647 662aab09-d89c-4358-a11f-3a48fdf7aa51, 3919 
114191 13a8e48b-8ce6-4db1-91a0-d9c93472ca5f, 8505 
166511 c636eb51-471e-4f30-bce4-7c7ae203aac5, 3919 
198718 bbde28ab-ebe2-4858-b460-2d3bfefb4180, 8505 
123473 bb2dfa88-6e77-445e-8b18-8d16321d07f7, 3919 
269774 f85e5189-f5d9-474f-b1c4-b67cc54d4ada, 3919 
292613 a80fa00b-15d1-4645-bb8d-f69d11182a0f, 3919 
60949 73470b61-e4af-4830-92eb-64eef28bbf49, 3919 
163134 165b96a1-a580-4ccb-9de9-4c4c6bb528c6, 3919 
9945 e5ebe692-a666-494e-b075-053c35e77c4b, 8505 
201798 4ef30d2f-b2b5-4fb7-9aec-5ebb54ada454, 8505 
75536 0a393c53-e99c-4a07-add9-b6bb34642dc8, 3919 
134609 1ec68a17-adf4-4731-b38a-a4a6fc6a7d9a, 3919 
7342 857c7bec-4c42-4bf4-befc-20dd5c0f4f87, 3919 
252170 bf2709c4-4e41-48b5-b37f-699e0737bfed, 3919 
121367 c47359ad-23c2-4048-9bcc-f296a467ab14, 8505 
186693 e89f06ff-3b9c-419e-be20-f6f3cf6596e0, 3919 
383803 74b9060b-e186-451b-9bb9-7707d355377d, 3919 
103302 bf68bb1f-e950-4552-ad58-165e579d8076, 8505 
157803 1955695f-431e-4f66-ba5d-5d245892d0e1, 3919 
226849 eadb61ff-d173-4ae5-8376-fde55a085753, 3919 
319735 45fcccab-714d-4f88-8750-49f4b4943029, 3919 
89833 61ef1e4e-7630-4a4a-b5ef-de52bf7bac56, 8505 
48818 c7700c13-db5f-4fca-86d1-d7fa77cd9a7b, 3919 
345593 02ceb6c2-1d7c-4382-b95a-cd721bb34bcf, 3919 
172978 a6608af1-e046-4e94-850e-af102c656221, 3919 
123494 93d381f5-1ae1-4d56-944d-90fd6b18be74, 8505 
109469 2205ad10-303f-4359-916f-4d138263ece3, 8505 
18205 b0e59e0c-8e81-48a0-b8f1-2e811055cbbf, 3919 
363335 64c5832e-5d71-4537-9f7a-495a123a1fa2, 3919 
246877 9b002d49-02e0-4c22-a023-6d6415d05a1b, 3919 
280596 41853e46-cdb0-4741-97a8-d65046939b65, 8505 
340968 1ce85e22-34d4-48d9-a905-d69d8caa94d5, 8505 
11927 ea718c20-3ecd-4c38-a575-4599659120d5, 8505 
262565 a6a06ce1-6f24-4053-a3ef-7ec33f240d9c, 3919 
262966 04f1a9a9-377f-4e41-869d-6dffef1c8d9c, 3919 
347991 7fc31397-f3d1-41a5-b17e-00391c53a397, 8505 
254653 a6f997ea-2cb2-4373-af65-25a276bb13c0, 8505 
280622 6aa18172-82b3-48e6-9ede-d83f9bd521fa, 8505 
17786 d81b800e-6320-4cb2-800e-6d7ce9109bc7, 3919 
175079 6f5b42ea-6e92-4de7-8b60-07d6cecaa5d9, 3919 
155972 9b9d2927-db3e-41f0-868c-738d513e725d, 3919 
321897 835dcbb3-f289-49ba-bc7a-1d2c898eec2e, 3919 
72120 89b488dc-0b40-4657-875d-cd97b4727297, 3919 
303505 85250201-ed32-4732-ab8d-cdf38d15d535, 3919 
369286 34bb03fa-41e3-4a6f-ab4f-528658277d0c, 3919 
254232 ac8e5997-9eb2-4e75-b5a0-cd94651fd2d4, 8505 
350735 21fa462d-9d36-4fff-9883-2a9862170f0a, 3919 
22098 f9938b8a-ae74-4b87-8ad8-6ac59a85c8e7, 3919 
332336 2a432bab-a6e0-4d8f-9e5f-496b6232b3a1, 8505 
45974 ff0cc86d-cbde-41a2-867b-fc468f70fddb, 8505 
331072 e765aa13-5a0a-4ca1-9897-2f309769d273, 8505 
134242 94b424c7-47e5-49f2-86b0-246b91f9bbad, 3919 
124801 aa1cbfc4-05b8-444a-9acd-3c3c575b6835, 3919 
375277 17cf3270-cdf5-46fc-ae71-a69b0eac722d, 8505 
222870 374c71a7-e9b5-42d9-a297-c9e894c55332, 3919 
47988 d9b36b0a-a058-421c-a581-19a9f35335f0, 3919 
391187 ce1d7327-bc00-4c3f-9b07-43ba97f13297, 3919 
94273 7600a007-25db-4760-8f6e-54e9b389ce19, 3919 
108576 a977e1e2-74cc-4e5f-b133-8bb3c17da7a8, 8505 
146057 b6f6c387-27fd-4399-8b63-950c68bd354a, 8505 
230060 28d7ae2e-f0f3-4f09-b9bb-3738995e2a99, 3919 
268934 0de87eab-b951-4cca-9d95-7a4be8972370, 3919 
137704 c998933a-05c8-4dea-8347-74108b0f004e, 3919 
403619 3d0fb711-88fb-416a-a37a-677d03bea4d6, 3919 
114343 58699a5a-91b1-4812-970f-ec49be961351, 3919 
86108 369b3a29-97d9-4771-a5b2-04ba3b65e05b, 3919 
5001 6b33e8cc-13ce-454e-9d56-f77a61c3ea0d, 8505 
286966 60b37407-dbdd-4252-9491-e66990e8bea4, 8505 
37562 b05f4498-9110-479e-b94f-91c8e20c558c, 8505 
132941 ac551912-52c0-4e5a-b584-b8d8b293d353, 3919 
18746 6659082d-fcbc-4d16-9835-9c2b96445443, 3919 
194689 ceccfefb-41ae-4ffa-ae1c-fdf58df6cfec, 3919 
2675 392ee8f4-fb78-4f37-a4d6-636ffe7203bf, 8505 
137076 4959a5f3-5fae-4206-a724-5c3e67626655, 8505 
17486 e5464dc9-f53e-4390-a07e-a8344aa1b6bf, 3919 
13603 cc2c34c4-b74c-4cb7-9b8b-47640987a5df, 3919 
335573 ba55ee87-3b29-4a29-bde9-d0a1e2f2a0fb, 8505 
52278 c1601235-bd9b-4820-a785-5700382d2b3d, 3919 
101752 8486f66d-aeaa-449f-952f-143867bcc10d, 3919 
141519 a9a359de-6f91-4135-8947-0826548ce3d5, 8505 
254089 057798bb-8d1c-44ce-b713-dd85f2a9741c, 3919 
309893 06be2741-74e3-400f-8f07-076f0c36eec4, 8505 
19981 cbc5f745-0235-4391-86f5-8ab7498273cb, 3919 
377105 7f983374-fa89-453f-816e-e918ed42bfc6, 8505 
297794 c934ba38-3933-40c6-8a14-dffcf63de614, 8505 
345254 7517ac1d-4a6b-4fce-bcbb-3e4d888361b0, 8505 
204404 245a0490-b4cf-4834-8962-e45053a87db3, 8505 
81580 6dd377ef-fa47-4677-bc7e-edacda58af3c, 3919 
343129 d2ca1f6c-1748-45d5-871d-f18a9cecca78, 8505 
9207 0d83d1b2-19de-4fb4-82db-3de0623e4527, 3919 
269983 1c39b568-5a4c-4049-8935-5343846c1555, 3919 
43187 42e2f863-6c93-49af-949d-0a64ab885631, 3919 
156389 ca098b61-0a20-497a-b3b3-83dbb91f0131, 3919 
252925 f7a0c3b7-87af-4560-a1c4-d9653b3e3dea, 3919 
180652 e251ee07-1391-4cf0-9eae-87425a675263, 3919 
109956 658fa77c-0fa6-4df3-a447-388aeda04f2d, 3919 
12227 c0984318-9d09-43ff-b6e1-fe674701759f, 8505 
322597 e2cdef2a-fae2-44d1-b417-b6f2b4861292, 3919 
305334 432bdba9-6263-4ad6-b11b-739de3b38bf1, 3919 
129300 859ee9ad-1234-44b6-86d3-4ebed94c6a0c, 3919 
30393 6dec478f-07fa-4704-b80a-4a758ed378a2, 8505 
304844 b67f797f-fd7c-4f87-8ba7-9439e79cd754, 3919 
316086 2f59c64a-4c55-4c33-899b-f01af126ecae, 3919 
325152 367624bb-842e-4a69-970d-67e302dee03b, 8505 
145081 78a13f90-7612-4e5b-b2d6-ad9621927317, 8505 
54843 75f66647-a4cf-4394-ba7c-a8708970bdba, 3919 
194231 fc983fa9-e18d-4e7a-9c76-84c259b21c96, 8505 
267541 c602a5d2-21fa-4245-9fff-fca53fc6cbd0, 3919 
148871 88f2b428-90ea-42cd-8325-ac3da5a9306e, 8505 
374021 34782826-1356-41de-ae36-c92140b203f2, 3919 
139557 8bd3ba94-121d-4e76-83ef-bce83c14af26, 3919 
262090 99fa3a6b-3723-4194-8768-a9d76bc47e12, 3919 
315379 94de34a9-f648-4fa1-9c91-04d2273de19c, 3919 
251743 878d38af-3e37-4e7e-905a-c9c33024fb8d, 3919 
276293 41a60df7-2455-4df5-a96c-0db3bfcd1afb, 3919 
189376 78a55322-4ae0-4f84-b405-d8d6c18f6d2b, 8505 
361283 5b1b1c22-4190-49b7-bf73-734a2d15d1f7, 3919 
273369 a0cdb996-f4e5-467a-9966-1900eaeeb3ba, 8505 
176543 093db5ac-2bc7-4218-948c-f6e9156223f5, 3919 
362421 24be3f79-3e92-4023-a9cd-7f2135c01151, 3919 
83433 3c7b08e9-6b00-4c2f-8c14-b0dca8dd09c6, 3919 
388436 327d9f85-6e15-4e15-94d8-cc38083c8a1e, 8505 
94261 7de7f8ac-5e63-4251-95e1-411505afb5a2, 3919 
333803 b3d17be5-8b6a-4ee8-b0df-d0bc36be420a, 8505 
367146 47f72460-ae27-40b1-9b0e-31257c8356a6, 3919 
387719 990994bb-298c-43f2-a6d7-9e5f4d521637, 3919 
369245 84d605c6-f992-4a1c-8ed4-b8cc865134af, 8505 
145856 f443d06a-d42a-40b0-9ace-e43e1f22badc, 8505 
131824 535bdca2-b2e0-49e0-88a2-1a18d45ad32d, 3919 
71494 3d9abb66-b7d6-45d3-8eb0-3152749cd17f, 3919 
359614 d3ecb715-0e44-4153-9b5f-b613a4fd69cb, 8505 
220458 94f97be5-1ad6-41dc-92a8-e7f6d3878a02, 8505 
139358 01f0fa32-a6fa-48d2-b4dd-4422767a40c2, 3919 
35488 8a4f8897-4905-472b-9f30-008d61a8840c, 3919 
231520 8cc24a1b-2f5b-4004-bd03-b454a36db3d0, 8505 
187333 cb487abf-b697-4c5f-9d01-603172771150, 3919 
185618 93df7a6d-9113-4dde-90cf-20926f8e6e2d, 3919 
159248 45d387e0-1e6f-4461-851d-1aecabc809af, 8505 
354832 d66c0794-614f-4aaf-afc1-6a937c5e2544, 3919 
299411 4eff85be-497e-4118-95d0-45a7693e6161, 3919 
2007 419466ec-dd39-4a14-a340-3725f6b2f4f9, 8505 
65257 86a724c6-3299-4836-9163-e8684b4dff1a, 3919 
369742 989a27cc-277c-4bec-8739-c0fde2e07759, 3919 
348244 2fc86d6f-ac49-4764-a212-2cf7adae45d2, 8505 
167722 8e659746-7cee-4593-96bf-c24f64281263, 8505 
85018 a75e22ed-9442-42f4-879b-ebc9687a60e9, 3919 
189167 5545c65f-8e01-4b2a-a655-045395808e30, 3919 
188732 cdea39b2-4e2d-44de-b28b-044387fb73ec, 3919 
149993 edd920ec-e91c-40e2-a563-ca8a51060fd0, 8505 
95260 0145fda0-9be9-4894-8c13-577e6fe1ee12, 3919 
309424 65314733-f4db-42e7-b02b-3af46812bc51, 8505 
316272 9dcdebcb-0183-4c78-a20c-740845842d79, 8505 
310480 8ba893ab-134f-4f8d-a1c5-6f1ad7d82f67, 3919 
392687 9e68f4f6-533f-415e-8e74-268e096fc85b, 8505 
385350 75b56bb8-b042-4cd8-9c46-411b4ba89e56, 3919 
298124 1bc0fa0c-162b-4610-bea5-2c6b6d4713d4, 3919 
311884 a98f0e60-7259-40a7-9808-495195b68ab2, 8505 
23611 9f935f94-1df1-4f76-9b0a-2bdfff4db993, 3919 
384776 5d29c157-0d6f-4eeb-8947-f0803c47f409, 3919 
240345 17291916-fa4b-45ba-a9de-f90c8a809f80, 3919 
149709 9d8cd57a-e317-479e-b3d0-f17627e82fb1, 3919 
331569 315eee57-e7cd-45fd-a65a-91d96358c9cd, 3919 
346329 1397166a-0dc5-4954-b914-93f4cd63ca9e, 3919 
41857 20bc6a2a-05a2-40d0-90b9-f11a7fe2c7aa, 3919 
361962 73b5b2dc-27b9-4a9e-bc9d-17e4e62784d2, 3919 
222954 d93404b7-382e-4d22-a968-107eac94fb19, 3919 
348826 3b67dea0-e143-4751-8d23-ad46559ce557, 3919 
349571 734806bc-8bb0-4d7f-aef1-53036f4bf8a7, 8505 
122265 fb82e0da-a0e8-438c-a653-e8e66cd84e30, 8505 
105698 ebc8d70e-6ea9-49b0-a2d7-d6a6b8db1d46, 3919 
348595 f1e0a21a-b2d6-4e83-bc04-5acdea4ebb88, 3919 
53812 0ea838c5-000e-44b1-9347-041ca3155dfe, 3919 
115153 648c03da-0a82-4c8c-b375-c0e438d9cd7f, 8505 
1820 4a8edbda-8451-47a6-9645-d40ad0b81fd5, 8505 
22793 4ec6f5cf-f733-487a-9aed-6b424a04129f, 3919 
242997 388eff19-e304-441e-81ff-4b04c6c31aae, 3919 
270512 1a9196ea-f684-48ed-92d6-a67a262f20f9, 3919 
203093 fa1658ed-d097-4614-9c8b-71139194381e, 3919 
214155 9363e8d1-c80a-48c4-8bfe-8abe90042151, 3919 
278751 dd27ee9f-90fb-4c6a-b6fa-6dd4c24526dd, 8505 
184927 67c88fb1-a00d-45fe-940f-bc0dd04901a4, 3919 
367045 40ab464d-8da5-42f6-b74b-b60bd76bfab9, 8505 
15334 69f3ffbe-78df-4006-9ebf-5116a336ec38, 3919 
5596 b3914ff0-0b4b-4851-997d-65b1ffc25aad, 8505 
402262 56d6a73e-f418-4346-8b6d-f8d2c3a52e96, 8505 
367496 523e3632-4d57-4e2c-b089-dac38c2ce493, 3919 
241290 7870e85f-5a7b-4cdb-970c-a496ebff8bf4, 8505 
113269 f330f235-4f2b-4dd3-b8ed-b9b0d300de47, 3919 
122941 9683fc07-d115-45df-ad9d-de15d7e3829e, 8505 
177756 be96def8-f495-4715-9b94-2677d529403b, 3919 
362975 0a17c913-887c-4270-a34a-e55c85fc4c70, 3919 
298714 aa7b299b-50e3-4750-8f65-b3fcf1329aba, 3919 
245598 4b338d84-4e05-4696-9750-63f35ecd0f82, 3919 
72788 3a0c6ea1-92ca-449c-ae9e-4b91f7fdd4ee, 8505 
380402 d91bd091-12ab-47bf-8f29-7754eb31c927, 3919 
184999 7d9e322c-9a33-4f53-a203-849aee6c9182, 3919 
281865 e5bedf0b-c734-440b-9c9c-931d7e631270, 3919 
85074 5d248718-e34e-4e95-81c9-0932be13a1e6, 3919 
53455 b86c4c12-f616-4c1c-82ba-68b5c29ab47b, 8505 
259800 df54489c-5770-4585-aeff-892618373997, 8505 
375264 99ff8141-6b63-457f-82fd-9843b23b0b5d, 3919 
214444 19f50673-f079-4866-a263-b88f3f7f46e5, 3919 
158457 34950f0b-cc79-4e8e-be21-6295884ba727, 3919 
297289 20bd1dd2-75e8-4892-973d-82fc13088095, 8505 
37302 bc6e70f2-5172-48cf-9abd-b039d061791f, 3919 
163364 480aeb44-1190-4bfa-8ede-75c88d34b32c, 3919 
122148 f5561499-0525-4712-8f88-8076b44a777a, 8505 
27245 da415fde-c3c4-4b5e-b560-377a55c23f79, 3919 
33674 b20b2f26-9722-490f-8ff2-67ce310713f1, 3919 
187488 7859ed6f-5e96-4c11-bab9-4ec0d58674a9, 3919 
302727 e7b15417-f133-40fa-8bf0-d4c4d7383812, 8505 
179201 50ef5e6a-30ae-4970-babe-8420688eb08b, 3919 
101864 0a6f5b06-d3aa-4766-8daa-edd881eb3c61, 3919 
47243 3b52d195-0249-45f2-8c39-c532f52dfc2d, 3919 
227777 6c3dd8bb-47c5-4722-8ddf-674172cde299, 8505 
308680 577ea77d-10ab-4e56-9daa-3c9e3587d6f4, 8505 
398523 0a58182d-dfa9-48af-90a1-cace52fd0a2b, 8505 
104037 08c86545-d6e9-4a56-a2b2-b3111910f821, 8505 
310797 25e56d64-b744-4150-842b-4dc9a0152311, 3919 
86890 cb586d24-351d-49b6-8612-f63c4296f78b, 8505 
95796 529101ed-41b9-4a0e-b558-6807011f58ca, 3919 
403248 7bdf7c6f-e62f-44f4-aa70-2ddfb6825876, 3919 
59405 a571ec35-65ef-42c8-b03d-16a11f4eb929, 3919 
278621 691dea3c-e46e-423d-95b0-c1b99dc28845, 3919 
140285 409af04c-0f42-49f1-a3e5-6c8b6d2edb53, 8505 
293877 c41eeab6-3e3f-42a4-beb7-42ff0ca30ba2, 3919 
377453 20e42e62-23bd-447b-a099-23dc55a820a1, 3919 
235887 427d1118-27b6-4cff-ac15-2bb25bcedb5d, 3919 
94025 1cc57a1d-a341-402b-9479-8d976e6bf500, 3919 
398561 7ad99724-33c4-4cba-b91a-705d09aa37ce, 3919 
231717 dcccf4fd-c2a7-47d5-95d9-e8c3f12b962c, 3919 
218233 a65b3920-096d-4c87-9f49-c6008de8d984, 3919 
9803 9110f19e-1f66-433e-97e0-a2c785a7ca4b, 3919 
164232 d2bad935-285a-431c-9ca4-74d8db76aa24, 8505 
242908 dd9dfd23-30aa-46d9-b583-495b340b1a38, 3919 
389125 e4eccf8e-e226-4dc4-bcb6-ac3003e0d396, 8505 
349814 bc420ee6-5d3d-4bcd-9da0-897a26ab11df, 3919 
9449 1418d678-4c6c-4e4a-a45c-3eeb2aebdaeb, 8505 
391205 99871b59-4b94-400c-921c-44efa74bf95a, 8505 
320124 c4462166-c53b-4cd4-a9ae-99364a4129a6, 8505 
85537 68518f89-9fe8-44ed-a3ca-57181869ed67, 3919 
30794 ab2d8b50-595f-4a51-b2b6-d6af66e15bb7, 3919 
266868 e54ce038-865a-4e3f-bf74-29c4ea2e277c, 3919 
327271 3e0eb2bf-0550-4233-8b68-4fc50ee00942, 3919 
94657 eb2d673d-012f-4222-a112-cfaae2409cf4, 3919 
107970 b480a02b-8566-4f7e-a1c1-9721cc0a45c1, 8505 
88605 00532531-c6dc-4607-8eb2-6f830defa567, 3919 
357795 fe2cf8c7-ecd9-4e43-a576-a907c0eb1755, 8505 
342698 41642bf5-8701-42c5-a25b-d6956402bdf6, 3919 
309795 c84584b4-11be-44f1-ac91-00b02fcf4fe8, 3919 
389359 e813aff6-43e5-4bb8-aaf5-ee8e71dfca57, 8505 
144313 07cab06c-26e0-4d1f-ad00-06b60045ef3b, 3919 
290348 75631887-86a1-4f6c-b840-416d102993d2, 3919 
44317 983aa8dc-4697-4263-aa2a-356f488ebaa7, 8505 
271521 89a87f61-40dc-4b28-95c7-ae87eaf27ea8, 3919 
326826 85d521d0-1a4a-4daa-89ad-2f09a0a670a9, 3919 
381972 8b1f79b6-48a3-47c0-b14a-c65fdf8ffbaf, 3919 
295216 da3d4e03-fa3d-4345-ae2f-541f8effaedb, 3919 
108978 25da9a1d-24ac-4b67-9103-947a1c21ca4e, 3919 
178938 7fb478b4-5b92-4596-8e84-65b7f26739c1, 8505 
60542 20fff31c-7769-4adb-8da6-175e651c1cd6, 3919 
275518 9009f200-0088-4498-9081-a4437a3b113e, 3919 
10385 f19abf85-c5ad-405f-9b76-f547555649df, 3919 
115801 5f625df5-76b4-4372-b758-7e61bf50bc1c, 8505 
117191 0f723f4a-d905-45d5-bf15-d530d1d7e1a5, 8505 
398571 f2513b89-e264-4895-86e7-e3fb8541642c, 3919 
157839 afbcfb0c-4b3e-4d9d-8cea-33fbf8401aee, 8505 
277608 7a18ffe5-5337-4992-9697-c82c739e6d93, 8505 
215118 f60af48e-49db-4906-bcad-576ed55c0fbc, 8505 
183978 3ba5d851-94bd-4d22-91ed-3143d0a5b3a9, 3919 
393285 619a7913-d68a-430b-926f-ca45ca9a104a, 3919 
221992 ece70a01-1a3e-4f52-97c5-929e3c1fdbc1, 3919 
264808 ca093609-a40b-4da2-9e5d-4776bdded513, 8505 
172120 f9fdee2a-d24d-4e24-84fe-518d9b302225, 8505 
224601 de15e92c-6341-41ae-a8d8-85b4dda2b1ad, 3919 
182562 e09f2319-859d-40c3-992d-b803f6160089, 3919 
56874 4793a4e8-ff91-4bf5-a689-8f99a3b39e98, 3919 
169312 648046ba-bc47-4302-9762-1317dd0de355, 3919 
46174 6068ac5d-5c26-47c2-9335-499b57cc32ad, 8505 
250756 5d570253-079c-4598-bbd9-2a29c7fdaafd, 3919 
70011 40f5f2e9-9920-4ed4-8560-a2bd68afc5ab, 3919 
163871 30f4e6f4-9798-4128-a723-c4510cd04980, 3919 
304978 84e750d8-a0c4-4acf-aff1-637cf8046d58, 8505 
203561 bfc285b1-8dcf-44e3-a920-597e39b0f97d, 8505 
280550 94d54bdd-effb-4177-970b-8dfaf230e6d1, 3919 
302250 a9b9fcc8-d166-482e-816a-0e4b8afb81a4, 3919 
321195 b1a34651-94c3-4b97-81ac-39a29cde7358, 3919 
211850 da1c8658-f09a-4603-b09e-1be5f97ae256, 8505 
261002 03699079-c165-45f0-9250-66a21b842e6a, 8505 
343182 e6955b1b-e111-43fd-a03d-c90e4a4e55a1, 3919 
68723 b798f738-cc8c-49f6-a1fd-d37ee446bc20, 3919 
204132 61996c2c-98e2-4e1c-b2fe-c3d5ce057a57, 3919 
134902 fb205dfc-6ee6-4977-a662-cdf9da1caeaa, 3919 
315485 316990fb-08f1-4075-a852-0ad867883a28, 3919 
273468 0b56babb-277e-4bdc-bc9c-b130a422898a, 3919 
196926 dcff0da0-2ad7-4863-aaa8-930fdd06ddc2, 8505 
243750 26eeb927-5df8-410b-b224-322401cdc7e1, 8505 
283640 5cc81eed-9065-446a-acf8-2619e0660964, 8505 
185635 bc5b286b-943a-4fdf-8cd1-109fec897ee0, 8505 
200362 6cd69f9a-b890-492b-95e3-73354a1d4e84, 8505 
380701 111f62a1-416c-45fe-9b56-9ab837341b3b, 3919 
41093 28f07b60-c455-4dfa-b05f-9f299b1ce4c9, 3919 
135828 68feddc9-f556-4144-b70b-c86ff3ce0d08, 8505 
323525 7b3254b3-394f-4f55-b9cc-1bb8b9563f3c, 3919 
80922 f312eca5-a40e-42c8-b790-5af2353af772, 3919 
387911 2a882dee-02f6-44a1-9fd1-b4341aa942ce, 3919 
164799 e7febfe1-c822-4fdd-a0fc-4cdae2a83b8c, 3919 
15333 4f689da3-cef6-43cb-a302-b9fa9dfe9852, 8505 
18170 b9995d1d-cb56-4950-9bca-3841e48f04d3, 8505 
298017 b083e7df-e175-4616-ba35-70764c5e1aca, 8505 
363153 eb2b98a6-56eb-4cf9-b37b-e1d62b66be46, 3919 
131863 5c5dcb08-454f-4bf9-8e0b-27c16d429aa3, 3919 
392825 734ec43a-0d99-4cf5-8f4b-d97f984c1d94, 8505 
106893 9d2fb07f-ac7b-46a4-8e32-19bec4e67d9c, 8505 
326649 f7046dcd-4af8-4484-bef1-57f613d3bf2c, 3919 
19696 b9474708-a03d-4789-96a8-947c5cde0324, 3919 
142447 92985d21-c06b-4cdd-b27e-4da56bd4797c, 3919 
118182 d1280948-8bb8-4fb3-b58f-07d1b1afa76e, 3919 
148559 f882c547-0de4-4b4d-910d-cbd46c7c83d6, 3919 
240519 46f384fb-ebac-497c-b3d2-581db1af3ece, 8505 
43152 bf53cc1d-2221-4afb-8a64-d3f65d8602f8, 3919 
15219 3df997ea-f7c6-45ac-8129-82251cfeb315, 3919 
301415 3373c004-4f84-4966-a2fc-050631a1ae9e, 3919 
10181 603c7742-e588-4509-81c8-969dcad0de7a, 3919 
322048 6a0458af-f0ff-41f2-95f7-9f9b23ab8fa4, 8505 
255983 5ee26e2a-51b2-424c-9e0b-3be5a006a8dd, 3919 
191997 1a771583-51bb-4d61-9bde-7a1b13622020, 3919 
256956 84cf751b-4126-4cdd-9151-dfa15f6d55c6, 3919 
183105 20e2842e-85ea-4c20-8a2a-6d4f8154bf88, 3919 
115997 e5c54511-4724-414e-b886-731b0aacaa6a, 8505 
64885 f4ab8907-8bda-4802-a42f-86f28a7e6be4, 3919 
260232 47e75de7-bcfc-4fa6-a50e-60c7ab5a5525, 8505 
47825 062a9c56-5595-4b79-814c-c4c6e2d5d381, 8505 
65921 63eb4d48-ec47-4466-b991-1012bde9e47c, 8505 
6032 8314a20e-5cd6-458c-8b8c-77711a1c49bd, 8505 
19439 30b7265c-113c-4c22-a41b-3b13ca1f2c6c, 3919 
111783 12c8bf48-03a4-45c5-acf6-3ea28172a174, 8505 
48450 6491f0ab-b37e-4254-adf4-146f42f53a12, 3919 
327084 24be5b8b-6373-4ea9-9220-b2f8ac03ee9d, 8505 
183881 d83dc625-7109-4eea-94c7-594e318d4ba0, 3919 
357838 7c829002-17a0-4204-b315-7fe180e2afe7, 3919 
268391 f11df1a7-acd5-4123-a031-9836a10670d8, 3919 
35324 b0cb8455-37fa-4610-b156-1e4de15a6f61, 3919 
151818 1fa6652d-4c59-42ab-bd74-ff6c647247e0, 3919 
293756 56e753f5-f75f-44c8-a9bd-581a84707ed9, 3919 
154922 9b88c37d-262c-41c5-8733-ad16000fcbe1, 3919 
360933 66e23aaa-df82-4331-9358-d677aaff8392, 8505 
213651 358e5151-8cab-431c-9746-6cfc75ddae31, 8505 
395225 6a336dd2-4a79-4dc6-93e9-c9aa61149ac2, 8505 
121532 48c9649b-4517-40ef-a4e2-20b96bad1301, 8505 
368988 2aeefbf6-88f3-4c85-a98b-d37a92bf1a30, 3919 
78187 77186fbd-25a8-4a4f-bfb5-07a33f36bba5, 3919 
355661 9ebc5f98-c5cf-43a9-b9da-3fd37ee887fb, 3919 
7659 ee697bf8-6d49-43fe-9f3f-e6a8d30b157f, 8505 
258779 d526df2b-4f2d-4f49-b977-18aed37523c1, 3919 
350479 28f083fb-ad19-4978-88d9-66eb6bc08141, 8505 
3226 38325cd8-c85a-4d0f-bb15-79fd3ebdd231, 8505 
170412 771dab8b-03d0-48c3-b4cc-43e230c52b09, 8505 
143504 1443c337-2227-4088-b8cb-68199b1b78fc, 8505 
67238 876318b0-d993-4997-a33e-03d6d6bc8b5f, 8505 
353208 f94cac73-f787-4743-b685-0f2184acef3c, 3919 
125353 616237d6-51f6-4c4a-af11-6926a8738f84, 3919 
114854 c5486ffa-f49d-4cd2-9835-f453779d1ccb, 3919 
147140 a90b2e1b-61a2-4917-af31-fbd3f107eed7, 3919 
85772 4d28353f-c4e8-4c11-92c7-1b4ef827c81c, 8505 
93553 4f7d548a-a738-4096-b78b-cc9c040e9f3f, 3919 
345378 c919620b-e758-4257-97d0-997b729e9cb3, 3919 
35458 481e0d59-e909-4164-9e75-ba2d7458975c, 3919 
163588 c1a40171-7518-4e24-8d64-a497e136aa8c, 3919 
314586 37fcb49a-2826-470c-8252-59a22da4e032, 3919 
235576 4297b62b-3f85-4af4-b63d-85dc8b18a077, 3919 
264063 a64bcc19-3ec6-4302-8014-2ab72a154787, 3919 
386490 b3ef7cde-ecca-4650-9e5c-9fa03c54e37b, 3919 
134145 a16e7fcd-7112-46c5-85b1-73d1505e899f, 8505 
253397 e2d34ffe-0ed9-4fdc-8bae-507eb7b9c4c2, 3919 
262595 20bf7bb5-e4fe-4453-ae36-324b20be774b, 3919 
126578 0c32dcda-ab74-434f-9bc5-0360726ed1da, 8505 
160913 40b3a323-3314-43da-b5d2-bf7eb85f9f1c, 3919 
207998 b7798d56-f752-4985-986a-819b006ed69d, 3919 
210168 5fdf69cb-3e75-4e58-a5f1-f8ba7cb1ddb1, 8505 
157587 d6fc01b3-1aeb-416d-a3f7-ac5f057f77ff, 3919 
225255 1cd6a139-eb74-4a5e-b519-9c9b0ee6ca03, 3919 
383101 76646acb-4fb7-468e-95cd-2803e222f282, 8505 
352733 462deecd-4203-4aa8-9023-e22eb913a931, 8505 
139939 6bf85cd4-0d43-48d9-a9c9-d279a5d965da, 8505 
321735 89692c66-9207-430b-b85a-677d0da96093, 3919 
159771 9488f855-a565-4d10-b9df-1a8bb383e6b6, 3919 
313888 9b7c7dd2-2440-47cf-9643-3d19af1bb2ba, 3919 
317380 3a4912e4-6e48-4160-bd6b-0f5d37949c45, 8505 
270601 a05a22be-82b2-4bbe-ab0e-0fdd71b56f60, 3919 
209934 a84bb1e8-2e64-4efe-8bbe-2f49f9a2bdb8, 3919 
358604 84546b5c-19e1-472a-b00a-d70f88ffeffb, 3919 
174716 e6d34a2f-92ab-43b4-be53-5ffa47f1abf7, 3919 
255566 7491e415-9527-46df-8fed-fc6f1d092ecc, 3919 
281845 37fadd9e-58fb-405c-a6d7-8c6b289ea7c4, 8505 
215916 56a1e959-7b0a-4a95-8201-aa0eaffb0ca3, 8505 
110780 8d8427f1-0c18-4062-a665-c3ecaf1592e9, 8505 
322001 0d1262e4-0439-40f5-b920-77659d54cd19, 3919 
103054 a64a91ea-e2aa-4e64-83bd-085f95323461, 8505 
163897 6dba78ae-8ea2-45d6-8ebf-2c151c04aaf5, 3919 
321847 21b9d609-9c31-4a41-94a3-501a6d18d1a1, 3919 
309080 dbb276e5-f8a1-476f-a71a-860aef3537f1, 3919 
638 b9d66b19-15b5-4b84-ba67-97102e62d47c, 8505 
100956 fcd88aaf-5711-4a97-b1a5-1d6e7f19242b, 3919 
378508 13e7c502-95a4-4558-afd9-7c18fcb174d1, 3919 
346453 4afa2e44-5a51-4f66-ad5d-4e1ce5284d18, 3919 
360658 1fc3c02f-a019-433c-95e5-c686b8b6232e, 8505 
349141 fe9e6304-e645-4964-ad25-1962bc03a813, 8505 
50193 8a1dfc93-a2c3-431d-b56f-54fad2358770, 3919 
256236 78ee35a0-7053-48ce-8836-0c85bb35a096, 3919 
47070 6a4a6ccc-4885-46cc-9f1b-da343201c08a, 3919 
27611 9a6c6cdd-9353-4c61-bb1b-07a75012e42e, 8505 
225478 3c7ad183-e886-4247-bd92-6175666b5339, 8505 
277325 424642b8-eabc-4e21-82e1-468768fa55fc, 3919 
399739 93e05e5a-f8eb-453c-a641-8ce45e3ba070, 8505 
195644 27cae8a3-84f2-4b68-b3a3-86644e2a82e4, 3919 
190339 f9333a6e-a817-473b-899b-080da3c7203d, 3919 
180614 3c1f9308-fe40-46b6-9ddb-fd7e13929760, 3919 
138434 28784b3b-23a0-456e-be73-b544e6475715, 3919 
117994 6d706806-ac0c-4809-8a8c-d326b600f293, 3919 
198209 1474d2da-c9b4-4954-bc56-4da723e3459c, 3919 
290565 0cc847ad-0758-46c3-9707-0188974be41e, 3919 
53899 32b15e5c-2b41-41eb-bca0-fa5d92e97648, 3919 
161797 4dd42993-5546-492a-8149-1c7e750b0c98, 3919 
260198 8276e7ee-c07c-495a-ace4-0d0289241e90, 8505 
308194 969abe9b-0173-4dd8-98fb-bffd78fd0afe, 3919 
373394 bf7dfbed-94ef-4046-8cfc-6bf1d55a7038, 3919 
350795 9e298715-91a7-475e-af1a-cd256e588287, 8505 
191758 d703be1c-751a-4ba9-8adb-33f43a23e4d8, 8505 
355003 ebf1377c-d5c6-467d-a783-503b960f473e, 8505 
211132 e39ff427-429d-43cf-84c4-8a26821eb39e, 3919 
71031 20762a9a-7648-4080-9dfb-cbf13943db1a, 8505 
279310 89cbf44b-c18c-41b8-a5b7-83888d0d8d9c, 3919 
218405 db54bf31-4979-4c14-b39c-d8fc57864862, 3919 
220279 019774df-ea31-480b-a211-a90d006184ab, 3919 
43082 8c7bc3b1-73cf-4bb5-afdb-8c00f0b0189f, 3919 
327793 d9d6b194-447b-438d-a291-3cce92685383, 3919 
379474 860a3ef1-ceff-4195-ad4a-b9f9931dfef3, 3919 
400542 38ba0f7a-2d39-4725-ba7e-97c93e3c5d51, 3919 
66435 d7afe633-8fdf-4501-8009-e4e766e3368e, 8505 
92205 b10cffe7-f7d5-46b4-b283-b6ee9e304ed4, 3919 
188585 99ff265e-376b-4e09-92c4-2b7b8b3c5f46, 8505 
157565 5e4cc85e-6219-4191-b8ab-2330dea65841, 8505 
279212 e8afe9dd-0a28-4ec8-96ed-cc5e57f60c0d, 8505 
28356 138f3ed6-14ad-4d91-a3ba-be6f83e47562, 3919 
185819 479e80e5-d9d2-4854-ba1e-d685b10a0478, 8505 
57080 0f3e9e85-82f7-4209-97ea-0126fa0dc3c4, 3919 
369331 48b5e7a9-45fa-4d43-8772-4750c3e84efb, 3919 
172123 3b1e41e5-e409-426c-8e5c-f01791b013f1, 3919 
4891 74590858-9a50-4c0e-b56a-6d1b490f84f1, 3919 
318944 1d84b994-086b-41d3-878a-60453ea9604f, 8505 
155787 22149bb7-01a9-428a-b80a-190117b123e5, 3919 
363589 adcacf83-e98a-486e-b0f8-04d98833feb2, 3919 
373512 bfb5a528-bd1a-481b-8da1-df6fde5f3d45, 3919 
344790 75807e7a-e426-4fa1-9151-14bf6745d2b8, 8505 
365611 5d0b1b68-3e3f-43ff-9577-a798b9bdd67d, 3919 
210536 d9c9faa1-ba86-46b6-b71e-e7b1d147d9c6, 3919 
393090 c885b557-2719-4483-9533-b673e5f599fa, 3919 
354285 180fabe3-a313-47fb-97bf-dd4ff5548220, 3919 
366996 aaf69e1d-8e8f-415d-a012-d689db28b458, 8505 
40090 a9bd9ac3-5a94-49c1-9d8a-b604e0634fc0, 8505 
184211 a523d8be-ad8b-4e37-9268-b154050425bc, 8505 
360506 59fafbda-3644-489e-97ff-4b698e3fb491, 3919 
260087 7918bcb7-4b20-4384-82f2-2747d65fb066, 3919 
390799 995348c8-b311-47b6-b197-3d3e58f72de8, 8505 
362223 2f8eb550-c8df-4fe3-8504-62a363d1fef0, 3919 
288315 b5a52952-35af-414f-a786-058ea7bb36fe, 3919 
321053 87d35ea3-ba37-489f-a5c9-ea0267ca069a, 3919 
193799 fcba6db3-35af-414a-a0b2-9133f9e76341, 8505 
324305 9bc9bc8f-b7e2-4af5-bd20-c535648f1e02, 3919 
357285 9e6837c9-61ea-4688-99cf-2ff0fa3d76f3, 8505 
258528 63cb326b-08cb-4fca-a92f-2f03e73110c8, 3919 
246195 98403f03-4fff-4a80-ab12-fa80d3a397ca, 3919 
54450 961e8a47-8305-4fef-9a05-f6e0de5f018d, 3919 
257749 ea3e79dd-624e-46e3-b192-a838d407e1ba, 3919 
20218 96884257-349c-4d1d-9ac1-a48fab3488ea, 8505 
113167 7eaec8e6-6042-433d-be41-4e36f3bf9987, 8505 
350780 3b40e273-c1d5-4b28-abc6-4fdeefd70dd6, 3919 
383025 1984a874-c5a1-42a7-a179-30a5f3bdfb7f, 3919 
266906 e6ad8e85-f5f0-420b-866b-2f883c2cc08d, 8505 
299600 d3764dc9-410b-4213-bee4-98e4b0f45805, 3919 
353718 b7eba8ed-b0ee-4e66-b36e-3559751e2f43, 3919 
90705 80e4797e-82b0-4749-bb57-9b69d11128ae, 3919 
236970 d4c83c1f-17f2-4e3e-846e-134404abfcdc, 3919 
22232 19362b98-1578-4394-82b9-cac992c17846, 8505 
38408 96e81b85-0809-432a-aef3-0a295bcb8f35, 3919 
209194 1bda7fef-886e-47e4-aa54-bf93d5421946, 8505 
267975 1dded67e-6e1e-4a61-a461-066e0c90e797, 3919 
313733 5517b5c5-adca-44c3-877c-d6b9bdd66ea0, 3919 
109306 3b92d157-14c2-4683-9bca-5080d48020d0, 3919 
214276 16015056-1bfd-4852-b3f1-34a8b0631c01, 3919 
137757 fde914c4-9f8a-4a6c-9c3a-20c8afca50d7, 8505 
329431 d06b48b3-1025-48a3-9e0d-c7fd64192d8f, 8505 
241219 f45bba94-a392-4dbe-b67f-2a2c15ec9dd1, 8505 
187868 695700c8-83e5-4ca9-8f04-deaaf7ca4930, 3919 
278891 113e204f-a8b1-48a0-ac16-bbe5d771cd88, 3919 
42433 21b18847-af00-478e-b0e2-eba5eaa8f8f4, 8505 
227632 2ebf9e90-5a9d-45fc-877c-59ba83294289, 8505 
27868 29710922-4f7b-4e77-aa3c-67c863a1a98b, 8505 
71093 464e9773-d97a-4405-a948-3c4890525553, 3919 
375408 a84decc5-3c32-425e-8429-334a8ba3e906, 3919 
29447 c2c2f287-39e2-43c3-87aa-351c20280d22, 8505 
86218 da9ebf12-b206-4436-b95f-4191ad45fc4c, 3919 
196013 3d23a20f-9b69-4e04-8ca5-90d59742f8aa, 8505 
309211 0dcd62ff-62cd-4f5c-afbc-68e8f8c94278, 8505 
131573 044c9269-2b8b-4df7-9375-6056b1898ff5, 3919 
8996 a5c975f5-f219-490b-9576-218166e920fa, 3919 
79398 43ffc014-6d70-4ca1-9406-921298d05442, 8505 
306525 3b1c92e9-869b-4e58-8f69-3d797fbb1845, 8505 
113305 9b69682b-3540-48e8-a13f-07b1e0924c4d, 3919 
252473 29b9485c-56e9-433f-a1c5-8a9f1246b1b4, 3919 
257 c1948207-9691-4d57-960f-c9e520bd0bbd, 3919 
198890 9a9a18b7-2686-4958-a41e-cbf0d0475d38, 3919 
30551 a2917aeb-7e0c-40f1-b1d3-b259de6458c6, 8505 
101813 270a6203-fc9c-490b-a7c9-b06efa6c6cd0, 3919 
138199 81544aef-292f-47a5-97af-8ce9db38478a, 3919 
46399 d34069c4-46b6-406c-972a-b52115fb5458, 3919 
4091 a07eee7d-052d-43f0-a54b-33e262b03e34, 8505 
394880 5ad030b8-a54e-45a4-a869-1abb3aead46c, 8505 
11040 57c17a2b-3b3f-400d-8cbc-b8fdfe951b35, 3919 
38658 da9d0fb4-d158-4f6e-a807-7a3b9571ed74, 3919 
283070 b8b2aae4-bf6f-482c-966f-973a54e44d43, 8505 
242827 748f9d33-7613-417d-8d97-147d70f6e426, 3919 
312799 eac73b02-a0bb-45ff-a045-b1f0f89ebfcf, 3919 
285973 9de2dfe2-57e5-45ef-8ecc-a9f5139504ff, 3919 
337423 159b9fa0-6b30-4e24-b2ac-1d959605a913, 3919 
208729 b5169893-9590-4ee7-8bf0-50d320ec6a40, 8505 
339489 93498efb-50c4-4cf9-b162-60680e16ff85, 3919 
9091 4594abfe-08e4-465f-8f71-8099c5d7a844, 8505 
255505 b221b92c-4de5-41cf-95e9-2a545aab7331, 3919 
374993 25050eef-b66f-42a3-acaa-281c3a0897a2, 3919 
112619 3245c74a-156e-4acd-9563-7b9407a78657, 3919 
286617 f8cbd7d3-157d-4813-8fea-1777d5243c52, 3919 
47399 449d57f0-0be7-4408-80f5-d16ff73d389c, 3919 
285166 b47b4426-dd5e-4667-80b1-8350bfc25d29, 3919 
20928 20663ab9-bc55-44b5-b546-e04a4ecb0690, 3919 
33715 04051256-8b0c-491c-8ba9-8f7956d48f10, 3919 
380221 83d3ef9f-1896-4ec0-9d1d-307aa600b7af, 3919 
249736 b4b2d61f-e8ed-479d-89ca-ada951859115, 3919 
16418 6f736141-579f-4054-8377-73e3dcdd2623, 8505 
122071 4c0613b4-fac5-4195-b1d6-b578eddb2d42, 8505 
383772 b687352e-c219-4009-a5cd-50f0260dcc85, 3919 
105562 c7e564a4-e165-4953-b380-25cfc5e03964, 3919 
312532 caf784fc-4ab8-4f2f-a9f4-13dd45f7979d, 8505 
197040 2b99db8a-e8d1-438a-937b-5855689d22a4, 3919 
310613 9db8c6c0-2041-4721-b031-010f6dc4a1a6, 3919 
214574 a08359ea-00c2-472c-8fce-ac4f14295025, 8505 
234161 a320f70e-b27c-4cb8-9103-b02fc9b0d409, 3919 
103633 34eeb59d-0104-4c0d-981d-b8a91dc1d6e6, 8505 
356013 42b7cf8d-9931-46d4-8a5b-c7b7ee15488d, 3919 
176195 81cabbae-194f-403f-ace3-598798c4c33d, 3919 
110906 dcc5c35c-1ea7-41dd-82d2-5eb16bfa4773, 3919 
130429 86e0a719-5bdf-4dce-b0fb-3d9070529e60, 3919 
33648 357e9eaa-e462-4763-b3dd-acec86349141, 8505 
160476 9aa24c63-1875-4524-b51f-3de13628d7cb, 3919 
369995 edf5ebc2-8376-4fcb-be6e-f1a9bd9d118b, 3919 
233707 86964a59-5fb9-4ab5-9cdd-c48e03b689e9, 8505 
319858 69a3e785-3f56-4168-8c64-1e9595a9b96a, 3919 
67847 b5f428e7-e9bb-494f-88e8-f5e7d1f587fa, 8505 
356734 d2043fa1-8e4e-4d02-b722-8e982f30c7f0, 3919 
240657 5d2be933-fdf2-4d35-83ee-d85ba7f445b3, 8505 
33943 740b4c46-eecb-4cd2-8a4a-39a1d9d51c77, 3919 
295716 ccc44af3-2cb9-4092-8789-0d6eb6abcb4b, 3919 
140538 98d45ce5-7480-4ae7-a8a9-d384fedab7de, 3919 
54507 d9d22224-7c1a-4971-9621-4b16df201694, 3919 
123488 c8f96737-24cc-404e-bf24-65b249bfb7f5, 8505 
366083 cbe5a6c6-db30-4aca-8c6f-56ee9d5fc625, 3919 
135402 a2519185-3202-435c-a89c-ab2dc0a5cccd, 3919 
238763 9e0bc011-4840-4328-ae1a-5c3691f5db20, 8505 
268158 b9dec1d0-ea95-4d15-b989-93ab2fbd5539, 3919 
341113 a68116f4-d2b3-4341-bcf7-306194f99474, 3919 
275008 1e9dfb93-83f0-4c26-bde4-6ff5b9b89d04, 8505 
115511 1f6f840f-9984-4cdb-b3d7-9bd107d7293c, 3919 
355246 a7175202-0144-4ba9-bae5-00852d9aa5bf, 8505 
326894 f3deaaae-8cd9-4055-810b-d50dadd92b93, 3919 
136636 e3626bf7-995c-4639-88e4-2cea23c30d53, 8505 
194012 23b2cf07-0d8e-4297-ae95-f068ce1ca4d1, 8505 
70393 05a9142a-2337-4822-848a-e373340ab0c1, 8505 
58550 03b01511-7af8-42a3-960e-a452babeca21, 8505 
83456 ea16742b-0522-4cc9-9071-23d0952b647b, 3919 
124530 83898f4b-f14f-40da-87cb-a448c9dc5481, 3919 
389016 1c86136d-510e-49f2-b859-c1c779afdebf, 8505 
12403 bdc725c2-0393-4e71-81f2-33debfe42dab, 3919 
345670 be0ab65a-1e99-4acc-a219-d55416d3b31e, 8505 
372346 a5ca0b3c-8256-40df-8a89-d227903ad02d, 3919 
163293 820cb39b-0914-4e4d-aff6-800eefbf8c4a, 8505 
164797 eaaea486-3b97-487e-b323-a7107cba686a, 8505 
313289 dd2fc195-f038-48ea-a94c-51f8c6869e9e, 8505 
322495 c04df2ef-d999-4f01-97bc-02c27d6aac59, 3919 
277330 4e07e1ef-7614-41c7-ac05-d35697f29573, 8505 
355977 cd4d0779-24d3-4016-9a67-9713a0575611, 8505 
31662 56fff77f-2ac6-417e-8e63-dd46f2fb195c, 3919 
283607 de876d2f-4b32-4f74-8879-5e8404a27de0, 8505 
403876 ed4a2c0f-4e5c-4139-adf6-cbc560557c1b, 3919 
171649 c0fb53c1-8096-47ed-967d-2185791aea78, 3919 
79019 289c63bd-b7d4-4404-863b-5a583984bc31, 3919 
175394 58992e5b-999a-4774-96d5-bf31ec64f1ec, 8505 
174600 37742736-cd64-451d-924b-153a6a439bae, 8505 
51671 f355b289-e0bf-41ec-9eea-c8765d03c3f7, 8505 
264690 89796a8a-bf3b-49c7-b9c3-675ed79af9ed, 8505 
83132 802dc8cf-ec25-4338-8827-78f52efc34b2, 3919 
231172 be5ce9ea-796c-4496-9b6f-154a166d89c1, 8505 
154410 aea702c4-ffec-4da3-8d12-51d54e688e0f, 8505 
266398 74bd30c0-b351-422a-8150-66f1a0b83d85, 3919 
161653 26fdd0ff-ddf4-4018-bd4e-02d042016f35, 8505 
1005 0e8939bc-d8a5-46b4-a1ed-3b9f1ff77e6a, 8505 
336088 b9b2bdef-6e83-4cef-8b25-7fb39d46d6a1, 8505 
154119 51afd685-a4b2-43d3-928d-624787a6816e, 3919 
19905 504c8afa-e715-4aa3-a6c5-458a82fbc475, 3919 
172692 8c0f6197-5854-4035-a51e-aa9962958451, 3919 
350761 fca7fff0-3265-499e-a3a4-995f3d5b2078, 3919 
48844 d5e109f0-f904-4a4a-b80b-a7c2d36829d3, 3919 
263698 6f755d49-629e-4d82-b83c-fd8d9d58d634, 3919 
391121 3ed07d77-ef4e-4b53-bfc7-88ca35cdea75, 3919 
65266 67fdb2d3-f988-4c68-abbf-5c9bcd2c374a, 8505 
89798 48673c55-bec6-4869-be86-fdce7a1d0d27, 3919 
378860 9e7ee7d8-f0fd-467a-9469-5e08c7133b8b, 8505 
212416 f2bb3ab0-77b3-481a-92e2-71a312e7e768, 8505 
256235 6d5804a3-cd22-42da-b693-73e2780934d2, 8505 
108134 1db5f4bc-7163-47bf-bab9-0c39893548f5, 3919 
127248 34fb4d3d-462f-492c-9ed9-990308dc7d69, 3919 
274905 a46348a4-823c-4409-a732-2530fd966081, 3919 
171787 05537404-d74b-49e4-92fb-d396db03ac2a, 3919 
340179 5da2b508-570b-4615-a92e-f41735632140, 3919 
85827 98d357de-9fb3-41b7-8863-d906d87e1bb9, 8505 
223947 5e07086e-5192-41a1-82c2-ecafa39a85b6, 3919 
278896 a957a64a-9f8b-41d6-89fe-9756e16a8edb, 3919 
265212 e072effa-0f1b-49f2-a9ba-d844cba909ac, 3919 
240564 897d93a1-881d-4b10-a615-cdf751d5bfc4, 8505 
221571 a6ef4fac-578c-44e5-bcd7-51d0b8cca6fc, 8505 
133976 ec17f212-3a17-4eb7-9096-b152ada19812, 8505 
133162 d98ba0a8-e674-4bd6-b42b-a5ecb0b870e3, 3919 
284312 a2b0aacf-43d6-47c2-a226-1247eba6179b, 8505 
231011 4beeca55-cc6d-49bc-b23d-0a7f4fe5b532, 3919 
224817 0e52cc6d-9a49-4187-954c-f5cedd264d2a, 8505 
170743 09c54a25-6047-49c3-a345-00900d0e1144, 8505 
106909 03ac9f98-a1c0-42cf-b20a-e22d71818749, 8505 
235486 f4a84358-2e7b-4b0f-8049-19185236f19b, 8505 
79722 dc3879b7-a8bd-44c7-aa00-4b7aee8342f8, 8505 
351647 fe0ef468-196b-442f-8150-fa67833c8771, 3919 
377792 f9dc6425-6685-4bd1-8930-51b061e74b4c, 8505 
44664 83c5f357-fb55-4303-af85-81f937f6e6dc, 8505 
191590 6def2345-a45f-419a-b5ed-edb8092a3c18, 3919 
96377 4bbb0b8d-48fc-4de7-ab37-ba5f96ee1430, 3919 
204762 ae93ee0a-2624-47cf-b056-2ed620d50edb, 3919 
381422 9bee4ef5-2c7f-4e6b-97f8-0ba4dacb990d, 8505 
324220 e25f779c-86f8-48e5-8233-5a19bcc511bc, 8505 
44405 93e7ebbf-86ed-443c-ae9c-01d9f645053c, 8505 
213600 0d13d074-4b6e-4f78-a742-d8514c3255e6, 3919 
10660 ad5b74df-6735-4c33-a403-4c1f812c3ae1, 3919 
194963 d53cb7d1-9e5c-465d-a6e6-ddb4b28b105a, 8505 
205457 b0d2dace-72c8-4086-ae7a-f7b4e7d90b33, 3919 
403357 5e65abd3-a271-4469-a366-6453886829fa, 3919 
403682 b771df67-e479-4215-9259-b50f7207df86, 3919 
51736 8c1d03ff-5b8a-4dd2-ad6c-2cade3539d0d, 8505 
331841 ba17e998-068f-49fc-9a48-5eba66ee59a6, 8505 
51893 7149ee08-e9d6-4e94-a42c-c7bfde31360f, 3919 
22610 52cc7c85-4f9e-4788-b253-5ee9d88d5753, 8505 
243602 e65aee59-994e-4978-9b13-7be67b59413b, 8505 
293537 dc48c23d-62b6-4336-8452-b3f00303a77c, 8505 
335330 b6ab1c6e-0e64-457b-b164-b200ff3bafdc, 3919 
82404 64ca4b7e-c184-4e4c-8deb-3e82dd3b76a6, 3919 
145476 55bd1d64-0e36-441d-8621-c159a318e5cb, 8505 
223421 badb19d3-7cc0-465a-89ec-612bc77ab99b, 3919 
394650 3bc6babb-4c15-462a-b24e-7e316d419345, 8505 
207282 3408db22-5d88-49c4-bcf9-53048ba54776, 3919 
60 3ba00442-b1c8-488d-ab85-dcefa4cb0b1a, 3919 
220652 9d7c8890-807a-4350-838e-80d13372761d, 3919 
297643 daafaef9-48b2-4054-9621-abd0f0feb77d, 8505 
109009 54e81f3c-568a-4826-b9bf-905da9606711, 3919 
73105 e0348759-2a38-4a7b-a9c7-afe3d867d6a1, 3919 
86032 eef24ee3-23e6-44c3-a113-9d5c67ecf374, 3919 
320042 c5d23cf1-ddd2-4b6c-bc03-e89979f98e72, 3919 
268266 d8c24335-bb33-46f7-a48e-6839becea2fd, 8505 
311358 c852678f-cc7b-420a-878b-0e54138026cf, 3919 
320035 dbfba6c0-47ef-473a-be2c-da6e9c132005, 8505 
302505 be791e34-67ba-4124-a92a-05c04d945f51, 3919 
292454 3d27e9a3-2988-454a-9e0b-b7412f8bb93b, 3919 
231791 6c4c22eb-4fe8-4277-837f-c69a789a5d61, 8505 
244203 4451cd2e-f6c2-4a85-82ac-2afc9ca14afd, 3919 
55258 5dd3e480-322a-4448-85c0-f6507aa6e2e6, 3919 
196076 d36a97af-a719-4401-9a04-0dfd6f79d1fb, 3919 
316849 c47140f2-d768-41dc-b928-25655632c12b, 3919 
261155 88c85b5e-7136-4ca3-9806-b27924f5d580, 3919 
50297 e12b9278-8885-4ae4-af6d-6f803c01cdc4, 8505 
341183 e40e15a0-510b-4094-a044-a7927662ba4a, 8505 
20603 92a5c1c3-cb16-4834-9781-6e679d92ba7b, 3919 
23555 cafdc743-98a2-4302-9dd1-27fbe12e2b5d, 3919 
199128 b62c3446-584e-48fd-8845-23984934f83e, 3919 
163804 a531ed08-7c98-4fcb-85a1-af37306e1e32, 8505 
50430 aa9ec7f9-af76-4d45-9226-4063c9af4ab1, 3919 
82531 f9fd3357-63a5-47cb-864f-7b0f4fc40399, 3919 
171456 4ac45842-7ea7-4685-9bb4-c1e11a4b11f6, 8505 
17234 89698404-b429-4ada-9449-55b9582b248b, 3919 
110401 b2fafd56-3b1c-4454-a6c7-92cd43a06a85, 3919 
174162 b1a82d8b-1611-4763-a70c-e3ad88952c08, 8505 
270123 ac06f1f9-d45a-4039-9b3b-9e28aa7cd6dc, 8505 
28998 432e15d5-e6cc-45c8-b3a0-5daa3dfefee5, 3919 
243999 a064d5aa-3153-4b9a-819f-ada63f261dad, 3919 
371235 e8579737-3ff6-4408-82ec-f7bb4e38af28, 3919 
341562 406090cc-f26d-4e1a-b9e2-6363412bffeb, 8505 
398738 e912cfd3-611b-41d6-ae86-c969f95e33b2, 3919 
21147 65869155-8cad-491a-865d-e5d225177190, 3919 
53254 a131b5fd-aecc-497e-bd16-a49ccb9d9efa, 8505 
206082 0636ac3c-73ef-474e-9113-87fe14a61498, 8505 
301231 48c13fb0-daaa-4bb2-8cb3-ff697e4e48bd, 3919 
250214 b0c0cde6-807f-421f-aaa3-9281553739f3, 3919 
129682 0c9fabe5-40f5-4d65-8df4-7a13bdc9a599, 3919 
69296 1e30032c-7bd6-48fd-9aa3-d19db4e3b207, 3919 
282698 129983ab-cbe8-4269-b934-a6016b814ad5, 3919 
159857 80b23654-e436-4ac5-87f7-714784a901e6, 3919 
237458 db5d19a2-dd53-4a9b-8eab-1876f2396d80, 3919 
276692 984f84e8-ea48-4029-841a-892e9f3499fa, 8505 
32013 778e0594-866e-49e5-8ad0-290754f09276, 3919 
319781 cc501075-a1d2-4850-9b87-31dff70010d6, 8505 
121257 c2a050cc-1336-44ff-92d1-0b12295c42f7, 3919 
52462 43a4a7d7-521a-458f-bb1f-579c72627714, 8505 
311542 2521f59b-ff3e-47c2-9ffb-3460ad73a10d, 3919 
77085 04bd0b6c-d97b-478d-86c8-279a00b8724a, 3919 
104792 deda7a91-a913-4c00-be03-c45968a9ea67, 3919 
131701 d1279a6a-f093-4629-918e-bbad67c67a1a, 8505 
136612 dffc05ef-3b18-41fd-9441-12b950cb6d5f, 3919 
308215 afb1839c-c35d-4503-8de4-d484a03538f5, 3919 
222642 f3b0fcac-a07e-46bf-9398-93b70bc79763, 3919 
75606 5fb11e40-7337-4fa8-8bd5-d7ba16fd7168, 3919 
187764 4eda4a32-78f4-4300-856f-8cd7fadfa1e9, 8505 
69981 4c5c3770-1f55-4628-878c-52fe493bf957, 3919 
105001 1731a691-18ca-45c3-af72-60493e2bcfa2, 8505 
363814 97066f65-348a-433a-91ec-99b131d8cee2, 3919 
179676 abc80b75-7920-47d2-8ff4-cee498753718, 8505 
365797 87da2613-c5da-41ed-93fd-c65fded087de, 3919 
345766 b7cb3cce-cfdd-4c47-be74-badc70417db0, 3919 
30489 f14b9838-7732-4045-adc5-e89e0d09f766, 8505 
209460 e97d1b77-4d80-4dff-aacc-3b917c0cb4f6, 8505 
337947 84904861-9b6c-4113-83b7-abf59419f214, 3919 
79932 5498123c-3046-44ea-aeb3-d287c251c7d5, 3919 
368229 a8afb4c7-b739-4610-b6f4-2d17f2cdc7d3, 3919 
8810 b7fe8a74-9913-4d00-984f-543fe5120e10, 3919 
95969 1177e36b-7314-4556-9133-892f1099dad9, 3919 
343412 9ad89109-5faa-41e7-b15b-c170d74407c4, 8505 
309019 1a37ffd5-00c9-45a7-8c94-a662a98a3a20, 8505 
301043 c5c929ab-252f-4b06-9ca3-491ea815e3db, 8505 
117720 d13f24be-65c0-45b6-9fe6-aabbc625735a, 8505 
316948 4a985b8d-e1ad-4c1a-bf2a-aff478c88561, 3919 
334610 bcea3377-9da2-4182-9ac2-5600af5f3123, 3919 
184165 09ca4da3-f54e-4f92-9342-cb2403e1846d, 3919 
113792 711dadbe-da23-4aa0-b560-ab63c99a9965, 3919 
343724 f46dd70e-8963-4d78-8476-84fec16ad917, 3919 
87837 71bd88dd-8e09-45ad-9705-1e59fc73b517, 8505 
331182 a0659daa-a20e-4b22-a5e1-6ffda7c0a410, 3919 
13761 283cafc1-b8e9-4b96-87f9-b83b09c01709, 3919 
135438 bbe84265-9f75-4826-8e81-5b78b368aaba, 8505 
171405 c068b984-5e00-44b0-a6d1-abf5f33a01bd, 8505 
403576 c7e0b8a8-bca5-45cc-b9b6-24fbc809da0f, 8505 
388998 45116caf-a7c9-44d9-9daf-fdb7aba285f8, 3919 
170580 708f910f-59a3-4674-840d-b9999e6500c7, 8505 
288208 4e237af3-8294-4669-a81d-65360d32c437, 3919 
372042 12a1822f-c615-4eb9-b7b5-cb755d2cbec4, 8505 
4734 05f9fa80-590b-4654-b290-38ff1e534a16, 8505 
256690 7f4978a2-977f-4eeb-bdad-f8a4cb5000d2, 3919 
11408 2dd8f61c-8ed1-4cf8-8338-8f838da4fdd5, 8505 
262959 9fbdc47a-7861-4fd6-8ff6-4b7ebd7c4da9, 3919 
168888 14a52f9e-4eba-4608-a661-29c643d81b7d, 8505 
205599 56edbcdb-40f0-4015-880a-40812c36d4e6, 3919 
57372 d593fb34-a007-4aed-bbc6-98c94bfbafa8, 8505 
357031 3df72294-0632-4144-b17d-d4dc9d79442c, 3919 
88796 5522da4a-b8ac-486c-a3e9-b2f3c8c5df37, 8505 
71660 9e0e9f21-8fb2-44aa-ac89-c36df68fd847, 3919 
291006 8c129eca-cc63-45b6-bc8b-412e6a84f520, 3919 
122910 2d00b040-4bef-459a-b036-910da727b11d, 8505 
273936 25115261-57cf-45c1-be8f-8e9a42bc2702, 3919 
115601 dc8e92da-6f27-4ab5-b925-ed62668c9629, 3919 
367880 fecc44b7-af80-4e70-9db6-85c69965b161, 3919 
372213 b7e9cbcc-8ee8-466e-a2f1-586fadb8eba8, 3919 
213842 00c210b1-c47e-497b-9ea9-3dcf36003b63, 3919 
169903 f57bf1f4-5733-4729-8989-326ef94e47d9, 8505 
259190 405d0e09-7802-4b3d-8716-568f33123030, 3919 
325773 02414972-594d-49be-ba1b-107f1f025f52, 3919 
81625 0698c600-a9b7-40da-b07b-950abe80ba18, 3919 
177510 5c911152-f0c0-4cb8-ae1e-3e5131006c24, 3919 
66150 62afffe6-66d3-49fa-b1f5-9112806f55a3, 3919 
93563 19a26221-4e41-462c-b9d2-c05444d4321f, 3919 
341195 62de2d0e-e1b9-4b87-b301-6014c54f6572, 8505 
35006 63c87297-2ad5-4619-b2b8-88d057c48a20, 3919 
306555 46d89d0d-ba0e-4a90-969b-05b1eaacbd81, 3919 
179823 6abd955b-1948-4358-93ce-6f0fe29c7397, 8505 
81199 842eed8c-cbcc-44ed-acfa-6f2dbcdc5ff0, 3919 
219352 7251ef94-28ea-48ad-b192-b5fd4ce45267, 8505 
301131 21db3784-7385-4540-9604-f45cb3f7176e, 3919 
88318 69726714-0b60-4dc3-9475-43b3fcc8562d, 8505 
100862 d842bac6-336a-4039-8963-bd7354dcab06, 8505 
103154 83ecf327-cf48-4fdf-b84a-498cd6b69ba6, 8505 
401404 9a76a68f-6f1c-4391-968c-e8145024259d, 3919 
160499 aad89741-27c0-4e52-8f25-de29ff2744c5, 3919 
124324 b67d7bd2-470e-4ca1-83c2-0e6099f4c29a, 8505 
142020 9ebcc9ce-48e9-457a-a588-ad174ab0a84c, 3919 
362249 a0af5847-f26e-4634-8b69-495f3b4bf1c2, 3919 
123328 105db733-1ea8-421e-abe7-1d03ea390ab2, 3919 
359930 40198f4c-55df-4ac0-bdd0-ade98b1d7ab9, 3919 
345414 b8df3db1-6a7a-4f23-b5dc-ba5114ec05d8, 3919 
201379 80cd77f5-ebe0-49ba-bd3a-40a7081e8fc7, 8505 
337538 a25e347e-c70c-48d2-8b5e-df36d704c683, 3919 
242095 960c8bad-a2da-40e3-acf6-ab79a30e05cc, 8505 
107753 4b9ed09a-780b-49de-b6d2-2f63acf3b218, 3919 
75650 5cb46851-8c3f-47e4-889f-77ba73cd00bc, 8505 
160069 d1e0e1e9-9cb1-4687-8fdc-2fbd17e0dfa2, 3919 
277036 85993f6e-c070-41fc-b21c-a27cd078d911, 8505 
102524 5a2df21f-5498-450b-9187-8138b06d8faf, 3919 
246096 e56a485d-0d4c-4c32-81aa-2808e44f669d, 3919 
227072 678d817e-280c-43c7-b403-875aacaae8db, 8505 
194635 37acb5f6-d541-4a20-9151-44e85405fbf3, 3919 
177620 cebca8e5-91f9-415e-b80a-16e1a0e1b8d8, 3919 
299587 c8a4807d-44c1-46fe-b680-df7856d83dde, 3919 
325246 f3730f1a-22ff-462d-aaa6-1e9a2c4c0b86, 8505 
16669 1862b135-55b8-43b2-97df-db1df47205b9, 8505 
58908 54adb8eb-5536-40d6-8f1d-80477d409a2d, 3919 
183019 e0c4809f-ff0a-4419-ae2b-2b91c8547e61, 3919 
274642 ddd8cbe7-36f9-4263-b825-c5911eec7e08, 3919 
101261 a8776ec9-e222-4c2f-b8de-4caad0c0834e, 8505 
235610 64582dab-df3a-4d5b-a220-19ab7a04c746, 3919 
280768 7c75d6cc-dcd6-43ae-b08f-5666fa6fd29e, 8505 
176694 49fe6ce6-b9ab-499d-9d6b-5a547daff8af, 3919 
189151 453cf8c6-ab15-446c-b43f-a3cfeecd7123, 3919 
26490 17d01382-4b40-415b-bdba-d8878f705429, 3919 
297338 e17f5fc2-c967-480a-9041-2cb07e442b28, 3919 
58380 1e2611e9-ce15-4427-b827-7cc75e229c33, 8505 
190823 3b09a603-7e92-466b-87d9-729ed70d6ec0, 3919 
163635 57233363-dd7e-4b2b-9d32-aab49da88d0e, 3919 
252632 030b0770-1957-4e3f-8a30-3edc854e307f, 8505 
381269 6038589a-3c39-4cf6-bc3c-2cadc178023f, 3919 
4231 a724b653-cf6d-43a3-b8f3-b39e821b6014, 8505 
307814 e5fe5833-d9fd-4475-97db-d082239e26c2, 3919 
129171 957dc79d-d999-45d6-a9a2-7c59954692cd, 3919 
353529 823313ec-b6d7-4fa9-b068-d617690752e3, 8505 
310524 75fc229b-f8b2-48df-aa76-34cd984d558b, 3919 
319578 43004768-af1b-4673-87e4-85073f24a46f, 3919 
301194 f8c5f73b-457a-46fd-96aa-18dcda3f4486, 8505 
372497 532d2bdc-77fe-40f8-b500-b6741b476e71, 3919 
237657 f7dda2c4-b796-4ea3-9d46-69c7f1055622, 3919 
248137 b3070c16-6021-43b2-adcc-d16514578e60, 3919 
341985 6581fb06-ab0d-40f8-a4ad-e8a0133c9cad, 8505 
218210 7e202220-208b-4b1c-a74c-3467366a0880, 8505 
11111 e3f23269-5389-4dc0-91c0-1e6b98757303, 3919 
43707 9d3a7f9d-ec64-4bfe-89c1-c82854069d5e, 3919 
251163 c8252efd-6936-4081-85da-9192d5aa01e0, 8505 
260796 f5400c92-09a1-4cff-af90-8b18277c18db, 8505 
353097 a8ffa11b-c4e3-4a1f-b834-36c605e7cf8d, 3919 
289623 fd3449b0-1a21-44c5-9f95-bdfd9ceb7d43, 8505 
250819 59484d1c-e9df-4c41-8488-e5198b2d6f0c, 8505 
129203 e1f52914-eaaa-47fe-b20e-4e28ae6bcb26, 3919 
29242 5e2a5a3e-75b9-400f-85ce-c3becc24c90f, 3919 
23520 1d1c9fcd-8642-4b21-978e-78c715954632, 3919 
147909 7c1418c8-f2ed-4729-8826-0967e54e6c69, 3919 
269970 e2f760a9-089c-4617-8501-a39ad2809f98, 3919 
364403 fb1bcadf-11ba-42d9-813d-f18e3d4e79ff, 3919 
402106 f8055904-df1e-4065-9c0e-de16bb78ea20, 3919 
309228 42d048cd-5651-45dc-8c12-4e04dd85a175, 8505 
129560 e04048c2-b97a-46ba-9809-9a8d2b102112, 8505 
232422 17dfb516-ac25-44be-beae-493c522ae298, 8505 
396684 3d1c8d68-9f49-4345-bca4-abcc82439026, 3919 
173182 faf90463-3106-4d2a-8f2e-798d4eaf8b73, 3919 
302538 f13252c8-fc3d-4261-a50e-08ba23045f04, 3919 
309303 d9e01e22-b9b9-47b8-9fb5-504c2b22a23e, 3919 
267058 98443879-d1b7-4b7d-aa9a-7f47020cea53, 8505 
187098 9d7a8d0d-dcd2-45eb-b7b4-f59d87bd9602, 8505 
285486 24b9c930-f26f-4d6c-8115-08951bd1b6ff, 8505 
144508 2190d305-f204-43a5-92a4-336d4ef21083, 8505 
333296 84d990ea-e238-476b-a498-66a37db2e9f5, 8505 
104440 ee0da947-174b-4895-8acb-939725ea33b1, 3919 
233746 6f8a0616-25c0-4e1c-85f7-62614c8bee18, 3919 
373763 199395e0-1560-402c-a386-e82cc681d8f0, 3919 
80602 2d4684a2-4648-4bcb-9add-97fd949a9a4c, 3919 
549 393e59d3-6c77-4659-bebd-fe39e1ee53b6, 8505 
2909 8c409773-55a9-43f3-b94c-09f6eac7d423, 3919 
116330 dd0212a7-ee37-4e25-8fe9-0f31c75f2326, 3919 
17259 8bd6aa00-512c-4d78-b37e-d25339fd4094, 8505 
387155 8ade6648-1d3d-4820-9e08-61e7330dfdcc, 8505 
268236 73a6569e-c388-4226-98a1-452f4e8cbaa7, 8505 
109749 cd249635-82c9-401b-a1bf-9bb85633fc66, 3919 
298065 2a2b42f1-19f6-41e7-8495-1b81cb8ad5fc, 3919 
185335 c06981d6-523c-4330-9db0-af7e03deacc9, 3919 
190545 281abaec-0c1a-447b-899d-bc29069e6663, 3919 
356967 6f57d97e-06b5-43c9-8ce0-cc293f09c705, 3919 
30241 37898944-7a61-4860-be6c-d65401dfd923, 8505 
31833 78e23b7f-eaa5-48d7-bee3-bc14af5fbb65, 8505 
337921 56cd5116-b4ba-4f6b-8495-b1ead25b37ed, 8505 
272841 dbefe0e0-ee52-4a2f-8e0f-2b614d68128c, 8505 
242668 753cfba6-8534-4019-b857-df72473169a3, 3919 
208372 69ce6eb9-639d-4b8e-93d7-86cb4ab0bbe4, 3919 
175269 896dfd98-3932-427f-94a7-386271f3b8b1, 8505 
134441 11433cee-2d79-437b-a7b4-fae1170c6f7a, 8505 
51611 4b9294c2-c4f9-4c8e-aea8-db47f8bb5242, 8505 
1539 11d2a4aa-08a8-4416-a1ef-4b1a0e4959e9, 8505 
78566 237a0b63-e1f0-4034-b2f4-e7d9dacf6960, 8505 
290541 9886f9fd-f1fa-4d87-874f-21bd309822b1, 8505 
96890 1a9a8665-fc66-4878-b920-7f44236805de, 8505 
240395 9b4e9a71-a7c3-4dd3-a476-35671cdd4cd7, 3919 
23553 20576a63-16d5-4f66-b99d-7ab4a02b0e03, 3919 
161001 278250ec-ccf6-4f18-a20f-89f463cc35cd, 8505 
323559 037f249a-8fbe-4fb0-9a67-f4b8c88cac21, 3919 
593 130bd62b-bcf0-4103-aeb7-787fb956d86c, 8505 
126670 f9cc7a0f-ada7-43cd-9d2d-e13799ac5f35, 3919 
326765 cdd4db29-a4f2-437b-873f-ee8098241358, 3919 
132251 c9236ef5-d96b-4dc4-aa39-46df845e9c76, 3919 
243756 38e6c825-7f41-4146-9de9-86935b19d597, 3919 
3166 05fcbd7a-936a-4ed0-a131-9356c6f08757, 8505 
55293 91550286-c1b3-454c-9905-bee58106f112, 8505 
14909 55a84683-9a04-47ce-8025-9316a8f02136, 8505 
128361 e88dcb1e-08dd-487c-989c-77329ec15e7d, 3919 
94651 a4733140-c595-41b7-9683-29bceb7b800f, 3919 
44524 35c4fbb9-c2a5-4c91-8055-c44448549e4c, 8505 
389328 54a1af05-2e27-4798-af43-f62040301541, 3919 
185670 04ed6170-5f64-4aca-8fe1-1374cdb1e883, 8505 
176951 3a5c6b3c-ca56-4226-9391-8807b9f2ae9f, 8505 
373172 02ade8e3-55b0-4c7a-91ce-0f931713ce49, 3919 
308356 63d83232-e06a-44cd-8bd6-cdd38f494901, 8505 
396870 7c87b9d4-13c4-4a31-b55d-3f3f38078033, 3919 
255323 02e135ea-123f-42da-852f-f207546f4c2e, 8505 
221275 02a0d598-cbb0-4c2d-9102-fff6020c3858, 8505 
316915 79096527-145f-46e6-9199-8255c1574ce0, 8505 
33363 3623617c-0e04-4695-830b-eaf2c8d0d4d3, 3919 
166572 0ceeb507-6c5d-46a9-a295-16343c745e8d, 8505 
34893 da554d37-4dc5-4467-81d2-1a2b83b866e5, 3919 
137183 442847d2-ef1f-4100-a140-c0c6820609c9, 3919 
356324 08de810f-a097-40c8-80fa-8a6527f3f365, 3919 
379416 ab074c55-2efb-4446-b381-4bfe4d4b317d, 3919 
187131 c88b1056-c629-4a36-b939-2f6a09f9c4c3, 3919 
102891 2169d1a0-49b4-47a3-a5f9-dd9f1867119f, 8505 
384038 777138a5-d9ea-4c14-947f-aa3553b67c56, 3919 
63974 ec0b70ac-f13c-4432-8659-d84bb85f1015, 3919 
11939 ba1a976e-15c2-4ff5-adfd-00a33b529dfe, 3919 
150721 bcb8f46d-3db6-41c5-b9b6-3c7de59ef07c, 3919 
88852 c8e09fbd-25e6-4b7e-9edd-a94b57ce09c3, 8505 
236841 6d07d0bb-8668-4c45-bcfb-8e6a9d101705, 3919 
335363 3defda36-d7ca-4c8a-bea4-b64f7ecaf571, 3919 
16853 60f8b4fa-a893-4705-8126-ef2698745aec, 3919 
149306 4f1158c1-049d-439f-b255-84e2d56eee5f, 3919 
252973 dd55cf1b-07ca-4c40-a4a9-41bb2aa000c6, 8505 
235075 090d17b0-de13-4c0e-9739-14217dc32738, 8505 
64268 820d894f-4f7a-4e03-ae19-a4309342f0e0, 3919 
28695 0a5d21ce-2d62-448a-8710-2f3b7ba733f0, 3919 
229765 d3202bfe-b66f-4c73-ac4a-0ccbcc405db2, 8505 
367173 a0d0c626-1339-479b-bf76-25e4560897b9, 3919 
256681 e7068433-f5fc-4fd1-bd23-88374f2c6bc0, 3919 
287108 d652244b-3c6d-477d-85da-64af7a9e71eb, 8505 
393982 f1694e2b-f983-4d5b-9c2c-8f95485526fd, 3919 
10313 3c1c2f0c-54cd-4a87-be0f-52400cb1cebb, 3919 
346485 713146f5-c0dc-457b-aa89-255dfae57084, 3919 
348792 bfa3c72d-c0da-4abd-a5d9-decd7fd44f67, 3919 
30469 4321a5be-b0b8-41ba-8888-b004f35b3749, 8505 
314380 cdce39aa-1f61-42be-83e4-88ace63d12cd, 3919 
134884 baff72f6-1dd6-4eba-a567-9f8bd1e198e5, 3919 
249993 160c7bf7-9a08-4e7a-a3dd-0bce32dbfe3f, 3919 
56452 fa73d429-3a8f-4262-b8d4-eb77c9d4b03a, 3919 
299429 f45baae6-5f9b-41d9-a78e-1ff6e2f786dc, 8505 
110484 82a818dc-518d-4fb5-bbd0-5a3b04ee9b72, 3919 
168659 fb76be36-b445-4891-930f-ca9715fd5fce, 8505 
353810 7f138549-1f02-4632-ad46-1f9922a32590, 8505 
14702 1c922953-7960-413a-baf5-ce3b573c7b53, 3919 
59829 a3272605-9497-46d4-8d45-69c9d065c562, 3919 
369256 e75ab5a7-2bf0-46bb-a96b-44bc06f4af96, 3919 
341339 8ff82c76-b60a-4d5e-93d6-fe93aa953611, 3919 
316701 fbb300fc-0fa7-49f4-9a29-a9619604e67c, 3919 
394296 93ad4fb6-2d43-4558-bf5e-8866eec3caf4, 3919 
108961 d8a347e4-c479-4f49-9dc5-73f10c6b4b65, 3919 
248710 33b2ba1b-72e3-458a-8e86-93981b712731, 3919 
19738 249391d0-a560-4b4b-868e-34d7cfb2cd12, 3919 
74633 b1b56f07-bce9-4e52-b0ce-8b58b7de8ca2, 3919 
149731 a5ed246e-787c-465b-857a-c56ba9608f78, 8505 
308702 419953b3-f666-4b46-b1a9-6017a04285cd, 3919 
123088 ed376536-f998-4ead-8bd6-1e9a66a92bde, 3919 
29738 ee1ed979-64ca-4538-a1b3-190302e51f4f, 8505 
219301 933725b8-5ea0-4c03-aafc-8381b10aa96b, 8505 
42820 7c2cd409-80b6-40af-b893-4d13721af84d, 3919 
275403 62adc74a-021b-40a3-987e-fcfc2b7ecbe0, 8505 
50726 bce959e2-86aa-4ab1-ac6b-41b0ce1625ae, 8505 
101256 7ee21c29-c61d-4091-be06-7ceccbcd3bc3, 8505 
147360 32196e1b-4547-4333-8d63-fe53e0b1b7b8, 3919 
294605 dd570918-7ecf-4f57-8f11-06fc37e0c69d, 8505 
297417 f9e3a57a-af9e-4895-b54b-ff7711821b20, 3919 
308173 eee6dd3d-c121-482d-866c-ec2ed76a86da, 3919 
157434 20d3326b-cafc-4382-9490-9da59b7fa444, 8505 
135300 bff282e3-b33a-4ee3-b54c-662ede4c504e, 3919 
109193 5c018d0f-7c01-443c-98c8-612f9a09f57f, 3919 
22266 efb07f18-96cf-49b6-ad13-0efd49d39969, 8505 
185000 86ebbfa9-7160-441a-a343-ffeea4e818bf, 8505 
114761 39e3d58b-15db-4782-a850-411f13f7da60, 8505 
173447 47642d98-e640-411b-abce-a9a05b6e5ac9, 8505 
92628 ec684307-cfcd-4caa-8cc8-f446da415c4f, 8505 
393654 ab78b900-2037-464e-a46d-0c41aea0a74e, 3919 
72571 30ab4625-2c16-4226-b83a-8081f6fc2110, 8505 
150241 ba48e3e6-7c25-4d55-bd78-34cbe7b0c6c5, 3919 
384226 54457f0d-085a-499d-b73c-cfb9938f3c50, 3919 
311058 1a604cc2-7e45-410b-abf9-144bffb02bf1, 3919 
283654 d891889b-4bdb-4f33-b12e-1b725256d896, 8505 
221246 98c2e7be-0bf0-470f-998b-de5726384648, 8505 
98916 e687cdb9-2691-4a0b-bacc-8610d51a8890, 3919 
153896 8ee9c269-416d-46ad-b82e-338121ecf126, 3919 
32316 1d4eb15d-2b49-4c44-adbc-8a9832555f7d, 3919 
43357 a1e4ddd6-c105-4da3-85fc-80ae38b55b3c, 3919 
261719 8cffeb11-29cc-467f-8f2f-b8b8a058cf29, 8505 
324876 e4a7dc51-8c47-404e-bcb1-58e8a2d6005f, 3919 
104768 71d92141-e964-414d-9aae-47ae50fc2263, 3919 
191248 261ad31a-c4a6-4209-868b-e2c321fe6709, 8505 
180161 e623b8fb-a086-4a4a-8c5f-e332b6b4983c, 3919 
274062 d26062e1-ff19-4559-81a8-e4667c2e0775, 3919 
126297 bea3f38e-62c6-4e29-a827-2765a9d64d40, 8505 
140297 bf5c2cb3-6fe2-4fc0-aac9-a63b11052df5, 8505 
50770 5b4a9b6b-8257-449b-8f12-3b8b4254546d, 8505 
384695 ea7bdc2b-9976-4d44-a1b6-09ad237107ee, 3919 
372946 e8c89109-5177-4aad-a9a3-4fb70e7836e5, 3919 
337455 475aadad-4d5b-4e03-bb82-28277ea97ce7, 3919 
151249 c933a127-45a1-4169-a1a1-0b0d7a1d7e80, 3919 
268574 8c4287e6-527d-4ece-bb99-416f8d6c9698, 3919 
334775 a6c27024-9226-41e8-b5cc-c01291286162, 3919 
19134 b77aab01-d794-438b-af21-0789c2f8a02e, 8505 
309788 933eac0e-1a94-4761-b9c2-d0eb8ee6f196, 8505 
190170 fdc936db-f4fb-4e43-ab97-895f70d18aff, 3919 
245965 ad788c1b-7247-4516-9992-4712dfc2ca18, 8505 
277949 4d5d1c94-b224-480b-84f6-b5b85f578fe7, 3919 
77715 3bad9ca2-62cb-40a3-b175-ac31ac83207f, 8505 
352546 be60c97e-0394-41f0-b3ed-4ad0491c48f8, 8505 
22324 68b25cd3-a796-44b3-9001-d0fbeab2c2ba, 8505 
282429 1f923fde-b219-43e8-8a6a-5216260c7495, 3919 
263045 9281b9ba-c25b-4fe0-88b3-890004413db3, 8505 
147248 5bd72e88-1c6d-4609-937b-20f58ff67edf, 8505 
150149 324b80d9-2e26-4f03-b1fc-ae51f4b63436, 3919 
394167 67ab8fd2-b70b-4509-bb7a-c06ffde6f90a, 3919 
283237 773ef7ce-b880-4b8f-b879-a39969bf539e, 3919 
280319 09c7b615-04e1-4a56-984e-40c75879de61, 8505 
256228 2a912215-4e01-44fd-95cf-48a222e73f59, 3919 
216763 9c1a6bac-77c0-4c2a-a07d-aad9e65f378a, 3919 
2784 f4fdebb1-da60-4689-98a9-813339935673, 8505 
370249 6bcac1e0-8aaa-4627-ba4d-656bad717c1d, 8505 
7337 a6dd05d8-c8de-45be-a5aa-1c8657fc2332, 8505 
59081 ba754c87-92c7-4134-8e79-8296b5a44031, 3919 
268490 f4573e01-1f10-4977-bca8-f197b1b24af9, 3919 
384218 da7e447e-045e-4657-88d1-cc3f43dd0a42, 3919 
146346 a33f6149-9a5b-4147-b44f-891948094af5, 3919 
60531 08bb8990-b52c-42cc-93d5-79dd61445075, 8505 
282950 a4c94791-5446-4b4d-aeb5-cc24cd4516f8, 3919 
78479 88d3e3f1-d04b-48b4-9ca4-1e2e95986bce, 3919 
191435 7ca7ba0b-00e5-4723-bf64-c83c668c7bfd, 8505 
175406 8512453b-bdf3-4ba2-a83b-d9942ad88a16, 8505 
95822 fe5f62e0-9163-4d57-82f9-193a93a236be, 3919 
330236 fd567ee0-2e7f-4537-ae8e-134e0bad2486, 3919 
339964 5889c2a6-0910-46bb-87b5-fb15745fa970, 8505 
386283 81e7d978-dd3b-4356-98c1-2d56707c860b, 3919 
339800 f81c8e41-925e-45fb-b42e-dab8110282b8, 3919 
385815 5281875b-9f2e-493f-8705-5b8e6735f572, 3919 
376475 f0569c55-bffb-45cb-8171-2b16c690e9d5, 3919 
400713 7ccf7155-c8ca-4c97-abca-e4912933f336, 3919 
306025 43364b65-5377-4e35-8559-46b61be8d80e, 3919 
224395 b0a2bf00-a281-4183-94a3-a9e9d52803ac, 3919 
13635 aff05c4a-2119-470e-a5bf-3ddbe017c900, 3919 
78128 5b951be3-88d7-426d-85a8-4facfb4b16de, 3919 
226863 e628239a-e2c5-4d22-8104-be4a48c14837, 8505 
404253 1322415c-9094-4559-95d2-d0fc496bf226, 3919 
200115 7e8d96f2-1064-4808-864b-2a8561175e96, 3919 
394323 630cba6a-10e9-44c8-9baf-a2cfda0ba1ca, 3919 
44006 e240df8f-1e38-415a-9000-7822d65a8245, 8505 
218806 f1301eab-69c0-4b90-af3b-f102dbd95c78, 3919 
107767 e9d31ecb-8219-4fce-927e-1a7a920f6926, 3919 
231933 1834a287-ac84-43bb-a86a-e6d8603c1321, 3919 
67750 8d4a4ac9-ffaa-4f5e-b915-fbc687384e75, 3919 
141638 00504675-d339-468c-b408-51089d574f87, 8505 
87339 cd00467f-b4f6-4dfb-92be-6819c2dc2ccd, 8505 
349052 8be9b7e6-1052-4356-a75c-ec7a27b4cc85, 3919 
106752 f45bd81d-3366-4e47-8afe-2bf03d22c5f0, 3919 
118943 74e0bf53-f765-4a77-8321-65bdf5baacb1, 3919 
222704 afeff873-da66-4b71-9364-642bd4c9d13a, 8505 
366702 5603dd71-b618-4df5-b4f4-70566055d96d, 8505 
364172 cba46940-49f5-444f-9d38-f288dec2c721, 8505 
330882 982a6158-7907-405e-a184-22f380bf768f, 3919 
335958 11f3c550-ce56-48bc-8819-7e94f191d180, 3919 
136898 3a70bd8e-8764-45df-baf5-1dd874d3cab9, 3919 
269156 55a8eb76-4581-4e04-8dcf-7f282a2cc575, 3919 
380158 441774e8-a471-4016-8eb6-b43d4b5a82d0, 3919 
345481 39c7d40c-1cf7-49f8-b38f-fda0f2604e47, 8505 
37615 f0787bd8-d5fb-43b0-af4b-c87aeff26c5f, 3919 
224198 7e4d4407-599e-484d-a19e-b377df217630, 3919 
161645 88a4b14a-9b1f-447b-b75c-a57c3019b8e6, 8505 
395138 78bb7dbc-1f79-473f-a00b-27de5fff5b56, 3919 
227172 aefb9b50-6d82-4735-9f4a-ea67e3160c71, 3919 
281379 383108a1-38a0-4c5e-a3ad-45c159535132, 3919 
104822 bd9f7b74-b807-411a-a667-9c1d8f6cf3f2, 8505 
380680 e33479cd-f576-43e5-9e3c-d135258236e6, 8505 
122160 9d12eee1-3d8a-400a-900e-821b1adf8919, 8505 
193728 1064cd15-3b26-4349-a52a-545723d654c6, 3919 
122518 08acf5aa-7f16-4676-8b4c-06b928e98eac, 3919 
95423 dbe3131e-7335-46f2-a892-4d7d9c3ddc72, 8505 
96027 4bd1be23-2d9b-4217-b4a6-46114e969c1a, 8505 
310777 2a31d56b-b82a-408e-937c-ff654257f788, 3919 
311760 fccc3f31-7e58-4422-bd8b-301cfffce8f0, 3919 
43655 70c47dc5-f42d-4f36-928a-d8f21ef1ecde, 3919 
257509 4fd4fa0b-a289-41dd-9bf0-e81486fb41ae, 8505 
384526 eb3e4417-d80b-4e59-a306-21db4132a3b9, 8505 
22195 0c3abff1-4067-42bd-9804-92a24f05cd0a, 8505 
325491 f7c79dd1-6f84-4e04-a2b4-2fa559780382, 3919 
78795 3d6d7aec-f6e9-4f22-b923-70912cb92d8d, 3919 
48622 d73ae515-1064-4bbb-b8ab-038e2dd3e876, 8505 
86116 83926d01-4edf-4c19-8779-6eb3bd846148, 3919 
221978 56eccbaa-fb82-40d0-bbf1-1f1a0bc4a618, 3919 
83933 60564281-0c43-4775-b8ea-ae88b1231c1a, 3919 
265108 eda777c0-3e89-4835-ae1a-dd4ac8b8f260, 8505 
138360 3a7269b6-07b6-4586-abba-fcd733773d3d, 8505 
135022 a909fa6c-dfe9-468f-b4e9-ee401fbeedc4, 3919 
90047 818d7df7-8197-4f10-8bd2-5838334eeb5b, 8505 
379202 a1194b73-3775-436f-a38b-5e0ed9526d0a, 3919 
164477 5f25ca82-8e51-48b9-af12-f1fc04a7b2a7, 3919 
98483 8e744ef4-8427-4e02-97df-daf3320ed8b0, 3919 
264119 344a3600-8c28-40ba-a41d-5ce3ce3c2d66, 8505 
350797 03557d98-2afc-434f-9143-5f187438fdfe, 3919 
352986 53f44151-bb3b-4c3a-8d59-7c88fa034292, 3919 
82208 16f7c830-668e-4ffd-92e5-5d857c7707ca, 8505 
1350 bf0a6f08-50bb-405d-9400-852e43182d76, 8505 
161537 c66a32b2-ecf9-44db-96bb-cac69408b1e7, 3919 
310965 711a15e8-ce66-4bfa-a73c-b967d67fd79d, 3919 
300350 499731b8-d228-4de1-a4cc-94a7aaf5c98a, 3919 
340864 c80d0fd6-7800-4c45-9f81-e199cd258509, 3919 
65525 97347aec-2250-47e4-add1-8590930cca8d, 8505 
223967 35e919f4-5784-4967-9582-83bff8aec76f, 8505 
267522 6deea098-b0a5-439c-8dbc-d67b14a31fdc, 3919 
133382 8493e825-6aa0-4a87-b2eb-9491f7ea136e, 3919 
283090 820139ad-7e39-46dd-9134-d5aae9b8558a, 8505 
285258 71a5f961-1547-474d-ba6d-11c13f977cad, 3919 
215513 304bf395-ea74-44ff-a4cd-2d43a42bc019, 3919 
60679 41fa04db-d9eb-4e6f-8608-dd72e68addf6, 3919 
211107 0b0f4bad-400a-4d7c-a7ee-5ec3d3f531a3, 3919 
130853 8b997768-9075-41d1-8fa8-8e9868cc2cba, 8505 
66093 9ba14c81-5e20-4229-b92b-d65462661bd4, 3919 
157247 afa5f12e-7874-4878-92d0-ba3adb1a440e, 8505 
171854 a652f2e5-ea60-44af-9cb8-b70cdfb847be, 3919 
118335 d77399a3-f9db-46ad-ae5e-74dc77cfd5c2, 8505 
191404 74f78ac6-845c-440b-9a0b-755acc62ddd1, 3919 
158530 a361612c-d6ed-448f-b798-2b423bae4d31, 3919 
214575 ca1bacba-148d-40d6-ba16-e1b704198250, 3919 
261700 d7a8951a-eddb-46ec-af0e-2f654f37ebe6, 3919 
86745 80471622-d099-47bc-9562-16cc754da64d, 8505 
364763 6b519721-b68e-4625-a1c5-72bb6f6ff8ef, 8505 
232934 5fcf1945-c9d0-41f6-97cb-35dd1c052022, 3919 
354612 708ee384-18a8-45d0-a9e1-9532e285336b, 3919 
168469 d7618745-2b03-4b99-8f01-3ad56eb15c7b, 8505 
77954 b22552d9-084f-4858-965c-d4d36d78b2ba, 3919 
281337 76c82708-b394-44a2-8800-5a37223f953a, 8505 
212254 efaaf65b-4057-43cf-ba3d-b0b3ccba1523, 3919 
196827 8de37176-92e8-4c37-abd6-41540977760e, 3919 
393639 b963c096-b913-416e-a2af-43ffd792f81a, 8505 
241304 9a5874c0-f9e3-4315-9447-da148278594c, 8505 
109919 c2b9fa97-c646-497b-8da9-99ed58b1ec40, 8505 
257250 606e18d6-2c48-4f55-b6e1-e426909cc3a2, 3919 
350617 4a41dc5f-3fb5-4838-9cc4-368b5903f05c, 8505 
161878 55e637fd-1c19-42a1-89e8-61ba1807cbd4, 8505 
206053 13887631-b1e6-4098-a038-dd7a4fd5886b, 8505 
88592 edfbe44a-608b-4a98-9fd7-ab58ab93e12b, 8505 
114012 da063df5-d4b2-4dc8-82ad-1cfc5048148b, 3919 
151354 bfe5ca4c-9254-420a-b807-4e9c2080c957, 3919 
327436 8a731184-046d-490b-ac03-c42b2acb16ae, 8505 
263587 82e79d8d-c1a4-46c0-bce8-fe9ddc8d7b51, 3919 
353751 30cfe7fa-0803-4776-8e73-4c4a6cb2be69, 3919 
234024 cb3c959c-d9c1-4742-ab0b-9fbe8bec35e6, 8505 
78787 ad614d7c-952a-4a4e-89b2-66e619adecc7, 3919 
196481 c3057afa-799a-45c0-96d5-b86f3c5eeedb, 8505 
55648 4a695a51-07eb-45d5-9d9e-56613390d7d7, 8505 
94994 f5657952-9bbd-4680-9fb9-326b232fffa2, 3919 
322003 f0b61b0d-0ce1-4280-a6ad-f5368965e977, 3919 
14005 c52129c7-61b0-427a-ae15-37f5fb1a6f0a, 3919 
208486 b50e0374-bf78-460b-967b-3610cf46606f, 3919 
11546 d1e0b112-3619-49b2-989a-0353505e7ab7, 3919 
69006 82b2edfb-fb4d-488b-8a15-65494f36316f, 3919 
317722 baa721ea-1218-4edf-b9f0-ef5fd2931cda, 3919 
193585 d2573b35-4bc3-4f20-9791-8664f9f9304e, 3919 
376579 4c37b928-888d-42dc-a9c3-c11548f5f8cf, 3919 
101251 d8015fd2-d5da-48e9-909d-15a4e7dacb9b, 8505 
288021 6d80457d-f9f1-46d4-9d53-b11dfe41f5c3, 8505 
357176 2779118e-09a1-48a5-bc50-d129364e5969, 8505 
252900 0a0673b0-d0ac-4e24-9ffe-9951cc107cbb, 3919 
177783 371fbf12-228a-48d5-994f-f4f95aaf0c41, 8505 
262955 3c18ece7-c6ff-48f0-b071-36e4ada1ad75, 3919 
56258 657797a2-3aae-4459-97f2-b38c09f63d9e, 3919 
250322 a960631d-a598-4355-93d0-85a06505900f, 3919 
168430 bdc64c98-671e-4c71-9975-930fb5ac80cc, 3919 
138168 d3d1ee3c-9010-4f1e-a7cc-b8103bacdf80, 3919 
165018 14287165-0545-4151-80cb-a2daf224bce3, 3919 
183987 f2b2f1c1-a0c7-461e-864b-469520635743, 3919 
349665 49c31b28-3f58-4fdf-94a3-bcb4502c8bd9, 3919 
180322 cd3c506e-781a-4d52-bff3-27f5ecaedf02, 3919 
101487 3dec2d10-6c03-4b95-9b86-f4b5647e9549, 8505 
34977 889059e7-7973-447e-b7bd-824020c7ec18, 3919 
250791 2a9513dc-c0eb-4674-8a46-036f2b415858, 3919 
195542 40168ec5-7f2c-4fbc-b8fa-ebff2f091a54, 3919 
141439 a4187c57-fe91-4fc4-98de-81b89577f1a0, 8505 
306505 b2ff4eb8-d8b2-4811-a148-fd215beee37a, 8505 
259845 873f220b-9ab1-4535-a914-f79ab9f837f4, 8505 
193751 1fa76c15-2402-402b-955b-49fcff2ecec0, 3919 
401085 ccbd30d2-3897-4e5b-834e-b070370becf6, 3919 
336726 280a8c1b-dc3c-498f-9fc6-e89a9f7c8b43, 3919 
9115 b94fdd09-d291-4e7c-812b-52e3bf0c7e81, 3919 
180186 b021fd8a-5907-4ed1-a6b7-ab3aab81a341, 8505 
117659 e32a5439-df0b-4262-9179-2babb0a5d698, 3919 
79531 363192ba-d6c1-4637-93ef-c1b57d94ece7, 8505 
201230 98d75440-eecc-453b-9230-19e47b33a535, 3919 
99438 95c74e5f-f7a0-427d-af86-deb919887ec1, 3919 
331323 b05cc6c5-fbf2-40e4-965a-746840bd51b2, 8505 
238145 37a7d097-9caa-4ca4-9290-e4c1718c8cdc, 8505 
118570 88970340-f3b4-4e31-a505-8a58ce1fc7e7, 3919 
211441 4135e85a-ee6b-44a9-b4ca-9a50feb624f1, 8505 
92103 4589d634-ac8c-492a-a299-f16654c89327, 3919 
19721 018dae79-ad26-469c-b70e-34d06f92e052, 8505 
356096 3ca0f0ef-7eb7-427d-a2a6-c6f72d226fd6, 3919 
20245 396b1d46-87da-4ad3-858b-5ead6f0153e3, 8505 
333652 59e78023-dbec-48f1-a0a0-5ce85ebea28c, 8505 
203948 ffddf15d-e519-44fa-bdcd-04b2075a0bbe, 3919 
225608 4d14b906-2ce0-40ab-afba-389f8bc91b4d, 3919 
191467 209a517d-fb96-4377-ad6c-ba37b0c03551, 8505 
338610 77b72fe9-1228-4a00-b27d-2e13517e2a09, 8505 
371859 1cc17e45-1999-49c6-8765-fcefd1fcff50, 3919 
347669 3f6d5e39-e100-41c6-bf1f-91633f0bf563, 3919 
372256 e19be9c5-59ff-46f6-91d3-7c68196af368, 3919 
310102 b2771413-594c-4b1c-812c-546514f02682, 8505 
218591 00998a72-75ee-42dc-ab84-83f5c2029a0f, 3919 
310086 40654eda-7edf-4e11-a0f9-7e39a3982540, 8505 
72524 e599bc85-6d0a-4415-b996-3f5bfd648034, 3919 
337546 2a28fa12-3376-426e-b145-98c678912f4f, 3919 
101092 29d1ebaa-53f8-4ea7-ad44-c40056b981e7, 3919 
231838 0163f7a7-5257-4c36-85f2-782f19d7d085, 8505 
379959 035fc22d-3cd9-4aca-a2d6-93407b8108de, 3919 
325483 bf950988-3dd8-4201-a52d-f32bb7dcb730, 8505 
10448 cffa7c0e-c2c6-465e-8058-56b7ea9252ec, 3919 
273616 3fdd1841-06a8-4a1f-b18d-f9703c60206c, 3919 
162942 ee3862d7-f9d3-4e5d-a7fa-6b3d3bc9b468, 3919 
254702 6ff8afc1-c594-4b06-9d68-62dcc59db449, 3919 
10706 71008058-7bd7-429c-b129-ae83a48123ea, 8505 
236338 cbdf441b-3f77-41e9-bc9d-1a540579c2df, 8505 
384126 43f49e1d-b598-47a7-8d84-bf6d4c1bcf28, 3919 
239457 d6b7d83e-666a-4248-b135-50e90d76eb17, 3919 
205594 56806dfb-3788-4234-a4de-4574b22a5b43, 8505 
231908 22ca153e-b9d5-4d97-a5b9-51fdb1484f1d, 8505 
172889 1149b58c-e2ce-4eac-98ed-2c57f25c2bed, 8505 
360847 5ec6d4ae-6844-4f2b-a4ad-cb76c2de36a0, 8505 
302869 2349fb3a-0ac5-472d-8b3a-17c2455eab95, 3919 
341315 c7b2fc7a-c378-4d4b-9967-4c47822c055d, 3919 
211968 b0a228a4-ab1c-4bdb-a0b4-619ba0110aa1, 8505 
361255 ba8f324f-1b49-45e0-8b6a-af31d7908b70, 8505 
214121 1d1d58be-e0c6-4b51-ad97-a5ca86468aec, 8505 
399126 d98ffdea-0a94-487b-a8e2-845625c4c87f, 8505 
297913 c9bc528f-7054-4165-94ca-c485c440d1d4, 3919 
109300 921d1dfe-4b19-4029-999d-2499165b4431, 3919 
155228 ebce14e2-aa21-432e-94ec-c86ed0c0d2e0, 8505 
188395 6a38e700-6758-4c73-8534-9a85265cd46c, 8505 
382247 2c6e346b-3a6f-4697-816b-af7ac2377fc9, 3919 
48016 de93b740-af95-4254-80c6-e03cd0e22e63, 3919 
95546 2ba36a4b-c146-4f39-8275-22aeb1347170, 3919 
395932 eecb2600-4aea-45c6-b72b-f39f25b377ad, 8505 
314393 0c726100-21c8-4c23-9957-bf52a78d03e5, 8505 
80654 6a2a20f1-5f87-4e65-aad9-aee8e9c8c8f1, 3919 
127668 a2c30ec1-6a4b-4a57-90dd-f73bfad32c04, 8505 
37503 4291a8de-179d-4f75-af43-c2570b020538, 8505 
19256 2b5fdc37-e8b2-4d62-a66c-e983d278b4fb, 8505 
366158 f5165572-27ce-40d1-bf09-c0faf9166b1c, 3919 
121205 405fa893-f87a-4a48-9c06-3dd42ff2a826, 3919 
11528 44799183-a7c0-40cd-8f5f-daf59d3a28ee, 3919 
402586 2ed95915-8b7d-4b2f-a353-f2f2a7b4049e, 8505 
63942 56443664-ce04-40eb-b96b-e6e695908519, 8505 
306512 147cdd66-e38e-4305-9e3a-b0602f1b264e, 3919 
267819 deb53008-6ffd-4921-95d9-a0bc1e97e69d, 3919 
387577 da07e309-3ab1-46f6-991d-10cd10e5ffa3, 3919 
398092 99f12e84-948b-4a3b-9676-a262a2ce813f, 3919 
354992 e03a0b7f-595d-4030-ac04-5e7ba33294e8, 3919 
105922 89ee40e8-5107-4573-9968-76108fc2b8c3, 8505 
323480 e94c1166-62d4-4528-8448-7b6bc9a49408, 8505 
167650 fe9c77f3-9a1d-4a75-91b2-4b558718f25e, 3919 
310897 ca7a0553-4a95-4ed8-afaf-24eeb7171db8, 3919 
218119 f314c7d6-97c4-42e6-9bd4-1bc37e1439ce, 3919 
294031 88661f5c-6eea-4efe-8c4f-a4c039de168a, 3919 
283673 4d5fe405-39b3-41f5-9b12-af55d5ebfef3, 3919 
139177 8e7d6f48-dc55-49e4-ba2d-5f3907673f7f, 8505 
25965 0ecb1a94-a260-40f1-8a45-6c5a1074ce88, 3919 
329570 131a2191-18a8-4b68-be37-dff4ef9c6154, 8505 
40918 f3e64c43-5bca-4cfd-a226-8fde4884cfd3, 3919 
181829 72164a1b-0a01-4d85-b81f-29c65b9073cf, 3919 
346038 c18efcdc-ccfd-4055-9d9e-66a918a7f333, 3919 
375711 6a97efdc-4189-4d02-99b0-51f20a96d98a, 8505 
311936 88829437-d1ef-4906-99d6-16cfa241f47a, 8505 
346785 a7524724-5e4a-47eb-a83d-b48b23565357, 8505 
271014 b1a36abc-d93a-4a53-b12e-d2d2d5429055, 3919 
351414 2dcb79d6-44ec-466c-8a42-bb07e554893b, 3919 
223701 370420ad-488a-45e0-85a6-3875b4b6a666, 3919 
72983 79354754-359a-41d6-a51a-3096d231dae1, 3919 
189142 7021d4ac-e829-4d8a-b9c5-836eff7c4cd8, 8505 
229708 60dea31b-c810-4587-a8a4-dda365fda97a, 8505 
66825 f9f256a9-d5c6-4834-849f-809147f52ee3, 8505 
225564 4f969bcb-456b-4707-bc96-eac0ffd05ade, 3919 
317859 4cb53d47-02db-4ad5-85c6-c01e7c19798d, 3919 
301439 5d4dfe90-d894-4433-a1ff-d7f43a3b4562, 3919 
59285 bcc589ca-b7fe-47e4-b231-418c02d10902, 8505 
9784 75e4a05f-5f52-4321-9b7c-6c8f6c7d30d7, 3919 
137849 42e8cea7-447b-49dc-9473-2cd6df47fa49, 3919 
59691 331fa551-91b7-489d-ba50-ad572709ed38, 3919 
213200 e8cd109f-a0bc-4904-b215-32ef86bae15c, 3919 
139816 7bed4c23-b0f0-4edf-be62-56de2d1ef068, 8505 
82341 c7d829f9-54de-46ee-9ded-4424136ee56f, 3919 
368493 3e6a200c-83b9-4a2f-8ce4-c38b39090a31, 8505 
101537 95317e63-bcaa-40d5-ba9e-107aa7bda27a, 8505 
71883 ec92e6e0-7b0d-4af9-8f39-5215ac35de45, 3919 
374236 6ca666f3-be6d-4304-887e-67869fe810e1, 3919 
268950 0452a54b-2206-42dd-8497-bb9302f5cd68, 3919 
197570 cf29baf7-2e58-456c-abc7-7111f9c75369, 3919 
7923 1faf3e2f-32f0-4cde-a68b-327e4d5bbc4f, 3919 
314229 960f4f49-72da-46d4-8e95-d776100b0167, 3919 
236645 e26b5bdb-04af-47cb-8836-9dd0820a9eb7, 8505 
62426 2df18b84-bc3f-431b-86ec-f48357557440, 8505 
115379 1ffc6a3a-0f88-464e-94d4-051b80a6008c, 3919 
320001 ca8d1884-fa66-4977-b6bc-b0a8f8658a76, 3919 
209285 caa22021-d021-476d-a581-d6e235746d69, 3919 
310366 fdcc10ef-4d72-47ad-8475-8d2b2a651b7e, 8505 
299279 68a0006b-79f0-4fdf-92af-b88f935d79c5, 3919 
369581 a09e18be-1a40-469b-b880-bf52ac4be91e, 3919 
298765 8d1ae527-1297-424d-a1e3-925bc9229e5f, 3919 
66535 f2e012f0-b0ab-40c2-a4cd-a7c76a3c6737, 8505 
200267 cf8ef819-e447-4617-b8bb-92e4213dee52, 8505 
264086 a62ad104-1872-47b8-ac8a-396c958d5f3f, 8505 
374173 3a4185a7-a32c-47dc-a2c1-69b6f690556f, 3919 
360437 7f0d94a4-5370-4d19-a222-df371466d197, 8505 
260617 872286c5-bcbc-49d5-b885-879e91262de7, 8505 
274059 53924f4a-41de-41a6-8d3f-7f0ae86d95ad, 8505 
155499 14bee223-c906-4b31-a806-35320b3f9637, 3919 
101599 20f1e7dc-d169-4b6c-b460-aadf695044dd, 8505 
64201 d7fc5e77-2875-4e23-959b-7e3f1c1099a1, 8505 
3146 f8836028-e9d6-41ba-bc8e-acea00514917, 3919 
114187 13082366-7aed-4b8d-9218-7680d78fd20c, 3919 
308306 adca11ad-e5c3-438c-aae1-4c3349d9d9ac, 3919 
73167 79752e6a-0196-4046-898f-77787e24bd66, 3919 
402138 84b1980c-a35e-470c-97a0-119ff9bf95cf, 3919 
30708 1a4b65ac-bc6c-4e06-8e46-d5a8c897ba0f, 3919 
58598 9c82fcb3-d947-49e5-a2e2-9d949d33b61e, 8505 
287603 9c3dd3bb-63ec-445d-85a5-8467d3b29460, 3919 
251154 b74a119b-5890-4a82-9809-10f1ba203886, 3919 
198164 c0829f29-3c2a-4f23-891d-3df73bd2c46a, 3919 
56376 9773b572-9b90-4c9b-b227-fb0ccb26131a, 3919 
185760 5f4bc300-c7b4-498f-a91c-91a51a0fb09f, 3919 
396070 66fdf34f-8268-4908-b6f5-9f48a705112f, 3919 
384139 d300a59f-5be2-48a7-ab6b-df0efa8d2d35, 3919 
198514 f54f4a49-b796-4d4c-97d6-e3580af607d6, 3919 
67125 81b8671a-ce34-476e-b8eb-33c16e5f6107, 3919 
380819 94d88370-23c5-43f1-aeef-71d26c94b891, 8505 
330589 af67aa53-757c-43e0-bb04-515b4ecc9570, 3919 
145926 ff2630cd-d53f-4a16-84e8-47b69ba1449e, 3919 
288840 6a0a4b39-a21e-44bd-8b74-7f55db726128, 3919 
249120 86a01895-afb3-472a-aa34-6f732a42fb9f, 8505 
201676 f919299c-51da-42d7-b1b2-b61626d18532, 3919 
213112 fb5dd163-1566-47a4-9530-ab804d38074f, 3919 
24017 0547588f-26f5-451a-aa34-be380a1fa146, 8505 
3228 46f85922-9eee-417f-98c2-4d1ef1bd83b9, 3919 
197943 3089e8e2-e1d9-4e44-ad17-cc5d645b363a, 3919 
349114 64f70aba-cc53-44be-b742-c3973542ab22, 8505 
157295 f46e6f0e-49ca-4061-bcc3-f756fcd3781e, 3919 
196954 1d9b7b27-92d9-4313-a8f5-bddeaf3d90d8, 8505 
206640 681e1b05-fe21-414e-a3ab-07acb74be483, 3919 
150673 685131d8-53c0-4333-8366-88ff4770e2ee, 3919 
358798 55cbe29a-1ca2-4817-ad4a-8968a4b9f82a, 8505 
152306 0074604f-257b-4bc9-af33-34fd8b2e4974, 3919 
326709 50d08658-bd19-47a7-8d67-aac4bdc344ec, 8505 
10525 c02392d6-7bf6-47f0-af32-990a66904868, 3919 
111846 af547707-cedd-4d17-a2b8-dcfeb15ab9cc, 3919 
8444 190d7939-f602-42bf-97d6-1b7cf9a08c14, 8505 
276718 04660281-3f2b-446a-b435-fd65a581e3a9, 8505 
105799 4c09a978-f91c-4b5f-874a-ae565d60d508, 3919 
16507 140f03b2-8743-478e-b302-7d21a125825f, 8505 
396253 9626d34f-2010-4385-b42e-859e76583b28, 3919 
387401 dce1d7d5-5a8a-40b0-9b3f-8297508ecc59, 8505 
183657 28b9a32a-874e-4870-b496-725cb5fc3347, 8505 
404222 9d738cbe-be71-46d3-8631-81ba494101a8, 8505 
156954 23005a7a-3ad1-4a89-a408-4a47104a5bfc, 3919 
92423 29abbf2a-6c3b-4e37-9e5d-ae6eacd020b1, 3919 
359226 b4d9acf2-8164-4859-969c-e7c480a69618, 3919 
157204 107e60b2-58a7-438a-8b74-168ece8be400, 3919 
35288 d530dde6-494f-4ada-b1cc-070f38734bf8, 3919 
208357 6585cab3-b945-4c3b-a7d9-0b44944b4650, 3919 
96663 f6679068-6ca3-47d8-926a-e11dd40c2652, 3919 
206210 af8033f9-5cec-44b7-8636-43dc2207c9ce, 3919 
180325 d2838528-22f6-498a-9fc3-819be7774400, 3919 
238652 cbdfce6e-20f8-4adc-a8f2-8b747509f939, 8505 
84925 0125954b-a8a3-497e-a882-84b1ede95a89, 8505 
177730 4dad28ac-5624-4b57-a349-9633cf89df5e, 8505 
252634 29892033-0abc-4541-8a6d-9522239674d8, 3919 
168530 c959cb78-d560-4520-9ad9-cc139582271d, 3919 
155960 8f1915ed-35d2-4ce1-aaaa-3ea850cf77e3, 3919 
327076 42b8d6fd-844d-40f1-afcf-75794b3153b6, 8505 
253029 88b2fd33-77ac-4dab-a15f-4b0ef9588bc2, 3919 
389792 518153bb-e40f-43b3-9b9a-e8ae7d38d444, 3919 
156278 e2672cd8-9a58-444b-bb95-d63c56329376, 3919 
276550 c60891e3-4e51-43e3-b552-a488b3c147ca, 3919 
382132 404d5273-59f0-4892-9f27-aee5f849dc0d, 3919 
164103 18c08169-386a-47c5-8eee-2d9a6d633d49, 3919 
242803 74a31b67-d52f-4f96-b6ba-ba0ead0651d3, 3919 
83494 0ae66dfd-54f8-46d5-b769-6714e2225031, 3919 
48584 7647ebe1-9ecf-4c1c-8d6f-62e74ff5eb9c, 8505 
277189 561a6d68-6dd1-4eb0-8075-af912fa5b718, 3919 
105733 8ec8ffaa-ec21-4e5e-9b68-0329e55d0ac5, 3919 
76898 6dbc2454-a478-46cc-a552-edad17731ee6, 8505 
177028 e8ff3b50-edaf-4489-8fd8-8415dea08a06, 3919 
320135 40cda636-ae70-4bd7-b823-1096806d5182, 3919 
88857 397bee0a-ea98-4a70-8020-06ea7f127edd, 3919 
242264 97655ab5-cce4-4a03-97b7-cd48b0b990ef, 3919 
139298 8c95b2e4-8509-4367-abf8-43b6a3c4021c, 3919 
170734 02b2484c-ea32-4461-9c47-257a7e47656b, 3919 
36711 fe7443d8-3a68-4ec9-af3c-66fc915da184, 3919 
128914 f5647e69-5ab9-4309-893e-b81653fbcd98, 8505 
264421 b37586b0-551e-49b2-abf6-e927afa9937d, 3919 
242976 5def449a-5d24-4ca0-a888-784a9cbe1196, 3919 
94 08fedad1-641c-459e-a137-f37d271bb3f7, 3919 
353525 1ff2f8d1-bd39-4494-8e09-126a939e1f4e, 8505 
312292 c60d2d1a-bc36-4e9d-b15d-2da7ffd32b5c, 3919 
204292 dc8732a3-fa55-4554-a197-72993a39a679, 8505 
38386 de172af4-a6b9-4a30-add8-40d232038eda, 3919 
199078 ad308b15-b1a6-4f38-8632-40120c271d7c, 3919 
292218 83a7777e-7251-4e26-bcc1-18273500aa98, 3919 
83695 482028dc-98b3-4c57-9c22-9fcf1dab106b, 8505 
384774 3e5d95eb-92cd-47c7-9ae8-64b820881cd4, 3919 
337710 047f7a0a-b10e-4ead-b855-0d0577516cbf, 3919 
174519 b18ecfb7-a1c6-4eeb-b463-3b0174028f85, 3919 
168178 8b3af436-b349-41a3-ae0c-908f16b8fefc, 3919 
321910 7e96caf9-b51c-4986-9390-aafd40162732, 3919 
87578 f11815fb-c8b1-42eb-9e01-14dcbec39a2a, 8505 
178269 0318acc3-d2c8-4e32-9ecf-6925980dad4a, 3919 
335013 364ff901-c135-4d7b-a65f-a2a726d28f70, 3919 
38074 c6fb3c48-d084-4095-a8e3-957a6f7fae87, 8505 
141731 dbcd682a-677f-4f3a-a1d1-cfe813e8ffcd, 3919 
76464 83fb30ae-1ed2-4277-bc5a-a78322e4bb03, 8505 
56915 b732d68a-4f28-4ad2-8b6d-b27b94532a76, 3919 
36078 9ea2b7fd-c946-43e0-bba6-fa5e355a6bc7, 3919 
330825 d4c89bb6-4a81-4b30-ae48-9bc7bbef1937, 8505 
397636 e6ec6a31-2dbd-4657-b087-f75e0d3fd7ea, 3919 
279315 edd8e28a-695a-4336-9678-f81bda11a45f, 3919 
17340 90e2ad04-6521-477f-aa2e-cd1090d1e4da, 3919 
227416 60daba44-f6cf-4464-b471-8f3cf5476226, 8505 
174376 7ad9a7af-34c5-48ef-a7ed-f6fe3f86bf02, 3919 
288929 59bc278d-290d-4d54-baf5-2703aa3d2541, 8505 
282010 8c0479c8-e7c5-4a75-ac83-03a6cf1fad3a, 8505 
257920 1e851571-9bf3-4791-ab00-882b2d2ac5bc, 3919 
239688 bb45c6f0-a88e-4eac-a984-c8fc2cb1ba25, 8505 
239608 8df6e8f0-3196-4bc8-a6ef-3ee154b872c0, 3919 
221560 1a9757e6-43e6-479c-be4f-5819ef9fab09, 3919 
374320 97f2a8e6-a37e-429b-a3e5-01b1dccbd45d, 8505 
297168 1a411e7d-d425-4300-b8a4-638ff692ef6f, 8505 
359981 baf352ae-ea0b-4f3a-9957-1164d57538a4, 8505 
85971 68f981d2-37c7-438e-95f2-3d0e1107d1a1, 3919 
174820 0aad5941-9ca1-47b2-b7fe-b6bb42843a89, 3919 
153069 00854791-7260-486d-bcdc-455be5be9510, 8505 
290837 047b8aa9-8f1c-4c75-9b5d-3bc419f9cb7f, 8505 
281217 70a92bec-ee3b-4574-8b30-a20b04a39992, 3919 
30515 8daece38-54f3-4799-93e2-3f633a891064, 3919 
152405 b3bcc0fc-9bff-4574-abd2-1bd33038dc98, 3919 
110639 4ec16cb1-35e0-4ff1-b7d1-4a64511be9ea, 3919 
244242 e5f6ecef-55eb-463f-9c7c-ff583f20a345, 8505 
51983 0092b199-5857-443c-aadf-b193f2e61c12, 3919 
52939 adb38094-b77d-431c-bed9-b7a59c5d102c, 8505 
146540 49e144a6-6f8e-4033-8d2f-8d2f59539794, 3919 
84066 90b2a424-04b4-4e8f-a070-80161b2bf444, 8505 
130803 4fd899c4-6eaf-48e3-a38a-909276ef7bf1, 8505 
3666 42637d85-6086-4603-87dc-3ceb0f569f40, 3919 
256057 c38a6e26-e7ff-4237-8975-8af4a3e062c2, 3919 
275171 bc44f46a-c7b6-4a05-9fbf-9bf320e60eba, 8505 
293255 763bb86e-958c-4adc-8537-2c95b8d76706, 3919 
339537 1afacfc9-d06f-43fa-811e-6d2177f3fe4b, 8505 
122421 85817d57-2733-4be4-8561-c8e3fde4f7ae, 3919 
159227 363b5c07-e91c-4b9a-9932-6d15f73ab93c, 3919 
338038 c6fb2041-d261-4e22-a74d-47674494e8a4, 3919 
318241 eef8b85c-288e-4930-aafb-2f8e92a8aad2, 3919 
190591 8e97fb99-a1d3-4b34-8fed-013434e1b3f1, 3919 
274027 d34e953e-ad38-40e0-aa8b-83e4524aed20, 3919 
53013 c7dfbba0-eccc-4ad4-a50f-1dae414e9ce7, 3919 
354384 e82e02be-733f-4f17-a423-e49d33f3e3ad, 3919 
71997 6c200c18-bf75-47f8-b6e9-ba8c3c23d943, 3919 
58171 c84ed589-23be-49bb-b45c-6cb3324022c1, 3919 
394000 cc746c41-4795-440d-9fef-bcc6ee856f71, 8505 
398473 1a305fba-1ad9-407d-b8fd-9d445ca2cb84, 8505 
361736 149dea3e-ea7f-40db-bf7f-7c092cf67b88, 3919 
153259 e7268500-bcbc-42b0-b844-67bbbae4769d, 8505 
104046 5afa8267-9ece-4075-b2e9-ef3cf6e988b6, 8505 
303268 5f0c6b9e-2864-4ad9-a87e-8ee7eeeb6312, 3919 
66972 0df01396-35e3-4c7b-8f7d-89819958dc6d, 3919 
330656 1164d8f4-91c9-4ced-a6b0-328714177f92, 3919 
94618 2b3b23e7-dceb-49a9-9956-e492195bd09f, 8505 
334708 f9e7971b-1dfa-4f7a-8414-9bd8fc638d68, 8505 
265258 9a288781-c8f7-4947-8c9e-27458e42a69a, 8505 
117474 595c856e-1e44-4424-9785-54007c27396d, 3919 
365266 84fcd727-76dc-41ab-8b73-6a01b6db3858, 3919 
128063 d7146452-4338-4fc6-9037-08992b113583, 3919 
349449 fcfab575-6665-4645-b221-50891edd1405, 8505 
131187 31e0fcbf-c063-4e68-98b9-edb31f5f09f4, 8505 
87185 8b5ada74-5752-4c58-965d-a583ae7c1965, 3919 
110560 bddea84d-18dd-4b2b-b787-3c17757170e0, 3919 
220298 9767502a-b728-4d68-b6fa-5e4917672969, 8505 
53117 ba361a7d-5876-4210-acb8-88cc514f4674, 8505 
294482 d41a07c3-eb88-4b06-bcc8-4c1f95004120, 3919 
312524 3c7a24fd-86d2-4503-87f2-552ac3a0a8c4, 8505 
217210 40a8fe07-4418-4bd2-9a79-3cb8eb287bbe, 3919 
69036 3f95099a-74c5-4c8c-9b86-aa5d9a65c460, 8505 
143177 d0e1df35-140b-42e1-af22-4645813e6dd6, 3919 
211884 c9bc53b0-fb4c-4e45-8d0b-947168094cde, 8505 
208797 4b778f94-7690-4b1d-a743-2c8c114204f3, 8505 
18212 351d0bca-41e0-48d1-8583-6f54198f987d, 3919 
130165 d917b117-2968-4254-a9d5-c42242cf4708, 3919 
343865 68dd6a4b-a192-4fd9-81fa-a6a1bfd9acf9, 3919 
340676 871b024c-3e1a-4603-86f1-25f705e59be6, 8505 
354006 e223f693-5ce2-4c55-9903-64ff584947b9, 3919 
351246 34990973-2457-4545-b59c-6f4b3167bc69, 3919 
366812 f2154717-7d26-4c84-8559-5d71aab7057a, 8505 
389758 1cd29171-760d-4e74-acfa-493b274e8c08, 3919 
203017 1e324a78-1d2f-4fb0-bb89-085c19ff195b, 3919 
63616 f65ab68f-ad4a-420d-86ba-d0d0a5eff962, 3919 
232449 c46d2a66-7d33-4f8c-a200-ed9fb1171eff, 3919 
140671 ea0c70f9-546e-4124-b389-3bf3066918df, 8505 
97891 71ed923c-baba-4ad1-b7e6-261237055ab9, 3919 
69125 c4879496-11f9-454e-8c64-f517dd4ae9b4, 3919 
265833 950e0c38-dd47-4ffc-8ebd-383b29625f5a, 3919 
24231 7f221e23-5717-4d3b-b256-d0e089667b02, 8505 
99087 fec79374-2b8a-4fd0-8867-9c2985291f05, 3919 
26883 23ee27be-051d-46de-9849-d2a00593a714, 3919 
188324 89e7a60c-6d73-4aff-b4d4-753f34f21872, 3919 
302381 b2f7e051-6074-4510-88af-aa1cc1067a4d, 8505 
353163 bf4710ab-111d-4840-ac38-53117cdd0897, 3919 
155983 729cd4db-65b2-4481-869a-fc22aa943768, 3919 
202978 9373ef54-ec94-49e1-973a-4df663f000cc, 3919 
368230 f67741aa-d768-4ba6-8819-27bbbb386c4c, 8505 
393743 72e1f4aa-753a-4360-a3d5-d93636ee8ab8, 3919 
21543 27dbe3e0-8f30-4794-a743-36adb6182f92, 3919 
318224 7613037b-9641-427a-bb21-965546309cab, 8505 
293922 1ca7bb8d-9b82-4cdf-9152-27fb34d5bf3c, 8505 
282390 d6e6385a-948d-471b-b5d4-d08fbf94a919, 8505 
57058 41bdf737-2bdd-4793-b0aa-ff06c7a346ac, 3919 
187223 e7f2e5c9-4875-4819-9e16-fe58f5d75826, 8505 
127924 805704ee-077c-47fd-8343-6d4617682949, 3919 
209005 a87ca75b-1350-468d-91f4-50618e363b6a, 3919 
29725 effd9ae0-0847-4e77-9971-6138345a541a, 3919 
160494 ef634976-bfeb-466b-9b02-1ba0c637e24d, 3919 
303082 096c4501-3ae0-4167-a36c-cd46ce234f75, 3919 
241097 718b153b-a529-443c-a03b-bc9f5db686e8, 3919 
254388 85dc82f9-c1b6-4257-8fa4-99539396cab1, 3919 
325513 e30b043f-4cc7-43ae-83d3-484b80ba6260, 3919 
204227 20231508-5d83-4f24-92fc-81e64c21c9fb, 3919 
257203 de86a2ce-914a-48c9-92e8-eed2173e8556, 3919 
36641 66681162-f898-4956-8935-2b251465701f, 3919 
172237 6f4b78d2-d818-4f58-b3e6-47abda0dfa72, 3919 
61182 b1a41626-bd39-4960-b8be-7a650c643ac3, 8505 
86509 d3481b54-423c-4d82-90c9-3c48c32c35d6, 3919 
306037 5d0d6a9e-bc9a-4aa8-84d9-c576c5f0c6cd, 8505 
141786 cb1ce15b-16b1-49f7-bbdd-e73e421fdf1e, 3919 
155268 35a59113-78ad-4355-8b1b-4b6551bfc624, 8505 
99423 72b1fd86-9ddc-4e5f-bdf5-3bd7b6b437d7, 8505 
158246 27b7c5e7-e5ba-4ed4-8a93-fd247bb30704, 3919 
296026 b096598c-65b5-4bf0-8a0c-91e0dde58bee, 8505 
287877 d2ad2c14-4435-4dc6-a363-c8345b9b5d36, 3919 
361333 b4476f43-dccd-4c21-a094-2412b5cab406, 3919 
33979 c48e2604-f14c-489a-8bb9-5a94ff071b33, 3919 
126406 8b5caf1b-990d-4c5b-832f-34d223d1adbc, 3919 
27162 edc7191b-6e71-49a2-8c0f-13e60660659e, 3919 
285504 82a38049-480d-400b-9f22-5bbf218cdac1, 3919 
224934 288b1c91-9660-4652-96ba-afc6b6c2b76a, 8505 
349507 d1dc091b-18fd-4585-b2fe-c1245b398cc9, 3919 
218738 8a5a3c12-1b54-4c01-9ec9-0fe6a44e7dd3, 3919 
81190 1f571942-ca60-474b-a8c9-ba83b067c09b, 8505 
144459 0ddc0511-0f3c-4fbd-93ce-7f72688c333d, 8505 
123448 27e453d7-d892-4f77-aef9-16ed9cc170aa, 3919 
30861 118b0253-c15f-4444-977a-e7409b0215a8, 8505 
97557 d6145ee4-a831-4df2-bd62-8e5608bcb466, 8505 
79784 1687b38e-ef90-49ec-bd1b-ac62c26ee0e9, 3919 
137205 6f057a8c-7956-4354-9bca-50d9b3a3595e, 3919 
146297 9d6aa231-cacf-4932-b290-9447d011e5c3, 3919 
175237 e0f15dde-69e7-49b2-98e9-1bc6d1c8a391, 3919 
362211 a8d80287-d8c0-442a-9644-8f671591effb, 3919 
40094 92267f79-2deb-4c2e-bd3d-8d6871992b59, 3919 
176821 810d7a6e-b3c7-4d87-8c9a-c2b1dce15c22, 3919 
143447 662008a0-76f9-400f-9c93-a56a7b1c34a5, 3919 
114256 dbe78a6b-ad21-4d16-bff9-83606779f121, 8505 
194151 f34ae016-af11-4b63-8064-1f4c9c6fe6cc, 3919 
240307 9f11a102-151e-4308-8214-bf65d1d97c51, 3919 
358 e79d641d-b8ca-4708-8554-dd76e404f8ac, 3919 
90259 5087c8da-a5c7-4edf-bfd2-87efb2812798, 3919 
254560 d51f32db-e2c7-4d94-9b5c-cbe56255ad0d, 3919 
44508 fd5abe23-7b50-4396-8a2a-f0115a3565ad, 8505 
133823 f1d72570-5c54-42d1-b337-ec093eb45fb9, 8505 
279836 19ce32b7-e1f0-40e2-8b7b-c052f1faac28, 8505 
185697 32e094be-a188-48b3-885a-ea034dbfff93, 3919 
94068 22afe6d3-150c-420c-b8a5-28a556d0a5d6, 8505 
190772 b0eca13f-c74f-45cd-a233-e06b33bd13c3, 3919 
152549 bd5c7064-73b0-422e-b46c-ec73089d8ab5, 8505 
255312 4906dba1-c623-423b-a1c4-7d50ef801321, 3919 
382778 8371a548-11ac-42e2-89a2-8f793fe539ee, 3919 
77412 b95544ca-ab1b-49a5-8db5-11b426f39bd0, 3919 
140693 9d05b9e5-97ca-4205-a870-57548a76f174, 8505 
56783 2b10d471-8dca-4d31-b81b-84a4bc41825c, 8505 
229562 feaac9e5-05cc-4758-9061-a63975cf1289, 3919 
268369 8fd4aaf0-2dbf-4286-b035-e7bbc5347214, 8505 
17145 2beb3197-3291-421f-9a86-016418b2f2da, 8505 
223477 f6bd3e11-1f09-47cd-b978-c9310f1b3ce5, 3919 
124960 a7824000-3322-4cdb-835b-ceb66a5cd32d, 3919 
70050 8afedf6e-4174-4dc2-89d8-88ca56635e1f, 3919 
78534 30b24517-9cd8-4f65-b97c-60f59989cdfc, 3919 
170076 63bb10b0-c4e9-45bd-aab9-f1acfbd86d73, 8505 
177940 05a35a33-dd8b-4f22-bd7b-1491a343b0f2, 8505 
369001 15a48633-5ae8-471d-8a1c-4a6361bec711, 3919 
109103 67adf59a-c4a5-4b50-8719-4eee48a863a3, 8505 
266982 144829b0-4d51-435e-a971-de29a4059469, 3919 
10 7813f37e-43d8-4142-a012-0d2984398371, 3919 
365497 a82ab465-447c-4f18-b842-94dc521a6de9, 3919 
337011 f8059dda-3538-46b3-8098-b61db8177bfb, 3919 
41996 85faa2ab-e67b-48e2-b9e5-3aebc2d4d75d, 3919 
197700 a27fcdf2-21e7-402e-91ad-413bc4a030fc, 8505 
181370 5c688217-accf-4eb6-bcb7-52088d2c4645, 8505 
142265 360a85ff-53bc-4483-93f3-8b7497a7823b, 3919 
190351 5e8468af-6008-4e99-b608-1412e070114f, 3919 
185654 e80e96e0-b424-4bb3-9f76-fe42654f9dc1, 8505 
191505 57de1359-9e36-4f7b-b497-6f7787237437, 8505 
12747 7fd1231c-66d6-4bee-bad1-03a893f66ec4, 8505 
195195 63bf9db8-c784-4ad9-b36f-adbaa73b06cb, 8505 
76052 f69b922f-d23e-45cb-a5a7-cf9c4ecc04c3, 8505 
154205 99637aed-b226-4bd9-901e-18eb05545c38, 8505 
389552 70f0c573-8908-4756-8293-d0e47d3b0b23, 8505 
79301 be8c8741-d74b-4759-9ab7-914480c50201, 3919 
98859 87a197d1-a1f7-4181-ba07-5469d38c2bdb, 8505 
133124 d9fd5570-3d45-486d-bb22-26f35d5e8739, 8505 
244114 c4a12d88-4051-4c07-8e85-a2d624aadcac, 8505 
2511 eeba98a0-f757-4b34-a385-d45c4fda06ec, 8505 
372172 bd4f51dd-75b1-4ebe-94ef-88ba2fb99b86, 3919 
161755 7529b44e-f952-403a-88e6-d69180a63c14, 8505 
238640 5a43df2a-d692-4670-8c20-997f8c300cc5, 3919 
199051 54f1ef67-8b21-48cd-8ba1-56f114e65e01, 3919 
259897 3ec18c7b-8fc9-4419-bb1b-621e85a760b5, 8505 
19075 dff300e6-5e0a-49cc-8297-8861b78ebd21, 8505 
235283 928f6895-3c29-494f-b19f-dac58fe9ebea, 3919 
248999 b97bb7aa-9a88-4acf-9813-5e690a70522e, 8505 
339377 f7883f16-47c3-4546-9d66-82ed83005d65, 8505 
351989 83ea4b24-d817-4e0c-a2a8-aa07a84058c4, 8505 
308735 36550b28-a21c-4b30-9051-58fb24879be4, 3919 
350622 6a53115c-10a7-49ee-9d5e-2bc7ef406d0a, 3919 
376517 6bfdf60f-0219-415c-bc66-21bb744d2a19, 3919 
221058 8287e727-1a04-4931-8cb3-8dfe2e719c29, 3919 
253657 0f2885ec-7d2c-4857-8eb4-c0c61a1f342a, 8505 
103080 ccae469b-f83b-4f27-aa04-b36576ff8995, 3919 
359711 94ff539e-3a36-4459-8664-a2f4526b5724, 8505 
201414 bf3b5485-0bb6-41b0-9782-a791f814ad14, 8505 
48472 fa949e1b-40e3-4cb7-8adf-f8c7f50a615c, 8505 
95439 d184a02d-f960-4a32-9d2e-a0aa136d41ee, 8505 
159906 22bec1b2-d107-4a7e-bfa8-11ff955a6599, 3919 
266283 9c457c99-04a9-4fb6-8a4d-f47a3697bb3f, 3919 
333687 0609643a-2cac-4fd5-84eb-01ffc9256ebd, 3919 
381983 7a071c41-7377-4e53-9b5e-cd84bc186625, 3919 
322468 5ecd6907-3d17-4d4b-a540-d172d3e2ccad, 3919 
143156 24c1cffe-34e6-4aeb-bca7-91b5e49d57a8, 3919 
360609 100f64f0-2390-450b-b5e1-bb028613ca15, 3919 
147321 00fb3115-52b5-43bd-9606-5f1699c6792e, 3919 
238031 10ab5b0e-4b0b-4513-98c2-c5d437f7dc2d, 3919 
181371 6b30c0cf-fdf2-4d38-9c47-62f8e6b5b411, 8505 
38483 23c6202f-3b7e-45a1-8147-bba25b45867a, 8505 
5335 2818cc81-6f43-40a8-ab1e-f8f58cd93f12, 3919 
334906 0e9ac6b8-351b-4da2-84e5-aedcbc1c9c5d, 8505 
55240 0a73bd8e-03a4-490d-9b0d-1b525d2f36e5, 3919 
150603 79976daf-538c-421c-8ec7-ded454d5e4a7, 3919 
356000 5525d4a3-07ab-4ba2-96c3-8c9901391181, 8505 
14082 9f4d3521-771e-4e4a-862e-027a653d7567, 8505 
244536 c0f2bb17-fd48-4895-a9fc-90d7723a511b, 3919 
288043 33ed3662-0158-485d-aa6e-9325adffadfb, 8505 
188282 7229e96d-f5af-4017-8f75-3b59925c1ac6, 8505 
91386 b9cc0547-cd1d-49e9-936d-e78ae0dd019f, 3919 
67626 9bb311ea-6847-49d4-9ee0-87f510aca1de, 8505 
137433 7ee2612f-a9ed-454a-a893-adde40208d72, 3919 
369440 21ec2336-9d1d-4346-b5e6-251b535556f6, 3919 
215534 170d805e-0132-46b3-b9af-4bb4da74ffca, 8505 
137617 94404b86-9cda-43d9-93b9-933050d505ad, 3919 
193991 036a36b9-53dc-4a4b-ba8c-7fdd0e771cba, 3919 
32367 fbec6894-8b8a-471f-9d0b-45320b22ca5b, 3919 
259795 907f3870-9b4a-431b-9063-f88568ea9714, 3919 
8661 d34fa4d7-6113-4c8f-8cf2-7e16fd2b13fd, 3919 
112839 409c4d3e-6098-4ebe-ab6b-2456ae1a22b2, 3919 
287184 5eef5c23-e14e-4b77-9812-b63475cf712a, 8505 
254071 de4a863f-2de9-4273-a252-c9a43a7bbdef, 3919 
119503 7930f2ea-1c12-4629-acd2-bf741159d3e9, 3919 
261868 6f35dc93-919c-44cd-a19d-44839709268d, 3919 
155078 11c3c9b1-1d27-4807-949d-7646b2ff9768, 3919 
238353 0fed740c-dac2-4718-be70-0c53f4240018, 3919 
237384 81a3b561-b3d3-41d4-a968-f27fa3a42b22, 8505 
147826 2723967c-7ec1-4da7-8faa-67db191ae8aa, 3919 
284647 317ce676-ea7e-464d-85a2-6c449d439bc7, 8505 
265357 aaa5cc36-df39-4d27-91ec-214f6424f2e5, 8505 
6837 7217469e-dc25-47ac-b2db-c7725f093abe, 8505 
103937 ab91e58a-26af-4bf5-9104-3a71fa0079bc, 3919 
229166 306b28c0-82d1-4de1-b94d-ae0e10b3bd79, 8505 
91962 75906592-3c75-49ef-9711-3c05b66d4b27, 3919 
237509 d7b62f10-8076-4d53-9efa-06afe527a851, 8505 
177708 22198e18-87bf-46b0-9d2a-2030f69d562c, 8505 
51451 feb5b4b0-8221-43e9-99df-25800096eb91, 3919 
275341 719ab2be-60b6-4119-b59b-139a6c53eb5b, 3919 
363026 dd33d54a-4bda-4320-9177-c185429615cc, 3919 
78689 df28b430-891e-4d2d-8954-6d59de4c2721, 8505 
230574 4426e300-8481-418a-b566-bb28e2cb2a06, 8505 
32564 2ebdbf26-df3c-4c3f-93ba-868bb4c56ccc, 8505 
19823 61f183ee-2756-4b93-b371-a548c6d09fdc, 3919 
264863 d3905671-3090-4e00-9fbc-344a0825f813, 3919 
121256 c185f41f-c8dd-4fcc-a310-e86d58790dff, 8505 
135744 f39173dd-396c-4bee-ac8c-2e2235e6618e, 3919 
36854 cc8bfcb3-3bdc-4188-9ad5-6bdc94523976, 3919 
205077 47f9a98e-cec7-4a36-a72f-aa0bf1d4699b, 3919 
223639 e592d3c0-fd47-4602-a477-c5b3d731b42b, 8505 
214825 25a11a81-3f50-4c77-80ae-8681cf4f5958, 3919 
258108 7f3ce0d1-303e-4bbb-b929-f5fa85ce6f84, 3919 
187388 acadf47f-ff9d-4d93-85d8-5fbbbe2a4253, 3919 
197138 3098ad9a-6f51-4cb9-b20d-94d6bfc3dd5a, 8505 
45540 eb6dbfc0-3fe2-4d95-9aaf-383aa7b63e2f, 3919 
145760 7807fd45-b244-41bf-9a71-e22207f29924, 8505 
144521 b1236478-bef3-4fb3-ac60-a02b352ec222, 8505 
345589 67c7595e-aac7-432c-a7cb-d49afa969b50, 3919 
9549 06b4b546-efd9-4600-a1ac-24e132998f58, 8505 
91540 7ff64907-14e5-4cbb-87c4-ea47af17c844, 8505 
195961 46911609-ca80-4628-8c8a-628ed9bf05ed, 8505 
106229 b838c63e-0669-43ef-b23a-2cc0d793fbec, 8505 
391024 c4db1547-1364-4745-8a27-976e4b632658, 3919 
53773 ada7769f-b03e-45b5-b435-42133e7761d0, 8505 
398709 a3d6aa8e-48d1-4b13-8f01-da074bc366da, 3919 
302447 6d080369-3283-4011-bcee-7d8147c9af46, 8505 
388180 34e2c1d1-4a59-4eed-9476-e822a33487d7, 8505 
177184 d92b051a-dfe1-4c8f-984c-af392f0c5576, 3919 
111585 14656eb0-1bc0-42eb-a2b7-3d1b714fcb31, 3919 
135278 943aa07e-d5cc-431d-8740-3db40aa54b6c, 3919 
189620 859a106f-d10e-45cc-bf24-739cbb0ebb96, 8505 
160004 80df2dc8-1ab7-4302-a6fd-cbfae08faa40, 3919 
375081 8490e3f4-ef4e-4fed-9742-73ebbf474241, 8505 
243537 a1577acf-d905-48a9-9f8a-b7a9a6c80ba4, 3919 
299329 b69973f0-9baf-4d01-a841-9700057fadcc, 8505 
51125 17757c4e-3f48-405e-ae78-8def248f8637, 3919 
159568 31439d84-7c0c-4833-81ab-9aba1c8e8a9a, 3919 
332338 78cd5eed-0f7c-4b26-990f-02d9c150777b, 8505 
201214 b8880304-824e-49fd-b8f4-dac793d98455, 8505 
87722 6da7b938-f9dc-4b5b-a5cc-561b98a258bb, 3919 
368905 85fb2ff7-cf2d-4266-9c49-a743478b1664, 8505 
238748 253e280f-ed61-4634-ac52-77eb9983c0fd, 8505 
88935 fbe09e7b-5a15-4464-a59b-5bb9522ae482, 3919 
204600 d3323986-633d-47a3-83b6-ca78c1e26448, 3919 
321264 cd13d901-4151-4888-9883-4df2813922d8, 8505 
150549 66df96ee-e400-446e-8c14-a53413132d98, 3919 
212620 8f670ef6-f2ae-490f-9d2a-6df45295518a, 3919 
315271 3b296936-67ec-4ce1-ab70-6db0b8454cfc, 8505 
401456 ad0c18a6-e174-47a5-be07-70ead2c9e837, 3919 
149932 f8f34bc7-cdac-4ac5-b639-4574b4bff532, 3919 
138918 1e646227-cccc-47d0-8962-3d3dccef1677, 3919 
80728 c1318c3b-56e2-432c-9303-ae2c15384a43, 3919 
141346 6211b6fa-81db-44ee-90f1-1b2bc6068293, 3919 
332367 ec05a01e-adc5-4c09-92ae-9fc3a2ef32ce, 8505 
119814 14a71833-6e63-4572-b0db-efb43adb44da, 8505 
263705 1ae9fd26-5859-4aa1-806d-ebb29e75fd40, 8505 
353543 bb088915-6c27-49ce-bf80-69eb3b45dc13, 3919 
208384 d7348415-6d27-4f44-a6c1-c119ee626817, 8505 
346314 6a9b4e69-82d0-47d0-930c-5a1e440da6b7, 8505 
393877 afb0b51f-ec43-4f50-b101-76a099852cab, 8505 
201170 d22d94d0-3c0a-44cb-aeac-0bdae38508a4, 3919 
2593 bd9a188e-12b3-48b4-8b9f-e22f3841505c, 8505 
26169 3d03bfa1-7d09-412b-9e1f-49a054ca3f39, 3919 
288366 e84c6142-02e2-4439-bb71-be232fe11e7c, 3919 
260248 643fe2e0-a1ef-4f05-9f10-55603422a07a, 3919 
102578 eef571fd-4391-4c69-a804-e3ff11b7c4be, 3919 
144458 7930cb15-58e4-466a-ba58-b99683e1aaad, 3919 
86191 584e7b83-df11-4bca-bdcc-72c788ae98fd, 3919 
199747 821b6a77-b5e0-4070-96b9-bd4a4003e25c, 8505 
258189 78805d88-dd56-4872-8d5e-bfe704bb3cdf, 3919 
253354 215aded8-c0dd-4997-b342-fa17d4593463, 8505 
403663 dd22e114-1716-4204-9550-bb6211fef40a, 3919 
288222 68f2b331-add6-4f70-a1b1-051e836106e4, 8505 
36264 f017d08f-66d0-4bc4-8838-2813cb0c9e2f, 8505 
220433 8311aa96-0b5c-4b1a-9de1-629ab4f66f80, 8505 
19645 22f8c845-ff5b-449b-9403-d4bfae1edc60, 8505 
332942 8c6c0a94-7c68-4450-a13e-b6b1e27f6f17, 3919 
1700 e05ba7e8-4806-4a48-a43c-65a8e10b59f0, 3919 
72852 ee2ba4c3-06e8-4738-82bd-5be61acb89a6, 3919 
286685 f6c7d23b-8711-41eb-a50b-e400ce390745, 8505 
132914 89fd203b-d428-4ec9-8689-5983c9e6f6e8, 8505 
629 3c8737a8-0bcd-4da5-a883-9fb78dea218f, 3919 
276057 29254bbb-f0ef-4f26-99d3-6354b4eb1212, 3919 
100451 dd8f78ab-97d9-4a46-90b4-f58ca9350074, 8505 
245527 935a2668-33a4-4edc-a016-b7a0b798bfe8, 3919 
222744 73a155d1-9c47-42e5-8076-9aa49c74301b, 3919 
360037 2ab98843-c3bc-461b-9a92-478287350979, 8505 
156784 cb0defc4-b984-4473-86d9-8f7ed5ba4324, 8505 
358141 c53eec20-6c67-4ae1-afbe-41efd9ae0605, 8505 
340444 80e14f7d-d97b-4381-a25c-7b97898d48ab, 3919 
89231 6f597a35-a471-4157-841c-f968fb77df52, 8505 
90993 e01c9d4c-5e36-4178-bd1a-e74d5aef6e6f, 8505 
200474 7f2987af-d6a2-4606-a619-7de21b9c3ccf, 3919 
287093 b738915f-7295-4a3f-a75c-14d6cf317e1b, 8505 
246120 cfb02827-2fdf-45be-9d4b-0bc1b4a90636, 8505 
232808 82f1c441-48c8-4c05-8146-d9d5bd05cad1, 3919 
279784 8d498770-b89d-474d-8496-5253fe6732c3, 3919 
172083 1c2d1f9d-c4dd-4b78-861b-ef72e8b0b608, 3919 
128262 36352aad-ca0d-40dd-b6de-142938ff6b86, 3919 
271672 51e340b5-a887-4aee-b53d-b9383424e646, 3919 
382727 7bef1fa7-ca28-448f-b75c-717822e18e30, 3919 
59046 3e6e0372-238e-4755-b8bc-c70b4d1ee6a6, 8505 
348312 00762770-925f-498e-89c5-745917d344be, 8505 
231828 74ef960e-a377-422c-bae1-40c1a678fcac, 3919 
330561 775d6bea-aa68-4847-85eb-d2d0b4c6a646, 8505 
399593 b9e8c526-3568-4fd5-a380-9df97b287a57, 3919 
23772 e3bbeff1-c2b9-41d7-95f3-33b3d3153f00, 3919 
104409 2d567c0b-b06a-407c-a74f-7ec1df35a52c, 8505 
395401 691b5a8d-6a45-4028-a0f3-6b78326259d7, 3919 
9149 a593bc45-3bd4-4359-8f6e-ab2cf9f66899, 3919 
92587 4be315b2-c6fb-47b5-b52e-f8af22c701e5, 8505 
182848 e26f39bc-f6b1-4055-ad4d-6dfeefbd5804, 8505 
260253 2ec93d55-2b13-4007-a779-29f6721b0196, 3919 
374502 e82fbd66-b35c-41d2-accd-d244a01d1384, 3919 
117453 a1e2372b-bef7-4228-8291-98a5ae150d0d, 3919 
120585 77beefe2-a0f3-4ec1-984e-edf8cdab8f4e, 3919 
248296 5ca04fd4-2d48-4088-8e95-f9a4c6162efb, 8505 
210159 bd7601ce-e193-4c9a-8021-74b0d6148470, 8505 
346973 14d8bf5e-05fc-4042-919e-3797046d946c, 3919 
356482 5e8208c4-3f72-4e93-81a2-c96f681561b1, 8505 
238741 872c7869-da54-482c-8750-9afb91b8d909, 3919 
220219 88b75f53-6e90-4804-b9ba-65fc92196172, 8505 
236503 379bf166-b8c8-4733-8c8b-c8f879238f54, 8505 
205842 ba3042c7-f5d5-4b22-afee-f6a6833f497d, 3919 
62050 7ffda5d3-f215-48dc-9367-d7e33c777b10, 3919 
233071 234723bd-1969-444f-b50a-cb0bbe342af9, 3919 
67880 b5e26c7b-3d77-4890-be02-d7349066923e, 3919 
374498 fc15a659-78f4-4858-985a-1684bfe04f7d, 3919 
309496 45e5cbae-4cea-41df-86cd-b2391b364f57, 3919 
240282 793d382b-d23a-44c7-988b-e0c72366c178, 3919 
44757 141b9ad8-25d3-4b39-bb58-c5d509c7692e, 3919 
256709 3f05590d-3d0f-4d87-afcc-656866eff8da, 3919 
183595 670ad004-6b69-4f45-9340-cd1c795e166b, 8505 
42552 2e30485b-dd03-4971-bd61-9bcc6708b535, 8505 
320414 9f9e983d-c481-47dc-8ec1-3780335a3ed0, 8505 
242397 3b505052-f924-410e-9b52-ff57f35252e2, 3919 
169078 14465e6e-92b2-4ba7-8470-4a5828a85311, 8505 
215491 29e65bd6-bb5e-4cd6-9d25-8108ebde7bc3, 3919 
93843 59b02d48-30f4-4c17-b6bf-63a354a1ff6f, 3919 
46536 ab539346-bf11-4643-8254-4d8a911ab55c, 3919 
27239 ba477dc0-b9bc-42a9-bf35-ebc3f53f9961, 3919 
229720 c6cca5ad-2fc3-44d6-a0cc-bdc12e73299a, 3919 
56805 723fda18-9076-48c1-b79c-a7b9d8c42d94, 3919 
200713 361e0d64-1d86-4db8-a55d-f6252377564d, 3919 
252252 b1897f58-71a7-4a45-bb69-ba07e7f19c80, 3919 
329037 6eaad468-e556-406a-b97b-cc8f9cc70b02, 3919 
239925 f64f3af4-6fd6-4a8e-9b78-b9458b68913e, 3919 
230968 5cc1bc45-7753-486f-8fc6-8cf58dad22d7, 3919 
25926 76e12a30-1e4a-49e1-b58e-c54726a91edf, 8505 
116771 220cced1-86aa-4d68-b05e-7d962e2de2a2, 3919 
112432 62f7bb79-7bb2-4cc8-95c6-cd6185d85fd7, 3919 
264949 005d9356-d34d-44db-99a9-3faca3c0c271, 8505 
17644 40412a43-2426-4996-a004-2ede69c36a79, 8505 
43298 081864dd-03c0-49a8-8cce-0e986fab1d16, 3919 
202333 ba2733f0-4336-4620-96cf-bd6e5005cfe8, 3919 
252190 650c79ed-b40a-443e-b4de-ed3271eb3917, 3919 
139844 9bd08d4b-165f-4569-8178-de3a4f0ff730, 3919 
398345 85b39553-b1ad-47d6-85e7-617f299208c5, 3919 
12118 6b7f9680-6a8c-421a-9c55-7d5f45e5ac35, 3919 
88639 32e0c6f3-eaef-413b-a0a3-a4c51544b82a, 8505 
263639 ebcf00d2-98d1-42fd-91c6-c7f4c33c1327, 3919 
246815 5ed6452d-776d-4bd2-a8cd-06eeba959293, 8505 
317148 cfe2ad58-101a-400a-a549-cebd26ac052b, 3919 
63561 802a5174-e7d4-4589-a3f9-5ad9ac770b71, 3919 
32529 798923b9-2195-4ca7-a639-5cfa5926f2a0, 3919 
44045 e7d2a040-b8ce-467e-a087-b4bbc7aebd02, 3919 
283026 594de4ac-f9db-4cb9-929d-0b02b18b8b27, 3919 
327102 d1fb4444-2ca6-4c10-8c8f-98f9b017dd49, 8505 
198457 96e7e45d-d130-4998-bfde-b5059b8edad0, 3919 
85086 3b61c940-1fe0-4752-8bf8-4fb832cd4227, 3919 
2124 ae6e2b36-e974-4862-8ff2-f3dd51b18367, 3919 
53554 a5f77cdd-d9e8-4197-b198-1f83e6b50121, 8505 
228608 7a500400-93c3-4b69-8d57-c4b23c0a7aaa, 3919 
130293 370c52f7-e31d-4925-9d8c-f20a7d01bf07, 3919 
2244 08f2c77f-1065-4d9a-bb97-d0e528ca8053, 8505 
321982 af5c309d-3047-4a25-bb8c-2d08a7641375, 3919 
210651 ac1e0120-1297-415f-bc80-48fb3077b5fd, 3919 
120839 c81c4698-732c-428c-ae49-f4514e0317b9, 8505 
281940 36aec64f-9970-43c5-895c-2202b562b238, 3919 
241396 0ab424e4-6158-4328-a4e3-a93a96e819f3, 8505 
353665 e7603ad4-f42a-486e-a23f-b005e850d594, 3919 
171104 1de83967-e2c8-4df6-97bf-b7ee2cfaffec, 3919 
2267 34c5ae6d-7d68-404c-a52e-283d49725ac7, 3919 
61252 cac614e0-3fc3-41cb-83e2-c572a49e947b, 3919 
279766 a235003e-a383-4682-a94e-2c3f7a85c756, 8505 
168042 4f17f66b-caf0-4590-9b97-0f3078538a87, 3919 
307173 2c85b336-45be-4891-a749-b9ba0a9aa28c, 3919 
82874 396d92c5-25a0-44a7-b14f-6ae4ce9ea446, 8505 
380286 890218c1-d5e8-4de1-8b99-b81e3d0fe450, 3919 
172995 f72ececc-c4a5-4157-89f2-c3bb8fcd7ddf, 3919 
84301 0719d6f3-8a6e-4334-90ef-89ce55305934, 8505 
237282 bb486238-2031-4f78-b9da-0df867b50579, 3919 
128269 94e73d03-40b5-4082-92ee-6354ab3180b8, 3919 
23044 56230a36-0295-40c7-8815-fdbe313ece7e, 3919 
240158 22e5e20f-5797-4e7a-8a5e-15544a7fae77, 8505 
112455 644bfc6b-9893-4f30-8814-cd00c92cc3c7, 3919 
148047 5143bc3a-bc1d-47a2-92c6-ab566d66c423, 8505 
334560 04f3fa46-e8c1-4a56-8532-a49549c54f12, 8505 
180725 2559db71-f138-4ce0-a72a-ea261b06a7c7, 8505 
317056 f6e22444-63db-4508-99ba-0bac134dbcae, 3919 
48794 5efc176c-4816-4f4c-aeb5-74d66c58b230, 8505 
385232 4bf55f65-1711-43e8-b2b8-dd0bf164e48f, 8505 
382220 cf987460-b709-45a4-ac16-c0a086baf19e, 8505 
282909 5be26d86-0948-46a0-8aee-d967c0394c79, 3919 
56028 54a5541f-5d06-4e68-8a4e-7b4278da754c, 3919 
353068 8fa8512e-b6fb-4b85-a41c-4e9e67cdc275, 3919 
166546 15386133-8a8b-4355-bb7c-a8f4c5272a6e, 3919 
41764 e155bda2-fa4e-4fa2-a209-89f24e794f1f, 3919 
214035 073ccb5d-284a-4e0f-af84-9af569050251, 8505 
323218 89445fd6-b476-4d41-ad56-8e61c265e283, 3919 
332463 e402f39c-d3ea-4b28-9612-82dabe347e92, 3919 
128477 8c16887b-1247-48bd-8bc7-50d4259d0269, 3919 
99777 3f466f91-b6e1-4ef1-8d39-5f1e37c68c91, 3919 
761 3100a34e-4159-4eb5-ab35-5bf24eaf3067, 8505 
308122 84022de5-4c51-434f-91d9-ffcf0479fb67, 3919 
157084 225201a2-14e0-4e72-81de-7075ad4b9ab8, 8505 
216580 db75db30-e2b6-4ddd-8238-c9d45fcb69cd, 3919 
14167 aa01f6cf-36c8-4b47-acc1-d2f984bdc90c, 3919 
306838 d291a6b8-0cde-4e9e-8d00-07de9a57ecdc, 8505 
21000 060a72d6-7636-40cd-a0ea-b135d3490980, 8505 
212116 4a6cf181-a95a-4865-be85-10fc2cce57d1, 3919 
44527 6a423382-0ee7-473a-af54-211041cbc5c9, 3919 
255474 81b8b040-06ae-4bb8-b64d-004b777a6b49, 3919 
286185 a3dbc264-2dad-4371-a789-12ffbf9a725d, 8505 
138042 ec08eb77-23a6-4a57-af64-2ab175e5636d, 3919 
151954 967400eb-9aae-4a35-a796-83d065a4c00b, 8505 
236450 0bde7a61-d8bf-463f-b854-204068e97400, 8505 
98368 fc696e71-109b-454c-98dd-82275dbff57d, 3919 
20998 c9fc1258-ac9e-4aa2-9764-01d38224640f, 8505 
401977 fc3ede53-4388-488f-99c9-fe6bc1f852fc, 3919 
98763 e657fbf0-2d13-4d28-bb9c-7adfa2946f30, 8505 
206732 d973b4f9-f88c-44ca-b09f-12f8659a0476, 3919 
68644 c65d472a-cabd-41a4-a6a7-51cacedaeb40, 8505 
103096 39fe2838-fd1f-4ef0-8505-63c4b079788e, 3919 
11548 9319fcb9-c65d-4683-9485-e09774503e32, 3919 
164921 b30d6558-122f-4e2d-903f-3042847d5585, 8505 
209143 85daa099-4963-4e73-b698-8583ac3b82f3, 3919 
272936 3ffae368-cf67-44ee-a525-6b8e7dfa01e5, 3919 
102405 cfb37465-af62-459b-8782-781e24e40662, 3919 
160430 619b35f2-d585-4869-8570-1772df0e2b23, 8505 
284372 8e36a099-c726-40c9-bc11-dd2994df7e70, 3919 
68032 c2f785f4-20f5-4237-a2ee-000a721d1b84, 3919 
283101 e4e8ec91-ad74-47f1-a84f-4ee8c29f9d6c, 8505 
130936 8c6471ab-9eca-43bf-bc00-2f3d574760b0, 3919 
83914 7195ab74-bccb-4e4d-9267-661731300fce, 8505 
152881 6d40dca7-2023-4274-991b-5fa52bf30959, 3919 
171345 d77a35e1-74df-4b27-b573-c202ba253e02, 8505 
168783 612dadb5-4b01-4dec-af95-bed171e643f9, 3919 
154940 db53fcf9-5c4d-4b05-8100-dfcff7957378, 8505 
90537 e1fbedba-92b6-4e3e-aa1d-0906d8a8c9b4, 3919 
85307 4faffcd5-4a14-429c-a58e-127dc7d1892d, 8505 
123262 f2a726ae-d4fa-41ec-bb68-10a851d86790, 8505 
314940 b4447ea0-377d-49bc-8bb2-2d3e8bb38c79, 3919 
13330 e033d899-35f3-4286-94ab-afde4f2c5982, 3919 
345824 8a85425a-b000-43ad-9c21-5073c735351f, 8505 
44620 a94d811b-db7f-4cde-a21a-bb48c3ce6789, 3919 
12837 e9aaea9b-f332-4cdf-8890-239f0baf00e8, 8505 
176428 02280d2d-2435-420f-9437-8606740d2dba, 3919 
124248 f61c8502-1421-41e9-b139-d3e2e5e10014, 3919 
259432 cd8e8b2a-0e91-4420-87e5-c18dd52e6f7c, 3919 
82019 91de6085-fe0a-4052-9592-8ede31a0350c, 3919 
359896 406907d3-b7d0-4902-88c5-58d2859a17d3, 3919 
236758 1750483e-87ff-4c25-8aed-55e18ac2b187, 8505 
261543 e6065876-d6be-4330-bd04-370f213d173f, 8505 
369944 acc7d507-eb28-49fb-946b-b57c5e187281, 8505 
303115 902a9def-62d2-40f7-9ae8-58cff2259626, 8505 
164836 a45a43e0-fd37-473e-b1c8-9736738ffd33, 3919 
25099 a05cb4ad-ce73-4337-b1fc-9f7aadd1acb9, 3919 
6160 a9133e52-b0e2-41ef-9b92-24e1d00a9e0b, 3919 
244186 ccbf53f7-7804-4c0b-b988-5a8c2d834a97, 8505 
357509 6af128d4-f97b-4c33-ae5b-fc9e73b6d80e, 3919 
353141 16c43479-207f-49a3-a9d0-c3bd5b055dbc, 3919 
345814 a065f47d-faa1-4468-bd8d-5f6aca5a34f4, 3919 
339359 a00473d8-e98a-4e4e-98c8-62a589b28406, 3919 
289861 eb7e9e24-3764-48d8-adca-3b747fc7869c, 3919 
48602 d2376f37-a884-4126-b56e-9bca637e18a9, 8505 
160501 de229635-d475-4383-8709-9d94d9db2d1f, 8505 
346992 38d4bf7e-cf00-4c45-8bd5-2e7c76dc67cd, 3919 
206280 45d2f1c6-105a-401c-9b47-6c68f6a02677, 3919 
80066 50f7dbc6-6735-4991-84c6-5f0233ec849a, 8505 
174907 6d4802de-5d44-46cb-9ea4-7a2991f0d119, 8505 
330634 e8fc1fe1-2276-42b5-821d-155474c10fdd, 8505 
148332 7472d321-0d7a-4944-aab7-25defdefc6fd, 8505 
98246 119faf42-bac1-4986-b3f1-345e55011dae, 8505 
292049 5ca09910-7afd-4be2-a4a7-19e23e1d2ef2, 3919 
36281 f4552f77-60c7-4369-8c8b-5be910c14a8f, 3919 
158600 3832c246-c9f1-41c8-bcae-c81d5fd8c6f9, 3919 
396790 734abaf9-10d1-4f96-ada3-17048dc55fa4, 8505 
112025 a89d0bb1-be85-489b-b303-90d180ff911b, 8505 
66729 2ccc9959-f5db-484c-9b1d-1f3edcc56654, 3919 
325653 9cd0970e-9cd5-4d5b-a3a7-6dcb5d4d8e95, 3919 
120439 1173f6a1-67cf-4413-a30e-73118f7e9172, 3919 
263147 b0d86124-96af-4712-a400-fcc75ddc4ddf, 8505 
395762 9b3aeb55-ea49-431b-a0e9-db113074fedc, 3919 
226003 f45cd536-2791-4baa-a955-c5446a24057a, 3919 
32964 016cddb4-3947-49ea-ab75-0413dadc1215, 3919 
278546 6f7f798a-3975-422d-952f-cba40519deaa, 3919 
85342 e1722f72-50cd-422a-8c57-daf3cd8e3d37, 3919 
311786 d3d4f76e-da13-4806-b560-53f1e1620a9f, 8505 
154331 2f4d0f56-7cb3-46dc-ba79-c51c2ddb7faf, 3919 
19113 1af96f86-75a6-4904-a6e5-ef2f643fe290, 3919 
162640 00e0a99d-6770-4f9d-959d-982dcc61b9c0, 3919 
111340 e2dc0c08-509e-49b2-ba26-e0084cc33e3e, 3919 
223372 065a3b44-393d-45e0-b8f1-62c579da8905, 3919 
383875 555d9029-0c33-4ddc-8c43-9b8ebbfc5c24, 8505 
130987 1072067a-eef6-4256-a71f-e3483ff431fd, 3919 
86464 337b5040-4b03-4b28-ba68-97c46768172d, 8505 
162812 02ee5a7c-d151-4e8c-85a3-abb09bb94484, 3919 
129247 f61aa9e7-218e-4b90-9e96-5ca6827da151, 3919 
155897 d8533a6d-6f18-4b1d-bbc5-bcad52b1ef22, 8505 
104451 e12f5808-0c3a-41d7-aa98-670ae0635533, 3919 
196988 27e8c8e0-19a0-4a66-9fb8-63d43d393107, 3919 
400861 61d33b5f-6599-444a-a5b3-6caedb8277d2, 8505 
203866 24f01714-bce4-499c-b6de-34a2fe78bf99, 3919 
67252 439cf556-1146-43cf-a1d8-7b33b734db2f, 8505 
110133 2da191ae-697c-4bf9-8c2f-f3af80f7dd17, 8505 
53264 60e1a5ad-f0d6-4f8f-b2d8-6440cbc3e3f4, 8505 
398215 62d303bb-1e0f-465d-b50d-601e7727761a, 3919 
309066 d2af709a-2ec1-4538-ae80-318aae296f6f, 8505 
52902 e1babfe3-5b0a-4fa5-83fc-c602ec5ef05b, 8505 
89063 f18907b8-7833-4d7b-851f-5d09cc6052b8, 3919 
362641 97c52660-12b9-4169-a12e-3abea3df1061, 3919 
283456 307e86ed-fa41-4b36-80a2-0cf6f644cd8b, 8505 
93611 749b0aab-bb77-4f45-a83b-054cd4dc307b, 8505 
361397 a96bc54f-f424-4e08-96fc-d5ac809bf9d5, 3919 
144626 a57fa863-cfbd-41da-83d1-7316a671debc, 3919 
224158 3c8d9d80-7617-40d1-ba2a-83c8f318d054, 3919 
355242 dcfeb035-00c3-442f-ad20-889af076acac, 8505 
152751 d8c04778-71d5-4e43-a12e-d4ab56c07d2b, 8505 
51356 22a3346b-0700-4337-b4ba-ba2d2901edbc, 3919 
226630 feb481dc-6707-4273-851a-f03f3c3323b4, 3919 
37492 126cf1cb-4acb-4601-9ca2-56477d5d2989, 3919 
282550 1f29853f-501c-4ebb-80db-3d343537f507, 8505 
391549 f568fcda-c0d2-45b1-9aa4-76bc19372b5f, 3919 
182295 0e8a9116-41e2-48af-b7b6-9f98196a1b8c, 8505 
391857 fd637d3d-5fc0-4b2d-af30-fb816f712152, 8505 
90626 54424817-5c9f-474c-a7df-92d16839dc2e, 8505 
195374 2615d7da-ddab-4b1f-be5e-ae667328746d, 3919 
112356 65dc43e8-7587-47f2-beca-42e4cdcbf49e, 8505 
298153 c93591ab-d63a-43db-bd8d-506183e0f128, 8505 
132198 d65811e7-8831-4d84-8b55-bdc80ed591e1, 8505 
184824 6e46e789-03a0-4ed9-8566-a9880313891f, 8505 
221918 ca3ac4a9-db9b-40f3-9f56-2f256645532b, 8505 
301302 d671797b-bcde-4e12-b190-a66349e277f3, 8505 
383708 63c33097-af5c-4e03-9319-1642c0c229c5, 3919 
209886 3f3f3cc2-dbe0-4857-8633-e05bdd5fdb87, 3919 
49881 cdfef20b-2c52-420c-9b83-284bac015cf1, 3919 
324662 32e4b0a4-ac99-46a7-84fc-31714e09cf42, 3919 
332531 d75dc06f-801f-4768-b057-5a858f1ef64d, 8505 
66773 af162202-1950-483c-9dee-0f2d28349d3b, 8505 
214849 2650ea2d-9f78-4f7e-8a84-dc71cc40dc31, 3919 
351543 474d1385-4f7f-4df4-adc6-ff96d03274b2, 8505 
40107 8e4ee65d-6aff-4713-824b-015278abd010, 8505 
265562 9a767dfc-a38e-45f4-b713-ba9469b0f52c, 3919 
211831 9d4cfadd-4ed6-41eb-8213-a09eda2bf4d8, 3919 
22072 a5638708-3493-42f3-a1bb-5d019dc1ec40, 3919 
152450 0b700735-64f9-4def-8ef6-3686ede16b8f, 8505 
50101 0e14e280-6928-43ec-910e-bc8c9cedba30, 3919 
195305 f8a2ad41-08e0-469f-bc27-249d0798b894, 8505 
265418 f32135eb-2724-4142-9cee-6dd29774e493, 8505 
134190 cbf77706-6052-41f6-abd5-e24065bdf259, 3919 
370570 2334c965-a765-4f0b-9839-02e84da4306c, 3919 
54454 f0e0e1e9-409a-4d37-b015-5c1ebea4bd51, 3919 
378617 3dcefcb2-e2a5-457b-98af-05a0154285a2, 3919 
337193 91c37576-964c-4e6d-860b-d00de99b37ac, 8505 
254876 22be4ee5-c982-4b42-883c-4819af721b7b, 8505 
237720 ddf6f455-eb31-461c-8c59-1d9f26133db2, 3919 
7980 0cfbcc42-58af-445b-9c91-5af195fc8504, 8505 
275201 ec974196-f2d8-4582-8d9b-28896fcf8fd8, 3919 
178524 ccb31df2-14b7-4879-92ff-a12df4d46388, 8505 
313026 f43c317a-f943-44c4-8638-2447dad27578, 8505 
117846 9fe4967b-761a-4edb-a522-05936974b84f, 3919 
40483 d47f0ec0-90c4-4d29-bf5f-c62b4eec3ef9, 3919 
39428 54519cda-dfe4-486a-9005-b5ec00e300be, 8505 
257278 d33f8815-49b2-4ca8-a06e-e4dee5293795, 8505 
253857 58c142eb-a8e8-4882-b814-6eba8df192aa, 3919 
21704 f5e3df4f-4fba-4754-90b8-2d50ecb590d2, 3919 
130716 aba9fb76-037b-4a6f-aa5a-211e4f438059, 8505 
121552 b6d0d598-544a-47e4-bb64-ccfdcace786e, 8505 
167857 0fa848dc-9ab0-497d-8d3c-1024ff4fc584, 3919 
379807 519ae489-083d-4a72-99d7-11fc60d708d3, 3919 
3790 2eb1bdc9-2ddf-4dfb-822b-c4eb7e373e0d, 8505 
74042 9f439026-6153-4a36-baf1-ef97091f851f, 3919 
70354 d0cb279f-fd59-485a-91c8-b6e7745b7a36, 3919 
187165 0917b7f2-c8d2-4eee-96aa-b845a081f075, 3919 
193174 4b212ff1-ea34-4062-8adb-bd5abbc1b347, 8505 
144234 2113a452-1771-437a-8d52-e9a3d96c6a7a, 3919 
16503 05c45eda-81ae-493f-a913-757b0b45bf78, 8505 
126772 79a6fa04-f23c-4100-a24a-f0948fa18a63, 8505 
208866 2ad09b06-53f0-49a7-bea9-7ebc43f5507e, 8505 
61339 0e707353-8ff9-44d9-80d2-4c76be7c71ff, 3919 
244319 b83aa5ee-4cee-4540-aabd-d97a5c571141, 3919 
26600 45317ac0-63ae-4bf7-b99e-bf6ed7a8ce53, 3919 
403858 330a60b3-20eb-4b2d-acb6-7f8dfc905e69, 8505 
295864 1ebf7465-8d35-48aa-93a5-7fdc28edc1e9, 3919 
23828 8ac9b7f3-238f-4b01-83be-3fb296a70c42, 3919 
74899 aca65a7d-3bb4-47d0-95da-684289a19cf2, 8505 
293357 9defd05f-9a2d-4320-8182-b7012e1d63a4, 3919 
17511 20ac3b69-753c-4d83-8a54-7fbebb64aebe, 3919 
186207 a4711b68-e0a9-45bd-9021-5f79331dfed1, 8505 
354167 b0c1bce3-116f-4e28-9538-c7a865bb2382, 3919 
295656 d721d735-5e1b-4009-96c2-0262f6114440, 3919 
299748 efcfdb60-ddfa-4c2f-893b-f1419bc5ab20, 3919 
11392 a139dd4e-915f-418b-a8ee-1c21b54bc72c, 8505 
75359 c0215229-d849-46e0-8376-47ed6be87067, 8505 
146216 c1c3d1ec-fa21-4da3-bb7e-f2f0c6078230, 3919 
37696 c7305ccb-e563-40bc-b5d7-b99fa34193b1, 3919 
102545 b2f501b4-3fe0-4a2b-bd52-20fea2e65ffa, 3919 
248617 adb7f451-12e5-4f18-bd68-def858aabe38, 3919 
107227 4195fd07-cef9-49b7-abff-a4d90856aaab, 3919 
159208 93399447-9aa8-403a-8cee-604f910733d2, 8505 
145217 ec874518-2a47-4be8-866c-24e49aca199b, 8505 
355745 a267eeca-e576-4ae3-9a47-d5a5304119b8, 3919 
224164 2a29dc47-9f5c-4a8a-bdda-954a6e73820c, 8505 
25328 5da8f230-7a96-448d-88f5-e3a6be57b51c, 8505 
146278 e897c90e-132a-46c9-9b80-eb7a0b4cc3f1, 8505 
361635 11b4f7c3-c93e-432a-b104-22f12125d8ec, 8505 
93714 b048f288-737c-4543-82f8-6e8fc2b73077, 8505 
311726 6148704a-fa1f-48fc-b2cd-478808a5474f, 3919 
76595 ba5aa329-8e06-4021-9e98-7886468d5060, 3919 
85200 46f245d6-d3e2-47c8-a225-a45cf4baca1a, 3919 
371072 7c0ccccf-bbf2-4b68-bfeb-9e19a1400d92, 8505 
229182 09a693e7-3431-4370-8bd3-8063e3bd2e79, 3919 
349261 aa1452d2-10a8-4138-aa45-e92ec12afab2, 8505 
306717 d00980c9-a801-4bae-9c39-3d4254422781, 8505 
122283 17b4307e-a8e3-4c7c-a47c-d507251c7574, 3919 
109974 ecd10a75-2471-42c6-bbff-97a0e03e5f71, 3919 
47723 1bda7fa0-0cbb-42a2-af99-31aad7ef22e8, 8505 
131695 600f9acf-f0d2-48cb-aebb-2b285653dec5, 3919 
193573 5af8b540-d72f-41fe-9f8a-64794b866079, 3919 
376905 d565e425-5b98-46d4-9051-8baabc10c56b, 3919 
269211 4113cc9a-1ed0-4552-8900-f72e79f00487, 8505 
72617 19897aff-3ac5-42f8-bc3a-b28ae068c7b0, 3919 
261707 f070b201-a285-4449-a195-57b7934dd0cb, 3919 
137224 2ef5199f-1091-4ebd-9e84-bcb769a22c04, 8505 
154348 34aab0b0-8e3d-42f7-8946-e17f3431608d, 3919 
340708 7028bc81-3cc1-4476-81e9-9428b2e51281, 3919 
80024 2d7e2ec7-588e-40dc-85b9-47741c801e29, 3919 
16891 330c348f-319b-4a8d-a285-d1b806023944, 8505 
351186 106ee8a3-90e9-47d7-964a-8be1274967e6, 3919 
40367 a18bf7d2-2cde-4281-a5f2-a0e15e0b9d6a, 8505 
228138 70f368b3-6a4e-4659-93bc-5318e8b6c9c5, 3919 
25392 68b8223b-b064-46aa-911c-a512fcf25e35, 8505 
332 2718b1e7-64d1-4d1d-bc40-43e92f560b55, 3919 
68434 da939192-7157-4dfa-8feb-77049368b13e, 3919 
230922 88d3eb5b-55a8-4321-9dbe-fceebb54adc6, 3919 
88379 be333039-1acc-4528-9caf-92723d6ff542, 8505 
217561 774ff827-7baa-45d5-a990-2957518aae44, 3919 
73776 64ef50a2-68b8-4079-a4d4-05fbab3ec361, 8505 
271980 7f58edc4-6b16-4318-9958-6f969f4dc5c3, 8505 
230078 006f8bff-0625-4db0-9fb9-8cc04321e19d, 3919 
343749 42280893-6a01-493e-92c5-3301b3ad9203, 3919 
92393 eec04982-ca9a-4c88-ba89-e743ab979d04, 3919 
151959 7bf9cca1-d2a7-4155-af07-b69579b66cf7, 8505 
312957 fb5fd6fb-c5dd-4421-bebd-78e562ccb361, 3919 
67065 454b6ffe-b4e8-4623-a6b3-2991ff5d2a77, 3919 
147511 dcf44420-8dda-4199-aa79-725a1c063825, 3919 
107526 38eefcac-33cd-4ee5-a3fa-616f93645853, 8505 
220629 a4acc965-e875-4393-bb77-243e93ffe42c, 3919 
26756 26cb110d-f790-472c-8574-26eb963b5a1e, 8505 
177935 a42a0340-92dd-48c1-a165-8ec021563331, 3919 
256737 1ba39b9b-f62d-4d31-a05c-10bf0976ca53, 8505 
15923 a979f995-b4f6-4881-8d80-2a18e7864e92, 3919 
299868 36917310-76eb-4a52-9689-6d2f8574dc47, 3919 
391042 dc919760-d8fd-42fc-9c87-c617bf1b1f48, 3919 
143810 4864bb18-90c1-4d40-904e-27cbc2a8fcec, 8505 
109897 250b8370-3759-47d3-a2d2-df7f358fc0bb, 8505 
54641 c3bf7ad0-e91e-4a29-9af9-6026399daa44, 8505 
91317 45f83978-30c6-4c8a-94a8-8e76f863175b, 3919 
4328 2ae6af2b-290f-4ac3-92d8-a066d193438d, 8505 
82553 96e43f5f-bef9-422d-b0d9-7683bd6d0c94, 3919 
317534 900a74be-c3f3-4073-8153-f3559dd4b686, 8505 
384094 88dd46cf-6845-437c-9ac7-1a29a56694f5, 8505 
100839 55e5d961-70df-49f1-8231-8cb952b30894, 3919 
351891 20c1e219-6170-495a-ab46-0cbe6125c0c0, 3919 
314149 d4a1c6e1-e94c-4133-b2e0-64e5fc86e960, 8505 
146946 b35d54f5-0fb7-4605-abdf-5a84e91cf0e6, 3919 
335412 c0000269-dc6f-42e5-844d-c33544c33ea3, 3919 
298350 8e010ad0-5bcd-4914-9fc9-93c1cfe82430, 3919 
263841 ba02abe1-590d-430e-907e-5da129d5bb67, 8505 
177302 b6823f47-9c42-4029-9f86-19827e047e6e, 3919 
217094 673c5af7-9f46-45ba-bd19-646710ab3ab2, 3919 
212608 a15632ab-e6fa-41c0-83fd-f5c44067c318, 3919 
227610 696764b7-afd3-421d-9572-75205a95990d, 8505 
345354 3f2f3868-0c8b-4404-97c3-7faf82cbbb74, 3919 
191942 c7383735-5072-41a4-bbab-b93d45b2f40a, 8505 
37633 8cff838e-56ad-442e-acdc-a334b9b5c515, 3919 
86225 4b4e656a-e752-4dc7-8760-d80eedb8a325, 8505 
311397 ee0fcf33-558c-4254-9378-001975c01ada, 8505 
225645 6718bd48-da54-4388-afa6-a17119eb4dde, 8505 
128021 0eb687d9-7a4d-4709-829a-570cb304aaa0, 3919 
204496 9dbd6cee-20e9-420e-b782-0cfdbfa15da1, 8505 
90751 30f1a74d-6de8-416c-8c76-eef7c9c5a55a, 8505 
114684 a42d8116-30bb-4223-9dd1-2f904a6ef7a2, 8505 
41328 9fe064f8-aeb1-473f-a727-12764c8770cc, 8505 
25930 3bd59e3c-115d-4bee-a4f8-c2bf3b17b435, 3919 
132768 03c7865d-bf8a-4339-bd13-0968540dd59d, 8505 
260589 62e17f42-d562-4b3c-beac-e034d2cffe91, 8505 
26289 3e541157-dff3-49a1-98f6-9768fc46a226, 8505 
381816 6ba4df8b-198b-40fa-afc7-f3275d2fe282, 3919 
394038 530be243-982d-42f9-8497-815de666c979, 8505 
165569 0f67d61d-ac89-469d-86c0-0a1dd72250a5, 3919 
274009 a84a20ef-84b7-44da-908f-be26b96858b0, 8505 
355200 078f6ce1-1b27-4753-803a-1b44ff0ae090, 3919 
51783 4ed02ccc-9ba4-46c8-9eec-efff390c3e1b, 3919 
26444 16c299a8-6f30-4ef0-8940-a3f0625c9e78, 3919 
298589 7000e5a6-fdab-4fa1-8060-4d4b574a1e25, 3919 
396296 315fd5c0-fb52-44a6-ac21-4835dde3fb44, 8505 
15390 104fe1d3-6cff-48ec-8594-e33046868bf1, 3919 
389557 531eb193-7f0b-4f45-9364-19023f577999, 8505 
258897 8aff1324-b530-49d3-8a7a-4d2af4170a3d, 3919 
1238 de1884ba-a5e8-4e6a-b199-1de43a42c3bd, 8505 
400830 d05813db-59df-47b1-a6ec-d6b1df319be0, 3919 
27274 0dc912d5-2da0-4b4c-b1d4-6a4e78ad9531, 3919 
164900 291dc70f-3457-4fa8-9412-f6a0c95d5556, 3919 
375602 d380f377-4aa3-4fe3-bd35-9efbcf7d6e50, 8505 
12140 d00568b2-6134-4c32-9248-79daa8853d44, 8505 
301797 1d9f2a2d-1c8c-4c1f-a9dc-f85410998431, 8505 
380051 e72a7e3d-43a0-4572-8462-0989f60fede4, 8505 
375720 59105b25-5fca-4341-a8d0-c8c6c1c87bb1, 8505 
122517 66b9d882-b197-485b-a863-46865121e83d, 8505 
379364 01f23535-c2fc-45e3-9063-033fdf34a15c, 3919 
93517 bdab9e54-bba0-463b-b0fb-dd05065bfd6b, 8505 
284032 c2908067-c69d-4aac-8917-a4674a381317, 3919 
215996 d04c0f4f-1965-46a1-a929-7fd2d211bbfb, 3919 
202595 ed05fb98-0645-4982-9649-f8956eed1333, 3919 
321703 0aa862ad-0508-4894-a2f9-d771235153c3, 3919 
391565 5d723827-e5c7-44de-b95d-cc2306b6bf3a, 3919 
172056 59fc6bb8-f2a7-475e-9fa4-a8a389f5ea18, 3919 
387333 24815810-43a9-46b6-ab9a-5af39fb95c8e, 8505 
111676 9e27d05d-116e-4a10-8906-d3998f3ff191, 3919 
262187 ecd4299e-11d6-44a7-a2e4-88ec9099a3c5, 3919 
97901 0d393f3b-b38a-48ec-8b95-c9f07a2e59fc, 8505 
14406 1b879a44-a00f-4918-898f-4b5591868e22, 3919 
67678 9cabe65d-8747-4bbc-a943-2c90f7c5d004, 3919 
401399 5a84e6cd-1712-4c8e-88fb-a0ec9fb0d549, 3919 
84085 2fca537f-8285-49c0-bb9f-6114e22973fa, 3919 
65520 082a9249-80dc-4f21-9526-daf45508c02b, 3919 
253487 998468a2-2bee-4983-b24b-94fae5b4c36d, 8505 
24426 f77fa821-4981-412d-9873-3a4518d791e6, 3919 
6855 b8d00f0d-6b3b-48c3-9c67-0f3b25c8e187, 8505 
310836 01d0a626-0aee-4290-a034-8fd6cc2a4298, 8505 
119916 cecc2c47-a710-48db-a507-a1d84c5f5130, 8505 
295822 67413069-0b81-4074-992f-839a3cb00cf9, 8505 
8102 459ef918-49de-4f96-b8c2-9f7fc38e23a2, 8505 
153830 e5185d14-d746-40e5-8266-3ca9f6dfe399, 3919 
70057 95d1bed4-f59b-4207-b2fd-34179d7ef7c6, 3919 
340917 eee19387-c972-4549-a71e-11f967e6945a, 3919 
49216 ce49bd8f-e744-46af-b56a-20e74aa74e4c, 3919 
26742 b91464b0-f35e-4815-ab1f-8ab1becc24d4, 3919 
122760 b2195e4c-e4d6-439b-91e9-c1d43363de8a, 8505 
402355 bcde0ebf-b0f6-4b01-9fee-14ace23c071a, 8505 
16887 b796e3d8-7a99-4fb8-90e7-52acac65d2ad, 8505 
106025 2b28812a-53a5-4376-a1d7-eed00c4567d5, 3919 
64330 b5f77391-b86e-4c23-a2dc-8cebc68a7472, 3919 
340695 b4092dea-8b95-49bd-834c-7f2fe9b47d55, 3919 
220631 bdbf7b20-e213-483e-aed4-45d32b182223, 3919 
73406 3a47567b-eeb3-47ba-bbef-aacf1ff8aca0, 8505 
254207 db8eb5e4-5586-4b7a-8277-d3fb4dc20874, 3919 
360371 ba91ce04-275a-4f22-a70f-d804dec7527e, 3919 
210768 b47cff8e-e0b4-407c-aca1-ed1f534e16e9, 8505 
100849 e6800a3c-9c56-4dba-a6f3-f6a843066125, 8505 
13312 d890e719-9c57-41f5-b490-252cefa033e9, 3919 
26544 a22cc591-d1b1-4c7a-ae35-04793d53b9e1, 3919 
198819 4ad918ee-230e-41d5-b068-e8e2af304e11, 3919 
8686 45d8ee03-86dd-4d99-bb8a-ea33739871b0, 8505 
362806 18d59514-1a15-4309-bae0-c17e1e945c9f, 3919 
304023 e22d1567-dda0-4d34-9863-6701f10a0cd9, 8505 
94141 58736ab1-7b4c-4684-b5b2-71cd5d6c88bd, 3919 
169306 d2f4d143-2892-488b-986e-367c535977b8, 8505 
102510 972d94df-1870-4f2c-8654-05cdaa424abb, 3919 
76184 e27d51df-62ff-456b-816b-ceb3818acc91, 3919 
89044 5e35ca32-e2e2-44f8-adf1-8c3905a7f8ac, 3919 
191325 9871068e-fc9b-47b4-86d1-7522be47e9c8, 3919 
398079 2f030271-9fb3-41ec-8ed5-ad039211e41b, 3919 
305245 72f84281-1f80-4878-a9ad-dc799f15488c, 8505 
254659 7aeb559c-b2c4-40a0-8f57-167be82405fa, 8505 
59517 e80b070c-3a24-4b25-9e36-fdeb61fe2c2f, 8505 
241689 58add33e-cfc9-4b01-9998-aff30e55c7d9, 3919 
367282 b65da66f-7ffd-47ca-b0f9-99b1033bdc5c, 8505 
359213 6ae2fb58-38ee-4a9d-b43e-3808edcf8a9b, 3919 
216321 4cec79f8-8915-4f06-a789-673233d3d5a3, 8505 
155202 7e6fc619-99d4-408e-974e-a386a0fa9b61, 8505 
40600 a0dd5c17-7eb0-4b81-88f7-62d1408817cf, 3919 
168204 184d4077-8251-4364-91c2-84b80135f3b3, 8505 
226804 30d4c549-65ef-4003-bf7e-5d38a4453e6e, 3919 
244160 03a8a434-1cd3-4042-ba94-7261e314cb7e, 8505 
387176 5c0cb122-49c8-44ee-a894-515a70ee164c, 3919 
186264 9455ee5d-4ed9-4186-ad3a-fb98b9818fdf, 3919 
161415 d639b2f6-c07d-4193-bf8c-bd298ab9c1f9, 3919 
174749 995ed19b-cde8-4e31-8d1a-7bb51193f57d, 3919 
297095 43e8d5e2-19b9-408c-a9ca-9856b1d76bad, 3919 
65639 1c78f0cd-f9be-49f9-a30c-a6153bc4900b, 3919 
95875 0a98f72f-7b46-4ffc-902d-cfbed81a8a4d, 3919 
395828 69a72d04-6a74-43ae-b7b6-066fd576b85b, 8505 
231750 e7d9f7f2-e6f0-46e0-a517-8c559406d98c, 3919 
273954 1004db25-ada9-43ab-ac49-9b9bb81b998f, 3919 
222921 162fcd80-b1e6-4d93-8b44-43d7e3d755fb, 3919 
2020 02a703d1-f5a8-4915-bbde-68ce860e4a51, 3919 
161439 057b4590-89aa-4aa8-99ba-738463f84d9c, 8505 
101191 5181e74b-16c6-4982-ab7d-751e9ffb94d3, 3919 
240758 ba9b5806-d96e-4de9-914f-84dede1258ae, 8505 
372317 46346190-6aab-4597-aff2-925830654346, 8505 
104949 1bba4286-eb13-4aa0-9ba2-3e05eec825d3, 3919 
306219 7c3aa05e-c64f-411f-beea-eefc91375997, 8505 
174609 2fedfcc4-d197-4236-b429-9f92437896dd, 8505 
318640 f18fca9d-1491-482b-bb1f-6517bf08ef2c, 3919 
403675 66c89f6a-702e-48dc-969e-19ca0fce8c08, 3919 
15782 06c6978b-326e-4cfc-be06-218a862728a1, 8505 
63611 1f386cb5-33e0-4579-b0c2-7d557954ef04, 8505 
336013 2e19a529-7b23-4bf1-9e1a-7b1491516458, 8505 
341495 06240219-c46c-4332-a217-5f50dc753fb0, 3919 
128900 179db282-3b6f-4d61-b925-2f1ddadd413f, 3919 
198777 d70984aa-72a3-4910-a8bf-090571a8c23d, 3919 
200830 64ca4848-1704-4610-b07a-c66a21766c77, 8505 
100155 98fa6b6e-0c6a-4a1b-b61e-d32c9368daae, 3919 
332525 c58ac956-2888-48ce-9db8-b41768566264, 8505 
54465 3bd7abf2-48f2-4c4e-b4d9-383ff232db6f, 3919 
244252 facb9da6-eda2-48ac-ac2f-cce6c90bb0a9, 8505 
24464 08a15154-7be9-4621-884a-a488340a8deb, 3919 
48245 485858a7-8959-4740-bd03-673c643d3ec7, 3919 
13469 1c8bc941-1769-4142-8fe0-02e61ca900de, 3919 
11742 f7b379a2-baae-45c2-ba2e-e9fa97e63018, 8505 
246372 e526273d-93f6-48d0-8579-1a0551082a13, 3919 
12497 bc9af47f-bb81-4812-907d-be1d1d493c6b, 8505 
97035 43ad5e69-decf-4df8-be98-4728296689ab, 3919 
94017 7b898fe6-25fd-45ac-9215-0b29420ba0e3, 3919 
153626 b51a1906-0f05-4738-8425-c4e3654725ef, 3919 
302125 f22a5104-7da5-47cb-a346-14995fb79305, 3919 
193005 bcd1b1d3-53c6-4d09-a2f8-6e5d12acca24, 8505 
383509 b5bdff08-d2e1-4d1a-ac50-dc66caa7423c, 8505 
314528 75a09adc-d147-4792-aa7f-8229dc8a994b, 8505 
213177 46f0997a-57de-418a-aca8-21dffe4c23b2, 3919 
333197 2a26fbd6-6a42-4019-a967-2776a532e4c7, 3919 
213473 f5ba0d6c-b4e2-4aee-9bff-114dee921237, 3919 
378661 7ccb4464-d132-4f9f-9205-737601c564c6, 3919 
266886 d632630c-ab3c-47d3-854b-f6af40ff4ec9, 3919 
277655 fada4698-e0c2-4560-850c-35c74c6b6821, 3919 
285376 306749a8-2752-428a-ba84-bbeaa42d7889, 3919 
205836 efd7f002-8a39-47ff-bd05-f05ea43c5e56, 8505 
96847 bda3c0ee-3775-4ac3-96fd-3c52f6b53e47, 3919 
107515 6b57fc4a-4ddd-4c20-8aa8-cc9228bb432c, 3919 
101649 89cc7934-9f82-4273-97d4-07bb298eb5fd, 3919 
239660 aef21864-de21-496e-b360-e59388e113d9, 8505 
247978 0ad67a27-4c41-4da7-a33e-f00ff2c1b940, 3919 
64666 bcf43c13-908e-4565-8a70-69633bed8742, 8505 
310518 33500cd1-7895-4dc1-8860-d414240baf88, 3919 
18790 4aaddc0a-3e6a-47d1-8c02-5435a24c6625, 3919 
353364 90602efd-9b3e-4701-920e-e2a7dd25d5df, 3919 
366680 5bd1e870-875b-4360-9157-866911802988, 3919 
201420 02edac88-b2eb-4ce0-961a-df1089a6661a, 3919 
202500 9aaaa7e3-a107-4dba-a2ba-820fb43efa1d, 8505 
30819 57ab1ff1-61ab-4fd3-9303-8f5ef84e0ebe, 3919 
250421 10e80486-3cec-4302-8977-d31280373cdd, 3919 
248451 c24d31e0-08b6-4bdd-b0b6-11d6a35ea5dd, 8505 
181526 29c6b135-0632-4270-9ee4-2d2278d18458, 3919 
40647 ef720358-f627-404e-9cd9-3bf907631ca9, 8505 
170913 4f86d7e5-8687-4b60-bb71-9d6126215c44, 8505 
42183 f96daa83-2a9a-4727-87fc-1aee08175a2a, 8505 
114640 37447b3b-47d3-491e-9ae6-a2a9ad3f9263, 3919 
23275 90b1b97a-4fe9-4a07-86c8-3aeb7f777c60, 3919 
208461 093ae8c4-7a6d-42a9-9dee-8c5cf2117e8c, 3919 
317681 3d20bea3-07e5-45a2-ae78-07a01683a9f7, 3919 
197782 aeb69b1a-d603-4354-9b4f-ac2cc12212e2, 8505 
235503 90a224ae-008c-4026-b231-7738e1b24cc8, 8505 
84910 dba2d3af-6b66-4d9e-8efc-1c49dbb031f2, 3919 
344652 579b0c85-407c-4d1d-9a75-a74839b37aa7, 3919 
24335 020ebb42-bde7-4c13-a0af-07dbad675304, 3919 
316789 6a14a63e-b8c2-4e49-ad52-735d5b199420, 3919 
23370 a7aeea0e-4777-4404-b197-f09b2c38bd53, 8505 
132835 d598c55a-100d-45fa-bf3a-a5401d31c1a0, 8505 
385739 8df48c2c-48a8-4a2f-a233-ef963f76b232, 3919 
92483 4f5980b1-9ff2-4af3-833b-4bfcb03dc8bb, 3919 
339296 f50c6f2f-f573-4bb9-9fe2-114b189574cb, 3919 
322682 61d09c59-83e6-4e80-8bc3-762659010191, 3919 
384614 8178152f-ed58-46cf-bf8f-e22a230a2477, 8505 
336135 6a4321cf-ce88-4841-8a93-7700349a9156, 3919 
112091 6eecdc1e-45bd-4b2c-83ca-105bfab4f684, 3919 
228282 9929f3ac-671e-4c07-ac44-ea10825311ea, 3919 
195683 75bc4589-2bbb-4d80-9856-68ae7a513bf3, 3919 
16392 bc1711da-c4d6-4828-8afd-7d0c61da6e2a, 3919 
210897 4f5a2e38-bf38-4fbd-9dc0-52ddaf973379, 8505 
158781 edca05d5-d125-43e5-97c6-63099b7e3f63, 3919 
225691 f524451e-ba3f-494c-9f44-83f8ef418c17, 3919 
38079 b92c0664-8681-4467-b1ec-62817cc9e495, 8505 
246528 4fe86e30-a3ab-44c5-9c3d-e1baa09273aa, 8505 
307779 af7e40ef-9cdd-4a26-9ad5-c6c3d85daae0, 8505 
250048 1176cd4f-7be8-4c98-865d-c8369dc27289, 3919 
335897 bfeacb49-9aec-4fb8-be01-40432544b9a6, 3919 
1663 6196430e-c655-4b34-b800-0f732992db07, 3919 
59847 471ea2d3-1430-4f80-9dd7-ba32c2a2e02e, 3919 
375185 baaa38d6-22e8-410a-bade-23e9dcb17295, 3919 
44650 626b7f12-ddd9-4ada-bcd1-7895b668da58, 3919 
370870 a6cd6d3f-d8be-4bef-82b1-782150edae4a, 3919 
214055 378c4583-3171-4ebb-afec-54c03afe3561, 8505 
345991 988767f4-3198-4634-accb-ab5fcfff2cd7, 3919 
128598 0f8b44d6-9e03-4998-9dd3-23f5d1c907ba, 3919 
235262 56c3b971-21c1-497d-a0ba-123f4a932354, 3919 
62479 dc0d81a7-6d8d-473a-9443-a1c3a916a7e1, 8505 
397719 2d6a550f-749e-4c8d-bd82-cf5efa8962b9, 8505 
96552 53f87c01-f00b-45e7-ae3d-329078804028, 8505 
335498 257639d9-4757-40f6-9663-c8766983688f, 3919 
111609 9329aa7f-7aa1-4e6a-a210-c5c538f95fad, 8505 
307762 f836b9a5-8fde-4075-be35-42399137a566, 3919 
86156 70216c26-c60c-412b-a9cd-edd4bdfade6d, 3919 
136386 7dba800a-e2a3-465a-91c1-427026915ba0, 3919 
230015 3080d88a-e2ac-49fe-a9ac-edab4de72663, 8505 
9890 05e05839-ba5b-4c4a-a3b6-656119127e39, 8505 
14599 a0368674-cc8b-4daf-9947-2c150d928bb5, 3919 
201671 082807d3-cc92-4c25-b374-f30be64ab96d, 3919 
25095 b188beb9-424b-458b-8b39-30ca62ef26e1, 8505 
41619 b00f3bdb-5d6d-4c2c-9170-ca66aab73c99, 3919 
216289 de81285a-e8d7-4e6a-8be4-8dac6cfb4310, 3919 
398070 5e3d5f14-bfb7-482d-936a-ec92c3255e0f, 3919 
116703 313297c2-b8fc-4dc2-ac9c-07f6468c8368, 3919 
323673 8dc0d107-af3c-406b-a0a6-5611a660f17d, 8505 
11129 46a23d34-4fae-4d5d-94a2-d6b6f42b52de, 3919 
352643 386b592c-dd26-4aff-92d2-c9eacdd0ee66, 3919 
30043 ba15eaa3-0108-44cb-8ece-b1a4e0f201b3, 8505 
322587 f8780556-1091-4834-aae9-4932c97fcece, 3919 
77900 715b792b-4011-46da-a19a-741553dadba1, 3919 
84539 a01eccff-5bf6-477f-a1cf-6a2cd6cc554f, 3919 
353998 7b640c05-f9da-4df8-a47e-2e3659ee5a47, 3919 
218466 877e204c-ef7b-4f1d-b569-e7f78dfbd8f3, 3919 
289806 6d573787-4f76-482e-9b09-7caf77482295, 3919 
125192 b0a13ab1-c487-4601-a81c-6295293567d0, 3919 
279667 bda6a2ab-2680-45ab-9fb6-743af42db247, 8505 
13862 b59bf526-6407-4ffb-8911-d6350b3e02cf, 3919 
86952 4b5146ae-f70c-4621-b743-7a6b931aba6f, 8505 
77036 3995821c-580a-461f-81cd-2896c055bb35, 3919 
81388 dc5aabff-69c6-4451-9dc1-122c0c933360, 3919 
55645 10e97256-f4de-46a5-b869-a6dbc1023ea4, 8505 
393942 0727da0f-e5f2-4e0b-9b40-8ede6caa8dd3, 3919 
169695 0a04fc13-3647-4296-bf5b-dcc384dcca9e, 8505 
250338 ba59cfa6-7883-43c8-b219-dc4b1fc8da1b, 8505 
17620 ede69137-9942-4890-9005-c3fdbef463d2, 3919 
17526 6da4f1f3-9049-4056-9d8d-957da007df0f, 3919 
245545 fe0e858e-cc4a-450b-b5a5-48b8138c8a62, 3919 
342273 7f64a4ed-80f5-4b98-b526-45229c55c676, 3919 
335901 d0a0b897-2193-4e35-a902-b9b23e7b8b92, 3919 
168402 ba8c955e-b3b9-4527-97ca-b61b8ddc03c8, 3919 
138396 c82ee67d-efd0-4291-8073-ab65eb34f80b, 3919 
319808 e172a9b3-ce90-4f0a-9d3f-4b3bb902fcb1, 3919 
45361 18563b48-9a57-481e-8b62-dcdc608f1d7d, 3919 
163726 fc708356-3248-4a96-8950-c38d3e9efcb3, 3919 
147845 a68811ac-22aa-48e3-be6e-a36bd86dc50b, 8505 
196713 0854ec32-9f3d-4c91-a5d8-35b46311a093, 8505 
15144 f55e7052-eb61-43ea-bde1-d31109f6a5e7, 3919 
185424 6cec5ca7-3ac9-4707-ac88-6165c1dff2d0, 8505 
353448 fc4c264c-52b9-415b-b39e-60a9613e3110, 3919 
324627 aad45107-9156-4960-8972-d89cd5f95482, 8505 
66528 0b76cd44-7cd2-42e2-b3cc-dc587048e106, 8505 
72063 dd046048-796f-4019-b579-4d289860ea20, 8505 
258608 658fedd9-5795-4c58-9ae9-fcb0bb165bb0, 3919 
93020 2158caeb-ad0a-401c-91c5-27ce461e537f, 3919 
115845 12f04705-5e0c-43d2-9864-3d0ab3893f96, 3919 
73111 3ed6d123-0627-4408-89f5-7fa00a8e8f74, 3919 
4076 69599a4a-0a13-4241-912c-a5d2643505f6, 8505 
298951 d4aa98ca-4b07-4515-a430-a30fa2d9a597, 8505 
177853 ee0d4174-99cc-41c7-82ed-b63c3e34eddc, 8505 
45503 e6c0e284-a303-46b2-9206-c359b45547f5, 8505 
339752 12d80a8d-7907-4cde-9b54-ce7d43385ecd, 3919 
348976 6c2dfe65-4d91-4ba5-ac23-df8a5b93596c, 3919 
386539 89dacd70-8af0-4ffa-8198-f9ddecfe9cd7, 3919 
132366 b3bc098b-54f0-4772-bcbc-7145e55eb71e, 3919 
148624 ebfd4b5c-ce46-48c3-b321-ee3fd4510ee6, 3919 
118419 586bb22b-f521-4a2e-b205-f65dfa881685, 3919 
147714 308e23c2-f9fd-4020-93f5-88d1d0567d52, 8505 
204538 260c37fd-c400-4430-96ab-a4c2f4eb86dc, 3919 
223007 0c236015-d31d-4474-8673-d65971b61f58, 3919 
79841 a537cddc-8099-410d-952f-5817157a3994, 3919 
363156 d39e3f5d-6f1d-47c4-bfe9-d84e09a546af, 3919 
394008 51221743-2195-42fc-9c8c-b0df928c780d, 3919 
57664 1d0ccd6a-8316-48d2-a6c4-9afb8d00ebf9, 8505 
187658 2ef13ffb-3312-4f3a-a908-473517f2b5a4, 8505 
136965 2be37133-f99d-48ab-8637-7c6316858665, 3919 
249404 6d4d0243-7ba3-402f-adcd-9b1521937aae, 8505 
12415 30dcbe76-659a-46d5-b88c-295d9ec33a80, 8505 
229817 10864e31-37a3-4560-b564-97c5461f9121, 8505 
381331 82d9c0e4-b6d4-44b9-9627-2af1ff64ff2a, 3919 
377065 ad1cc2b4-6bd2-4bf5-849e-e5c95e14ff12, 3919 
383710 3b42130f-46c3-4bae-a9b6-4f6f74885077, 8505 
185531 5435ab70-b48a-45ec-a317-8bf7e530cbf4, 3919 
15695 5286fe1d-1f43-4c41-ad39-81e6ae60679a, 3919 
279409 9ad5570e-eda6-4e9c-b93f-8caa3e3b2f79, 8505 
206647 0985e64d-150f-485c-a759-6c5771a688c8, 3919 
184672 c951b795-8757-42fb-8664-41c8663c2105, 8505 
75638 e810ad74-27c8-4d17-9f20-434800fa8628, 8505 
339231 ebf08fe1-b855-4fe3-81d1-16ea7006c341, 8505 
117905 f4576912-d2c7-4c9b-b752-31e29935cc89, 3919 
67533 f79a8862-acb9-4f44-a238-b0c859c3dfa1, 3919 
273960 99a66cf0-af51-49ef-bed8-28ceaf6708d6, 8505 
270228 fd2ca225-cb1e-4dff-b790-77d351560afb, 3919 
75607 c879e30b-d6a3-464d-bb8c-1e936ca8ddfe, 3919 
182854 c4809e60-98bb-40c9-a52f-16eacaf7e500, 8505 
81794 8ffee1c6-1c2a-4feb-b4e0-8f7177c01779, 8505 
376000 2bc99d57-bd8f-4b62-8bb0-82dce1cd7f7e, 8505 
315794 98f5638b-d4e2-479e-99d0-bdf57f982a87, 8505 
184771 4ef67e08-271f-4799-a5eb-a9cad144e847, 3919 
201157 b6f9a4ad-8116-4459-a1f6-8fa1731709c7, 8505 
276098 2b858bc6-6a76-463c-90f3-2347e358538f, 3919 
100529 de506a91-b6e3-4c36-9817-ba4cf859d8dc, 3919 
254879 084a6995-fa3f-46cf-a078-ad1efb0e6a7b, 3919 
282881 f1e25add-3da3-4537-b689-6cc3f85b3d0d, 3919 
319138 f386e511-3cd6-4dba-9886-621ba537b960, 8505 
97549 a472a428-b593-423b-98f3-e89b033902ac, 8505 
98897 aa70b312-218d-4cdf-9e32-0741656ae548, 3919 
96408 3ce6d3a3-67cf-4533-a606-4f2707be59e2, 8505 
84856 7f5d2962-f4a4-46e7-a879-3c6ae446dc91, 3919 
249318 f7864468-226b-4149-b650-319e8b1dc67f, 3919 
342153 f1c5d31b-e5a0-4297-94f3-367b45651b8c, 3919 
351456 f39210a8-afde-4672-8e72-38445e552f16, 8505 
192464 986cfe76-cf5d-4a71-845a-73125a0393f0, 3919 
132867 3b91bdf4-3f78-471e-9e87-9bf7c4fa7bb7, 3919 
37829 d25462f8-1e8d-426b-8fe5-cafd1ccce363, 8505 
129211 2ce04ae9-d560-4942-8c7f-bb54e82c3ff5, 8505 
374285 b531fd95-8040-4c64-812c-fe6b55a9f0f5, 3919 
295393 bf2f7c52-a351-4b63-9e5c-35097876c123, 3919 
53326 f7187680-8da1-494e-be4e-2fe284422b6d, 8505 
142973 7a16cf35-cd64-4381-a29c-d1b164b7cd35, 3919 
256620 62bc1bf9-ef6b-49b8-b836-b3d2a0046af8, 3919 
62475 2cea5645-21af-416a-88d7-520318a8d6aa, 8505 
48011 a38166f8-f906-40fa-b34f-bead232efc86, 3919 
393661 631a7aa6-0d0b-4ce5-983c-65827ef9f6ff, 3919 
128392 82324538-37ec-492a-bc43-3073e37f057c, 3919 
247702 984023de-0bd7-4fd9-a9af-c44ebffb3845, 8505 
228588 868bacfa-1b34-446a-97ad-c2c3d42a8f15, 3919 
24149 f3533249-2b0b-4590-b32e-89880c0c216b, 8505 
355322 00876a5c-1f86-40ad-83f5-689bbd790232, 8505 
239714 a71dbb7c-6260-4c61-b50b-ac3c1d026247, 8505 
235781 99b10b15-962e-444b-a2e2-d6b01edfac43, 3919 
50935 adc8132f-caf3-4b96-be6b-8588aed19680, 8505 
31669 6b0cc08e-08e6-42aa-bbe8-08698f7b6a05, 8505 
36306 184a86a3-3724-42ea-914e-5c260cc9d01d, 3919 
275801 ad6453a2-6db4-4152-ba12-70ebd3b3c42e, 8505 
320699 dee255f6-d573-4a4c-bcce-b6443c98fe83, 3919 
228436 3487beae-aa59-45d7-b05c-112b9108d4b6, 3919 
75548 3a699dc9-f8d8-45ab-b649-e733c9928768, 3919 
133938 905db81f-7c99-4521-9f83-0ffc65f797d3, 3919 
20339 0b144d38-3d73-49f3-8ec4-646bcb8d67ae, 3919 
358034 6e610ded-2ea9-46e4-8a91-36881bc3e624, 3919 
363628 e8b1fe82-5e75-42f6-9709-671c04e8421a, 3919 
195956 db2a9437-5029-4c56-a933-6ce711b783ec, 3919 
202379 41722bdf-4b1e-4256-82f1-57abdd6a14e8, 3919 
133301 74fbdf11-8bc8-467a-87e2-db996602b54d, 3919 
250503 8ae51214-39ec-4a77-be63-8a82359efcbe, 3919 
37755 2eec74d1-f292-4ff7-8220-35264e7cd6bb, 3919 
165210 d67b04e6-f3e9-4125-b002-597a0b9e65e0, 3919 
66372 93d9556f-a1a2-4138-8b66-4263919014e2, 3919 
10965 06a44511-ed21-4b65-965a-a1af6f8284d8, 8505 
367863 e71c02dc-5865-411c-9ad8-1635382aebaa, 3919 
125171 e593f42a-0449-4774-8e76-a32928668204, 8505 
243317 77019270-3bd1-42d6-959b-01893c1a0995, 3919 
306501 856f3d9a-f179-45de-a34d-e0e4e59cbcff, 8505 
357892 4d5c0151-9adb-4584-b198-0d770add8044, 3919 
76690 ae20a7fc-20b8-472a-9175-fee9ce039f4c, 3919 
366783 6deceedb-a255-415a-9e65-d308ff9c5a81, 3919 
123106 669d5594-142e-434f-9a08-012e074f12f5, 3919 
171637 978a9e29-72e8-46db-84f3-53498d385846, 3919 
174065 998b4ab9-2cb9-41d6-b132-7d903ce46e09, 3919 
353766 64232e42-5598-441a-ace2-590a610d2d4f, 3919 
313161 cd11f0d2-14f5-4814-af3d-357536fbbd2c, 3919 
231832 06caeaa7-4f3f-4ec2-b50b-f2a7a11e6576, 8505 
382583 81bfdb06-15d1-4658-9e02-1d8cf15422ba, 8505 
366678 79157d33-290e-47d4-b7c2-800bb241b44e, 3919 
202428 18a13a49-dc90-4959-a250-43682ef0b564, 8505 
49195 9bb4c653-3849-4553-a288-648d1c6cd22c, 3919 
312151 40e8c5a3-c5e5-47f6-a931-cbbcd288b0b3, 3919 
128107 e86eacd1-51c7-4585-a166-b6f5d0d2ece2, 8505 
300966 d1f12448-fcd7-4a70-8f5e-c6755606bb47, 8505 
247744 03b3cd15-57cf-4113-8243-f4c847973010, 3919 
186414 e8170a90-2333-40e2-9989-4343e3896f7b, 8505 
270519 f18162f5-3199-49d6-874e-68afb0b2063a, 3919 
123330 98637840-09ca-4dfd-b1fd-0d04e8b9a112, 3919 
104399 cbdf3f7f-3823-49bb-8ac4-d58c6c87006b, 3919 
97212 c2d176f7-bcbd-4e00-b86c-c80f0b36e1ce, 3919 
147601 850eac09-d1eb-413f-8231-e89c8c0df912, 3919 
358411 476aa1c0-373e-434d-954c-943ab52078f4, 3919 
368397 b7127650-bd5c-4a2d-a59e-a65f0449543d, 8505 
160451 cc9fce41-d5ff-4343-b7a6-a566f261d7a1, 3919 
364225 cc717042-d845-4363-ad52-9f300a754f33, 3919 
221876 41d8db05-b13f-4057-9d6c-c2897e0a1b4e, 8505 
274593 5d5d686d-36a6-4911-9d77-8b65b12d728a, 3919 
341475 90aba70d-0401-4864-9b62-722bd0beee23, 3919 
80394 a0bdd3a6-fba9-4297-9640-568d549bbcaf, 3919 
273895 d31a31e6-2434-47b4-88dc-8bfa4a710edb, 3919 
170391 20bc2dec-c3fa-42aa-8a0d-c4761bf90727, 3919 
29844 3fb25d88-5931-4a2e-91bf-a4ecfc039f4f, 8505 
272714 2ff81dec-4ba6-4f99-8439-5665ef36a25c, 8505 
253500 6d7456b6-e2f5-4bc4-90f4-ad4ba36d57a0, 3919 
300968 e2fbb5b6-2aa0-43b0-9579-2c614d80a8df, 3919 
364351 9487ebf4-aadb-4b42-879f-31a47eead305, 8505 
63556 a87a4312-bf76-4f91-9c42-f9555109729e, 3919 
365537 871fc862-9bf9-4635-8488-88def5a630c8, 8505 
22088 e8f2e1a0-c386-450e-9789-865f36e24da1, 8505 
235248 c560a273-c83a-414d-847f-9ed9dd72eab7, 3919 
346460 e2f874ab-be45-42d9-ae07-c70a6df0a426, 8505 
258010 51a32df3-9185-4ff3-9a6b-9a7c28ae1d39, 3919 
252375 f9b6b53d-7f01-46bd-abeb-f4b5b7881350, 3919 
157249 2f08c582-c450-4da8-b280-3af687be9fca, 3919 
57003 094f48ce-0bfd-40e8-a59e-071790996030, 8505 
94655 08b421c2-236a-4420-b82f-1fe8364c008c, 8505 
174977 8d6d447e-1696-4918-b086-50185f2dcfb0, 8505 
195252 e08c4abe-9c41-4cd9-ba89-69a8b2d286cf, 3919 
369121 9e648bda-ab5f-4fdf-a31a-bb4e36122bc4, 3919 
349154 b9ad79e0-79ef-4914-9767-d812f62709a2, 3919 
178186 91c9a8d3-e76f-4cdb-be3b-c9becef9a980, 8505 
279435 ad43ee35-d340-4f84-884c-dde987e67aea, 8505 
2697 30f34fcf-079f-485f-af28-ef10cd5db402, 8505 
53158 4dbd0816-ed1b-44a3-9254-3cb1ceea4fee, 8505 
58761 197f659a-18a3-42e2-beb1-53e76b636539, 3919 
52623 540c8d12-9817-40eb-9a93-59791125f53a, 8505 
364356 ec69cb39-6f38-48b8-819d-c15bfc92557c, 8505 
340890 fcdd9aff-a541-4ead-a0d1-580578358f60, 8505 
82484 ca0c71b5-80db-49c4-a0af-b68be3d39ae4, 8505 
235269 05f37297-b3f1-4cdb-870d-5e03ea7c73ee, 3919 
297742 89befc7c-7f20-4bbb-99ef-da4da09f74d6, 8505 
146891 c0a582ba-73f3-4994-9050-8e3b72951210, 3919 
144193 4d727a57-cee1-4625-b8a3-600d42d513e0, 3919 
28651 efc1c627-eaab-44dc-8501-85dd0fa88cd3, 3919 
339960 6de07dad-8ee5-4bbe-babe-212dfb356456, 3919 
342430 5f43bd70-2895-4861-a8bb-57cbc0537cfc, 3919 
107596 c5cb2e67-5877-4f8f-830b-3b7e5e52fde3, 3919 
145787 ea9ca989-1dbc-4d9c-a499-15519d7cbdc7, 8505 
299206 fa13b581-19a8-4ab8-8ca4-fdec23efbf29, 8505 
326822 6ef7a7d1-9302-49ba-9b48-d17ae9e113e1, 8505 
83589 ab741a96-a786-48e3-8b4e-c04e2559a324, 3919 
104567 975c09b8-8298-4613-9bbc-37fd90d8758c, 3919 
95029 d8c51a9d-5c70-4c22-8391-d7b2244ecd1a, 8505 
155952 81ba134d-d1f7-43d7-bcf4-aad0dae1f5bc, 3919 
264741 7fbaabb3-b1b6-45aa-b8bc-789690bde598, 3919 
105281 0cc6bc18-cd1a-439b-9480-222a39619fbb, 3919 
79902 f26d3f00-28d6-4411-b42d-be13833501d8, 3919 
374396 c75e6c47-740a-44a1-a51c-19f448772fb1, 3919 
217531 e35ab1b7-970b-4ef9-a06c-91498540a914, 3919 
289705 7cc80bff-a7c2-4d16-91df-2d381e42e986, 3919 
245931 9a5f573e-c586-481c-ad95-779496c043b9, 3919 
53074 4828c008-d666-4714-b7eb-8a1d34959959, 3919 
192598 e221b731-7d67-4a12-9459-1ca209966cc6, 3919 
8756 56ebab45-ede2-4bb7-ace7-1e7b253bcb8b, 3919 
316625 550fd20e-2f8d-4340-8b3a-586b7bafe846, 3919 
386193 92e9c5b8-e5fa-40b3-9d70-ad40e7f3e137, 3919 
115965 f05086c7-db45-4cbf-9573-54979959fded, 8505 
290060 00fb6273-555f-4884-814e-5c9f63a52bb2, 8505 
149944 705836ce-5877-44b4-b8f0-b96ba90d8030, 8505 
275768 a848b401-4925-491c-ba73-b520add9a054, 8505 
41632 22d850f2-6e44-4bfb-b941-76b8636bd121, 3919 
214425 9cf27486-e116-4227-960e-1b0e5faa2a66, 8505 
321055 886117bc-34d2-4078-9dd5-202bee8de522, 8505 
77072 454b53a5-aa65-49fc-abd2-5d17d0e9a374, 8505 
121898 8731b000-71ad-4d81-ad02-cf5d25c6f1c8, 3919 
89904 75bbb8a2-fd3a-4d24-990c-62391c5f0106, 3919 
158386 7205b3e8-76df-425d-91fe-2e743ec7568c, 3919 
306673 c40d68af-1d6d-421a-bc8a-600361bcd7e7, 3919 
130680 7304a5c8-df49-4430-8f29-df77f1bd17a0, 3919 
215556 1bc25bf8-3c3e-4ef6-8e26-6187cfb1e6c6, 3919 
119315 e75a388f-584f-4753-b199-e9ac090ec284, 3919 
379831 c3a4b734-902e-4a69-b044-9c31dc13072d, 3919 
300874 769b664a-4c73-4b5a-bb5a-41624d2ddabe, 3919 
148872 e292f91d-6aa8-498e-b202-e0860bb3c3ea, 8505 
330049 83597785-bf96-45cf-a631-c25b399eb366, 3919 
355809 24c379a1-c390-44cd-ac8c-f73e430e86f9, 3919 
217446 c493363e-8560-4df1-b44b-73d952ad0ae0, 3919 
117151 21b3329d-b1ed-477d-ae19-976aaf8886a7, 3919 
119462 30e823a3-098f-4d5d-830e-a30d6d812c8c, 8505 
320272 d64436e1-3702-4fef-ad6d-634448436fc7, 3919 
331310 9203f73d-1e9f-428a-853d-66c58604c6de, 8505 
330462 96d84710-839a-419a-852d-55321b9cdfd5, 8505 
122660 1702116a-0d13-4e11-952f-2cc633da8237, 8505 
388144 0a7d38f3-1daf-473b-834c-25c4fbcc920b, 8505 
328897 8180549a-ab3b-46e0-8e59-d86e481281ed, 8505 
136318 8faea9e7-f725-48cc-90ec-0bb651ccc2be, 3919 
193012 55df6e02-c58d-43bb-abd7-a53eef1bd04b, 8505 
195255 4c9be75c-1a56-4930-a97a-4a55392647d3, 3919 
231523 95dee027-c19c-4a13-aa4e-39a5740e2f8a, 3919 
133642 8ad9f27c-1bed-46d3-bdd0-0bba103dde55, 8505 
270131 3b0759e2-1487-4ac7-8b90-6df8fa3e33c5, 3919 
389981 eb408c51-e495-4bf3-8953-2da843f25f38, 8505 
273787 23f30cfa-6586-4e34-9d41-df99ae026604, 3919 
163180 351bb1e3-f75d-48be-9929-a9de03557549, 3919 
208842 75fd5e8a-4215-4509-83c2-be7e4060c253, 3919 
259214 1ae56458-be6a-47d2-b697-fa4e2aa2555e, 8505 
25570 8f920956-656a-40aa-af80-b1bfa70c56cc, 3919 
152117 5514b354-34e0-431a-9ada-bdfb56356bd0, 3919 
398199 4acfa0bd-95e0-4c0f-bed9-0dd830be995f, 3919 
87530 4b77545c-60be-4e3e-b672-857005e77b44, 8505 
113308 71d7751e-3d0b-411e-99ff-cd72f8e8cc4a, 8505 
217351 9a1e452d-b7ef-4bf7-8b43-df3c4ce5bc70, 3919 
157106 5cf22c8d-9c22-407c-a9f3-a17fc78c8b64, 3919 
110754 db66d71f-49c7-4b31-be6c-db632b00ce70, 8505 
214953 da938738-e419-41ee-911b-3f974d7689f9, 3919 
146422 ba02b727-c93b-40a5-b072-45ce5a55b30d, 3919 
214726 2783150d-7b04-4c6b-ac95-d2971e4eb86d, 3919 
235560 0bbe3ab3-18c0-485d-894f-1250114a1851, 3919 
128050 4bc550e0-6f0f-484d-8202-637da352c0ef, 8505 
382344 1f38c7cf-ed5f-4438-9b7c-d5485e63305f, 8505 
273739 f157d612-a259-43b7-9f2f-0506351d4393, 3919 
239926 7df6d547-4751-4e57-a270-ea87a79e058b, 3919 
3147 b4f113ec-02f6-4b04-a09b-4d92deb7a62f, 3919 
187355 ebd7e230-da8e-4b8d-84ec-ddf3d54fd3c3, 3919 
262653 25ac1c7b-ecbc-418d-8c28-c5f63c97687c, 3919 
117939 e7a71168-4680-40dd-8be0-42c0df31afd8, 8505 
80701 889b6889-f9e8-423b-9a25-0d2abaff46b6, 8505 
272147 7af83c58-8877-4662-be47-0667fc6fd4d1, 8505 
127580 33263a4a-e2ac-4937-87f3-e5ce357dec26, 3919 
120165 9040ffeb-6425-45b1-bf68-d2e800946b38, 8505 
325148 d17c4c2f-4b5d-4604-add2-eef93815d6ed, 8505 
113026 67f81468-e341-4049-ad61-0f4e34a10f65, 3919 
189655 7e931bdc-f9a3-4701-98e6-03986548e995, 8505 
245392 62539c9a-eb67-4dab-aa0d-161955d58922, 3919 
295511 caf734df-6a4e-4ab1-ac53-e4e602ad7cb7, 8505 
3983 e2de274d-5a6a-41ba-abae-ea9f401eb032, 3919 
256739 ce4d9c97-d278-49a9-965f-b8264f586e28, 3919 
388823 ad2e9bc8-2bc3-4d65-a9ba-548a778b40fd, 3919 
246535 eb3a679a-a4b4-4940-a2ca-19ee3fd5e4eb, 3919 
68707 715f15a4-d4e7-4528-8b24-a0731c7af200, 8505 
196077 c395b3c1-848c-4040-874f-4ac3343f8065, 8505 
8816 a23ef720-2967-4e8f-9d1c-535bbaeb9f58, 3919 
87902 1dfef54c-23d2-4099-99fd-67a384e497e0, 3919 
152847 4cd165af-9ae0-47b8-8abb-a003b6861664, 3919 
401230 c730472c-c565-4825-8a1f-6c8bb8ea91c8, 8505 
79983 2a28f651-4e93-4b29-a7dc-1f169cbace84, 3919 
91903 9d145384-5d79-421c-8e58-2380a5ce91cb, 3919 
73306 5a0062cc-2446-42dc-a391-5a5ab907e584, 3919 
145289 74c67971-b8fe-4724-b8d9-990854b21fd4, 8505 
361307 f9c428e7-1f42-4e86-93c0-d21fcfe725c0, 3919 
196353 e7f441fb-a921-4df6-8101-85cbf4d3a635, 3919 
381507 a66cc7e4-cec9-4647-9549-0d2b98b4c277, 8505 
37289 6ba5aad9-5117-4449-b13d-ea21d8093914, 3919 
73236 ce18c45c-3b33-4686-a442-c703a8599705, 8505 
129552 4b25e1bd-01d9-4eef-8474-8810d0cd89c0, 8505 
111276 74be58fa-c42e-4d15-b968-c1a1b5204275, 3919 
1327 c97be785-8e16-49b9-9685-bc97100bb7c4, 3919 
265534 84cdc752-2d03-4f09-bf60-5d382d72eb2e, 8505 
401648 bf66bb2c-a6af-444d-a0cc-6ae298eb618c, 8505 
67917 a6227481-19df-4e08-b85a-51d1daeb2de0, 3919 
377918 507a6187-380c-4d8e-8577-eb7a26181c75, 3919 
16110 6ca5e677-523f-4edf-a1db-7ea205698e5f, 3919 
47976 ab480287-ee66-4d5f-a482-296f5f59da49, 8505 
201447 98641f51-00b0-4501-9b9f-a837740e689b, 8505 
198797 857d4299-b933-4dc5-9513-9497f3c74f54, 3919 
200545 e4bf7ad2-31b3-48d0-977e-451abd242fc5, 3919 
90037 fa7b91ea-9524-4aeb-8b0f-f9b56f132454, 3919 
147994 a902aea8-4442-44ef-8827-2d60341d16f0, 3919 
50584 6f593e4d-85ee-4ef8-a269-7330aaa8cce8, 3919 
204934 b6c4984b-3aa3-4055-8a0d-25558b5c8f9b, 3919 
133932 38d3b41e-a7fe-43a8-ba5b-81e2873ec249, 3919 
276336 e0cf8bdf-e010-42af-a5e9-64e0b24fc49c, 3919 
176562 e97ab05f-4e84-45d7-ba57-cdc954b77b98, 3919 
243093 a4798407-8a59-4bcf-b2a2-162e896c1c88, 8505 
190491 9d5c19c2-38a6-4a43-a450-6e0bc38dadac, 3919 
290897 df49ef02-f091-40fc-aa48-f5031c90dd15, 3919 
214318 1415f63d-fa47-4a2c-8821-0c05837de909, 3919 
260127 25425668-f305-4161-8855-3f7b59411a0f, 3919 
292646 0ad132d5-7da2-4618-a362-56fd5b93feba, 8505 
93218 84ae709e-8b0b-4183-b974-c5ff340b26ef, 8505 
229996 c32f2ee4-33dd-4c58-b430-a867f824cc10, 3919 
300526 e87e1d02-6c6e-4c1b-8653-8025e59bd5e2, 3919 
98690 44f6291e-7d6a-4c56-816e-d25c4b36d043, 3919 
82790 af4b3c0d-d116-4869-aa2a-10b5dc41dcfc, 3919 
272189 976e952a-67f1-46e8-b659-f1b3aebd7de5, 3919 
195854 1084ac4b-4745-4c6c-985a-a98f944d62aa, 3919 
333742 3b47edcb-409b-4b65-98b6-6de0d6d566c2, 3919 
213417 21150e69-a044-4e85-88c7-bf2bd2bba24c, 8505 
209833 c9a7d5eb-c917-4c43-a89b-7c8795c8c8f7, 8505 
376812 6688571b-f5f9-4f58-83b1-3d4bc9efc023, 8505 
222672 344ecba6-88b7-40f7-8161-e323da1c19f7, 3919 
60969 04e243a3-dfd9-464f-89fe-3fcc1d000503, 3919 
32150 f6817b38-9ae4-42ba-a530-e0b881acd563, 3919 
84236 c3691208-7595-4d69-b99d-b53237f17aab, 3919 
150013 f528a133-5241-4249-aca9-73b87af2be5c, 3919 
209152 066da992-a6c5-4207-8d5b-968b7b531a10, 3919 
191326 f3d02315-873f-462b-8cb7-a6197718afee, 8505 
78482 b151b6a6-3cba-428a-a780-0d4027cc3973, 8505 
317982 d24ac682-7180-4f93-b9c2-fadf58fbbf25, 3919 
52471 f1e5f5af-81a2-4f0b-886d-ca9d2dde811c, 8505 
218781 1d70d712-367e-4cbf-b0a9-d857f03e0cbc, 3919 
53915 c245e16d-b617-47c9-ae02-5f1ed647d320, 8505 
366501 1b3faba3-ba20-4b31-800b-4d614a09a473, 3919 
202055 eabc7c8d-ab5b-448a-a47d-dc1c68924e8a, 8505 
25188 68e34c05-6e59-4ee2-a3ec-be3f2a163df8, 8505 
132189 14c74cc1-445a-43b4-bbef-ffe6d14049f8, 3919 
27941 ec791f27-7186-4183-976a-d7ba6f558b14, 8505 
249640 6d110884-12df-4b5a-94e6-ab838b17451d, 8505 
137762 9faebc05-e744-4714-bed7-9ad9d7117ab7, 8505 
26248 0e66f5ec-89f8-4589-99f9-e162f743a57c, 8505 
110138 9c67ed6a-fab6-42a7-8c7a-856f86f52971, 3919 
45927 c0e12967-1d24-4008-b9cf-4d79265edd77, 8505 
5450 76d8f056-a3de-4929-9efd-781c49a0c879, 8505 
120746 651d2bbf-d3b5-40f0-9475-86a8c5fa1d53, 3919 
79888 1a0bd73e-5354-423c-bec7-647e683d4bff, 3919 
49434 239d43d0-ddb2-4f5e-8d58-856c09a8de92, 3919 
101964 cb962071-cf5b-4913-a0af-eb57e330a942, 8505 
87836 365f400f-07db-40ba-8b51-7eca16f52ce0, 8505 
9559 253e8d49-110a-444f-a71c-b2ab493eb007, 8505 
68321 94b53e33-ded6-4348-8dcc-4227f9d43137, 3919 
384468 88f89f84-a8fb-4638-b670-1073211d6602, 8505 
8887 59731a27-1f38-4e5c-9db9-a09df1b1825c, 8505 
331079 1ce8a504-4116-4553-813a-f57f638bcbb2, 3919 
358684 7d81387b-e199-4d65-8f90-5a2365f517b6, 3919 
99132 27771776-921a-41b4-9cb0-52fc6e00698a, 8505 
123349 8b068837-2bdc-49e8-bcd1-dfb1e436aea6, 8505 
200914 b99751f7-051f-4144-a458-84b5c991b470, 3919 
210811 263b12e6-3e74-4d14-8322-98c4820b1323, 8505 
276682 b218eedb-3e48-4a01-bc95-8165c27f6d91, 3919 
36272 62857aaa-aecf-4dbf-b68c-0a207582f166, 3919 
5536 31937118-9aa0-48fa-a071-55c0c7b4ece1, 8505 
395331 33f8cf70-754a-47e0-8475-553e25961737, 3919 
290969 c86f5d80-4de0-4a0a-b98c-92ffa7a85645, 3919 
141388 50c872f4-4fc7-4550-b4b0-af6fb6e6dc91, 8505 
342800 c16605e1-65a1-433b-90c4-f5af365d9f8e, 8505 
9503 194e38b2-ad98-456b-a837-d3f436194930, 8505 
165522 e945f7a1-1d53-4356-846a-5c2f1c191fa0, 3919 
363342 b152194c-bead-40a5-a44e-439a1de1a8b2, 8505 
365441 e1421329-68e4-41f1-a2c9-06382ca2c923, 3919 
197542 442aac9f-7e69-4e1a-a7c8-68d7fd7c7ec6, 8505 
376802 36e424ac-c8ce-4a28-a283-16514662be3f, 8505 
128884 51a590d1-34b6-4df5-8f14-e8f2613a4b64, 3919 
85628 5e56467d-1ec8-4165-adeb-7aa7f95e7a46, 3919 
216922 d1cbd7b1-8400-42b5-96a6-89b46833f5ca, 3919 
376435 0989fffe-6b17-4f5e-95fb-376a996774e5, 3919 
5381 bca7b59f-08dc-408e-a970-be7069c8a28f, 8505 
368994 99095b3e-4f8f-4568-a08a-756d28e21c56, 3919 
100459 b507ec12-0079-488a-b369-b19caec6be6f, 3919 
226273 643e3649-0072-45d1-8cef-1c4682582c1b, 8505 
231207 5107f690-c1ea-42c4-a539-aa844e63f0aa, 3919 
173919 fa180d47-1594-4cc9-a11b-47a44c32bfd7, 8505 
388989 e3ecf26d-3fe2-4894-b656-5a235f3e52c2, 8505 
104265 a8714946-0cbb-4c7e-b1c3-74c2f05bd6ab, 8505 
32238 3c1425c9-08ad-46ad-8e1b-905f6ada44dd, 3919 
85052 16b0b50c-bccf-4e27-b8e7-d700c916c85e, 8505 
208947 f6706ba7-4399-4610-903b-9d9879495c88, 3919 
182527 343034d0-c8db-4d02-aaa9-98dad7cef12c, 3919 
204796 64552580-d66f-41b9-8bbd-9b082419b70f, 3919 
155245 46831111-88ee-49ef-96a4-79346e8751e2, 3919 
178941 41510afe-c918-4b2f-8097-081fc597af2b, 3919 
215891 0da7c54d-bdc7-4f65-9305-0c7928d2bd4b, 3919 
297521 1742ccfe-a9e1-44b6-bcf2-12e032c4b511, 3919 
241428 c622268d-e1d0-44ab-acb7-95c10a2e8ebe, 8505 
11021 448b5278-9b08-4922-b658-e09549b44e5e, 3919 
211179 b877678a-8362-4785-8166-ca02a2b16c6e, 8505 
250783 19d94ce7-4973-4410-8383-d5a2ddb79138, 3919 
4100 641b76dd-7abf-4317-bcb7-7d3ca49312ca, 8505 
141916 03827328-0784-42c8-bff9-98e38c62c375, 3919 
315299 67765cbe-7873-4d0f-9736-c731e1d64f28, 8505 
114085 b50d6749-0191-4d52-84c8-415bceb92218, 8505 
70571 f931c2b5-742d-422f-a1cb-622e8fdea22d, 3919 
47035 5fb0b02c-5504-44cd-897e-908961728550, 3919 
250959 e7c2378c-d0ea-4ec8-9b92-5a8041ba85d7, 8505 
101265 4ebf4db9-f0a5-443b-8948-b9806577585d, 3919 
109067 060bad3d-68e2-4c29-9d98-9bca1a4c03af, 3919 
185474 6c99795a-4421-4cef-aeb0-a6d5ecf52bde, 3919 
290342 fcd0049b-ce14-41b2-ad26-a0b072a1be88, 3919 
115772 47a54501-677b-4288-a365-02e10fa01dbf, 3919 
389679 874fd8fd-46fe-486a-8f56-eaa04f27096e, 8505 
171236 71c8f658-0b1a-4654-9f27-fad2484ec6bd, 8505 
105038 22e5901b-956d-4a6f-9b9e-8a1916c06586, 3919 
191261 ff1e9b7e-59d1-4bd2-bf7e-581b824fe7d6, 3919 
365717 cf58d06c-b42b-418c-a133-4c1eab15556c, 3919 
397542 b5c5ff39-f9dc-4b0b-ad22-433d98709d07, 3919 
176046 25e66ab5-5b3a-4bd0-a905-611663f51d6e, 3919 
89536 bd5cdc38-56aa-468e-ac5b-674c08bf569c, 3919 
152318 1e285784-1ca1-4c97-a7bd-8313da333639, 3919 
307414 67a34841-5abb-4e08-bb6a-a429beef30c4, 3919 
65984 be3d6364-252c-41ed-9733-f9aa17276025, 3919 
370221 cb722446-6c04-4647-8008-4d860a821771, 8505 
321814 2b8d7b27-4df5-4af3-8e56-b79813d60693, 3919 
223712 eee3e86c-7893-4ca8-bdee-20f2ad37911d, 3919 
5322 42e163dd-efc2-4be9-866c-0b3469c557ea, 3919 
31335 2dccb0b1-0b76-434f-b450-135c016d8936, 8505 
350832 d4387181-a278-420d-93bc-c4a03ee74730, 8505 
143954 6dcd8db3-9653-426f-bbeb-c378abeee8da, 3919 
119395 086f9374-aea6-477b-a2c3-6dedd1aeeae4, 3919 
291058 6678db21-a621-4af2-9759-2b173370c0ee, 3919 
99749 495e58ee-3c3d-4bc1-9f06-5054fad5dcfd, 8505 
65420 9e6f3684-51db-450e-b787-1ae367f26fe9, 3919 
5622 1b8697f4-32dc-4b78-8122-104ef1b75fe4, 8505 
191002 89f3c946-88ee-4c59-901c-1c0098b8f0d2, 3919 
17672 24019bd3-a41b-4c70-a4e7-982a225ee363, 3919 
125156 3f6395bf-6657-4e3f-8aa6-af47b951d2c8, 3919 
36324 275ad360-c970-4724-9e79-c70a0277eeb2, 3919 
137882 bc33c470-88df-4c66-a499-756c488975f5, 3919 
323101 de866214-4197-42f0-a5bf-1ab5be6a61ac, 8505 
215120 9843869e-434f-486b-8e0e-8a15e197bb22, 3919 
306768 5c118076-9310-43e0-9b4b-bde4fa77fc51, 3919 
171744 00514cfe-d3bf-4e50-8ecc-426389883ad0, 3919 
223491 4c357cb4-e974-4457-8a89-a64431f1dcb1, 8505 
179271 346f903e-9ab9-45bd-b10b-6599fd98b731, 3919 
262024 0d59c10f-c363-4fd7-bc45-34f01d2fdd23, 3919 
384024 c65f8ab2-d537-48c4-8cce-6c5f74431f1c, 3919 
353829 eb887c8f-8d6d-4abc-9915-f439f574ba46, 8505 
118340 fbfe638d-13e7-4014-8456-463e94a31096, 8505 
43933 d5729fd6-7e1c-4a36-a438-5d06af8b6ee7, 3919 
170423 578de646-b2ae-4416-9f7f-49637c44a313, 3919 
44129 51e4cd4d-30b0-4472-a259-c379bb01e443, 8505 
168493 38cb604f-4692-448d-a897-28279c1f3d28, 8505 
42218 12cca27a-553f-4c69-934c-79e70920f777, 8505 
126294 453146bf-8521-4a4b-b569-0f5bc44dcba2, 3919 
281013 b2bb1a65-ab79-4078-bf4a-f4bd128885a2, 8505 
164227 fd16393c-a9ab-41a6-ad16-c85e050bc3ad, 3919 
221644 56b19007-ffac-4dbd-b68f-d5e5c82c397a, 8505 
323472 e0da0cb5-0f15-4b5c-8215-be6d6c1d9a1c, 3919 
332609 556409f8-bd79-4bb5-8ae1-a853363c316b, 3919 
118912 8f12c628-2466-4d78-bdbe-fee538877ff2, 8505 
355954 a5a0f97a-912a-463a-8f58-cf5b5a1b7a92, 3919 
189832 9dee0d65-c1b4-4058-ba96-0cd237d76fed, 8505 
367406 0a5933de-b206-40ec-8f30-569cb0e66ca4, 3919 
244713 98a25a91-56a3-4a4f-86e0-d6fe3e2160de, 3919 
122936 dc74d3f6-881c-449b-9be9-13812d4242f7, 3919 
179945 3dd93630-d44c-4929-9cb2-790f43cccd58, 8505 
52953 0ddd23fa-f991-49d3-80ca-5af66f0e99e9, 8505 
17180 6027a4d0-f6d8-477c-b923-6cb3dc732cd1, 8505 
335825 735ce1ca-8587-4f77-9077-ecb71ede7d3e, 3919 
347612 7473c5c0-1719-4c05-9ff3-a3008746a7ce, 8505 
27569 c2887f56-b544-4806-9eb1-64b4b1107d87, 8505 
236530 30a7507b-85c0-4692-ac1a-e0700808c542, 3919 
351853 a9639e5c-795a-4f6b-b808-c834190156b1, 8505 
378252 907a31dd-33fa-4cad-a29b-2eccdeb13ee8, 8505 
179483 8faf9771-0034-4161-b6a8-a38427a607ff, 3919 
379263 b66d2fa0-f059-47e3-afd1-1e99dab7b0c9, 3919 
129781 9a4d5c32-2c2d-40dd-aa6b-2f0fb626ccd1, 8505 
49839 bd0163c1-c770-4992-82ec-0d459b311b2a, 3919 
19868 32cc513e-6e6c-4f1d-a0e6-7ffe0671b685, 3919 
198140 d89d5f8d-276c-4f3c-9d0f-ba078bd3353b, 8505 
366811 d3821b6e-8611-429d-83de-e50bd69f2596, 3919 
35599 786b17ef-2a1b-4002-89b9-c4da461d1202, 8505 
112162 eb1a2c88-fd4c-4a5b-b2d7-00ab666ca3b8, 3919 
70826 6a042510-b1b4-4f0f-aabe-a6a7bcd32f6e, 8505 
315351 741f13a5-cede-46c6-be6d-124622835a84, 3919 
144862 eb60262e-eb8a-4afa-afae-4f25b3da6084, 8505 
165650 ab7f0b09-fc5c-4cdd-9a90-1e843ca01b4c, 3919 
258342 f6f57194-b7cb-499c-acad-26e7ee19446f, 3919 
310495 618e0ce7-92d2-45eb-b685-7953cc313106, 3919 
18483 9832eb06-c8b6-407d-abde-5123fd1ac0ae, 3919 
360058 78bbe35e-f731-4fdb-8c2f-a9514d24be84, 8505 
168676 827366ea-2f37-4a46-bc8d-bb3514cfab89, 3919 
161917 7807ddca-e3cc-4c8f-8d42-5662e5a9b8f5, 8505 
322707 e98eec0a-a2ef-4c17-9a93-3bad2ef5328b, 8505 
381640 c433c62d-c4fb-43fa-9f7e-8afebbd656fb, 3919 
298803 31b7a678-10e9-44f9-91d1-c5bc3666ed80, 3919 
348381 8a5de666-2c2d-44e4-85d2-6a57fbd5609d, 3919 
280459 be446186-ea63-48c9-aac6-9104420f469e, 3919 
102037 eb2c74b0-a905-40ba-af8a-271821fd46e4, 8505 
29647 c6db3661-0b23-40e2-ac21-c3086a22f880, 3919 
268517 70854173-fa14-4d05-9544-7ea8d312423f, 3919 
289374 368c4a4e-133d-4842-a807-a7f7ea1f1312, 3919 
101125 dd8b99a6-0252-4fce-9444-c1a55ff9c05d, 3919 
291226 8bc0ad18-18b5-496e-ab44-c5da22d4ae04, 3919 
170718 51c4d59c-15ac-424e-bf87-574ac4b9d1a5, 3919 
159465 5f709a99-66a6-47ae-a8c0-8726edd5f7de, 8505 
44950 8a22ad55-1de9-4a63-8460-a0f4016d02f3, 3919 
378767 ee6bfb7e-6de8-451b-ae84-bc0f0d2db835, 3919 
23132 45e13d50-c824-4b6a-91bb-6857e5df89a5, 8505 
178537 d6af61c9-22bc-4cb2-b003-e5e689391ffe, 3919 
152894 3c3aeb78-2ccf-4310-9c3b-9ceee7d1fada, 3919 
96836 5bcf5a6b-87fd-402e-9627-92ea513daf78, 3919 
75262 39948a51-fd99-48f2-a2ac-90cc9722d2b7, 8505 
304697 416123e1-b574-4e69-bec6-541e6c0df0c9, 8505 
321578 038b1bdc-ef19-4a84-84af-f1810d303fe7, 3919 
398045 8172a629-6d5f-430a-a5b9-2ea2f4b575db, 8505 
313715 fc3523b4-6f4e-4c4a-9ec2-7ec9606cfc65, 3919 
271044 514fde8f-8330-44c2-9bfa-4993746071ae, 3919 
292114 a66ec9bb-b226-4910-b17e-621422d7ff79, 3919 
39638 6bf7130a-dc9e-4626-8c54-239fbd24a93c, 3919 
293204 681c17ed-7357-44a1-9c2c-9cdeac556532, 3919 
131188 526df854-7c93-4436-b9fa-c112663da761, 3919 
242379 90c04da8-48ff-47c7-b2af-a8a9a80069e7, 8505 
220841 3879a7f3-3385-45ce-802e-024549ff0561, 8505 
285714 04d0c026-7919-45e3-9260-a735397b07b3, 8505 
153331 67e6c82d-ab06-43ed-bba9-26dd7558a107, 8505 
155778 7420653c-c06b-4f61-84c2-113a595313b3, 3919 
231431 9f8da5a0-f812-455c-a922-0df50f626cbc, 8505 
155788 1922c242-96d5-4b48-a103-b5eeba9315fa, 8505 
386473 d130fd07-b316-4a5e-8f73-946962eb7029, 3919 
206621 5aea3617-4d0f-4b87-8dde-31a5134c8239, 8505 
76125 97fb38fb-b0ed-49fe-a8f9-eb7652294f63, 3919 
253752 fcd0e505-c86f-4fda-ad37-8fa1313c9a08, 8505 
170356 5c472773-0243-4ed5-b72a-3ae0b4308893, 3919 
205339 4f704c18-bf6a-42f1-b62b-2cc2d8989f26, 8505 
376575 ebad74ac-22ef-45fa-8642-3e8741b98a87, 3919 
335436 097e79cb-624c-4c65-95a1-bdf1670cd7f0, 8505 
52034 5f67ca17-e24e-4a66-ba68-4d781f90f495, 3919 
142156 36d2e4e6-956c-4420-a229-b99fd8d15636, 3919 
279554 3bfc2d33-b062-41ea-9ed8-0347005da3c0, 3919 
59127 4afe02c6-3840-43ba-80b1-4a7a2d69746c, 3919 
201652 6b0575ef-8efa-4d62-9ba3-a004ebea14eb, 8505 
86452 7ef08c1f-e984-443f-946a-be1ea026404d, 3919 
167928 59128119-ee55-424b-9815-451c32a5f093, 8505 
366357 450bd6af-75f0-4dbe-896b-aa254ccf6f68, 8505 
15461 1b574a44-e97c-4a01-9c5b-00650f0dcd3d, 3919 
104821 91fd2760-0d67-4b59-bbf6-4b54fe4185aa, 8505 
209721 15d3753b-2e1a-4c4b-a7f6-f656d2d1100a, 3919 
65611 63a7cb59-a73b-476e-a74c-879ab07d9f0a, 3919 
37207 9aa4b2db-0e45-4b87-a50f-032c872d12cb, 3919 
306208 cb2ea7bb-05bf-496c-a0a4-dbdb97fb7517, 8505 
86969 42fcf3f6-5eb8-41b4-bac9-16784780135c, 8505 
344547 164d16d2-ba23-44cc-a8a9-20c5e069866b, 3919 
330781 c9d940d3-3485-4890-ac43-36f2d8e8f6a4, 3919 
80704 70dd347d-dede-41fc-b158-d700278a6b1b, 3919 
357395 1c165d6e-99d8-45e7-b19f-5153c175f4c2, 3919 
154870 3cac5d46-73c2-460f-a95c-18a6179c8b74, 3919 
292077 51819fd4-ffca-4643-84d3-67bbcf58519d, 3919 
287144 45c6b27e-3904-451e-b0e6-1f7b63c6d50f, 3919 
129896 76c94502-88ed-4cd8-bc27-015f8866c796, 8505 
157831 dab2fafb-97af-4bbf-b431-7022e282ae85, 8505 
47078 1551dba5-fb92-4396-93ef-e642d4e3b348, 3919 
321624 7c24cdf9-0ddc-449d-80d6-f0a5041c9d07, 8505 
244895 206865cd-9216-4ec6-8059-cae69faf774c, 3919 
250289 20c4e11e-5492-41a0-ba89-1ebb4e8b22e6, 3919 
199005 0b3cf301-c9fc-4bad-b3a5-1a11eb730b72, 3919 
257810 1f54e6b2-6819-43bc-9a0f-3c00175bb26f, 8505 
46914 c2616dce-1acc-43d3-80dd-bfe930dd1691, 3919 
21939 5dc8e56b-b607-4228-b251-49d9a3716d91, 8505 
137189 94cdc495-e513-4615-b376-950c99f33fbf, 3919 
154474 0dc96326-d1f3-4623-b8a6-c811220b5f12, 3919 
137756 70356695-e187-4bd9-b4b4-0e3fe4bed02a, 3919 
380432 d3ee89dd-c589-4bd7-ba03-aeca9e17c1c3, 3919 
288298 da8f663a-d841-4335-ab50-da4aaf58842a, 3919 
289072 4df6b83a-32f2-4baa-b111-b68027ce3369, 8505 
194097 f0b6f4e4-93cf-4a9b-b551-58c6025fb00e, 8505 
12854 099cce58-e167-469e-9f96-b0dcbf9ee5aa, 3919 
63939 a542e881-f0b9-4201-abdb-da2a9c2cf97d, 8505 
251679 61442cc1-ca37-4b82-a9ee-682f31fcab87, 3919 
46088 f336ed4f-05ee-4661-b57a-730bcb7fe8dc, 3919 
404208 bfb72ad8-fee3-46c5-89ec-d657c04b44a4, 8505 
332266 616c4684-4d53-4763-a3ca-541861e7b343, 8505 
39842 39a06eeb-c5cf-4990-938f-fbd60de48022, 3919 
190716 34d2ada7-5a07-49a3-9d91-658d3f350c9a, 3919 
135192 96dd2c0c-fb90-47c1-9c9d-71533af9f023, 8505 
367901 6dd764d7-559c-46df-9c71-7a16a699b9b1, 8505 
300791 4722c14c-b4d5-4e1e-b58b-5cec4fec84d6, 8505 
98148 a57686e8-0634-443e-9759-bd5b4f375d36, 8505 
7471 d7813ed8-e70a-4787-ab90-29c8900e2895, 8505 
360340 bc8ff21c-ca3e-4350-860e-f7b24a268f0b, 3919 
305684 c79def0f-3289-47a1-a615-60fd07abfded, 3919 
74165 d50a5b24-4db7-41f3-b0cb-6bf333c69522, 3919 
46328 a3b770cc-064b-4e5a-bc62-42c239755702, 8505 
82582 dc786d02-141b-41df-bc75-b90a672f1515, 3919 
90899 0969956b-ef4e-4010-92bf-3e96579c2a88, 3919 
385683 8018d0b6-56b6-4e9f-91a4-d2e3e9e7b7f7, 3919 
134802 c238922e-04d4-46b9-9e66-ef94ec26bd7b, 8505 
141330 84a5ef91-2ea2-4d3f-a4b0-656b1bfbc5e2, 3919 
102443 2300308b-3c43-4b4d-acb9-e048abf509ca, 3919 
31231 7f9acf33-1ff6-4976-b0db-039af37dd551, 3919 
134364 8f2ecff1-4075-4802-ab2b-8a6d40c07b9e, 8505 
195284 7af4f4df-cd97-48d5-922c-959194cc6cd2, 8505 
136234 3af6a68b-b1be-4ff5-849a-e6c7a5b84cb4, 3919 
349504 d6b634fb-bca5-4642-bc85-baa51fe13064, 3919 
247042 c9deb142-07f4-47f0-875b-33bd2b2c8edb, 3919 
7652 0e6b22ae-ed57-492e-a5c4-6578a7921b3a, 3919 
310671 3c80f530-0b05-4377-9a2b-959f51d99ebb, 3919 
25873 653a98fd-186a-4424-9b41-212fcb8497d4, 8505 
233787 f6166f85-9982-4949-a386-5eabf03332ce, 8505 
144006 6c0fd347-e09d-4cf8-945f-90392d41aef0, 3919 
272670 037b2534-ae8b-44d7-b8e9-811e6e2ae911, 8505 
278394 9f644f65-72e5-4dcd-9703-0dfb3d4f07a1, 8505 
268865 8e7f82f7-4b60-4b63-8dda-7a4353e1288b, 3919 
69761 21c93a6e-e1d7-4313-9806-865ec612a923, 3919 
63381 7f9a84df-421f-40e1-8871-443a7ba86060, 8505 
316338 dc2a7219-7e4b-473a-a33c-77cb4dfe9edf, 3919 
112980 414fe103-719f-45d3-bfd8-6ea530731657, 3919 
99398 bb37b3c9-5a82-4932-8687-81e37539f0a0, 8505 
37103 58a377ca-0336-4255-a11a-b0f5ab194059, 3919 
317399 b9ab9033-3bde-4e9b-a466-6719b5e6efd4, 3919 
13295 c75115e5-b6d2-4fda-a841-cd589a5fae40, 3919 
50109 5b67a38b-0726-4c93-aefb-bb45399f43e2, 8505 
305946 327e8bc1-987d-4e29-91de-83e1144e3ec7, 8505 
17347 aa7f0314-a207-45de-9afe-5732422ff608, 8505 
373140 9dcc4453-6396-4b3f-be74-9e3ea996d337, 8505 
58683 8821b28a-7357-4904-aa97-d9b59b13bf32, 3919 
22514 197047d1-4eb2-408b-902f-dcb0f23563ab, 8505 
396375 5372fef5-4f16-4ad0-abb9-ffb2ac41181d, 8505 
33561 f58f7c49-a62d-49c9-838c-e53da882d9ec, 3919 
259205 cc7a8317-1962-49f0-8315-d459a8f131cd, 3919 
203508 b74f702e-abd7-4024-b42e-f3993cd0f423, 3919 
402830 7c8400b9-61f7-49e9-a239-c62994ab5be6, 3919 
258795 02a752b1-050a-49fb-b71b-922718592661, 8505 
97341 dd3b9169-49e9-4c47-ab45-77783194836e, 8505 
403098 797024fb-0333-47af-bd0b-c2299b89d95a, 8505 
51870 6e38285f-0619-4b45-8d83-6fa9bce68db9, 8505 
244892 56f435e3-24cd-4cd5-8edb-1aae7f397974, 3919 
317827 daee0e61-9713-4258-a15c-6993d8d20b60, 3919 
188505 87d15174-2709-4bb5-97b9-ac01ab9c9713, 3919 
260536 fefb318a-5596-4d19-b75b-ebc9a9163a01, 8505 
112995 067c6d82-83b2-4dbd-a8d8-416a3c07e6b5, 8505 
273920 78355589-35f7-45b6-8986-11cffe1dee36, 8505 
5574 d8beba20-2fe7-4b9b-b5ed-1c3f585cd345, 8505 
350706 89e03687-9436-4ce5-bebe-17cba92ce692, 8505 
239096 98260a07-c770-4a24-80ad-ebf4c7327184, 3919 
2139 69b75844-b68f-4d6f-8975-cea63d98f572, 3919 
132703 495ecd55-a552-4c93-a5ff-98de99c23b4b, 3919 
137645 5b33bfb0-cb8d-40df-809e-d1293d0f382a, 8505 
168642 c33d18d1-1440-4451-81b2-9775b7839a19, 3919 
324507 6cc1e3a7-3acb-4040-a41c-dcea2ad74e0d, 8505 
331739 1684be69-4d3e-4699-ae4d-cfa029103140, 8505 
133645 8be45102-ad48-4b84-950f-f3aa37ab7085, 3919 
159784 62b5b051-ba29-4ea0-9dfa-5716c2ba697b, 3919 
143905 4e49b3d5-b8d9-4aaf-b163-55e6010e59da, 3919 
284118 8a6ff7f2-58c6-40a7-a026-2856b018593e, 3919 
279931 28ed383f-01ce-4c7a-98e6-95699dc61009, 3919 
359372 b3b62c2d-2e7a-4b12-89b4-f53480bb2b1b, 8505 
176934 c4f6c4d3-d095-438a-bc2a-402a2b02866c, 3919 
268355 59d27d4f-d351-4d7a-9328-67429a6ffb12, 3919 
313240 94b4efac-4e68-4c06-80dc-8d8acce77e69, 3919 
146287 9fdcb652-3cb3-408d-ad8c-d9459ebfad5a, 8505 
295213 9f6256b7-dd6e-4120-9fd5-76ff247f77c0, 8505 
252841 92e87b66-1dcc-475f-9341-0e73e697c348, 3919 
213059 a5792e3e-7a15-49c1-8bc9-87258264027d, 8505 
54749 09dfbeaa-6b3e-45b8-94cc-9f045ec8dce8, 3919 
221127 ed2c9e05-2ba8-401a-8574-5c9e34685f68, 8505 
316074 7770e6ac-0f3a-4487-91b1-8100115cb6e4, 3919 
262004 3eed37c9-1e5f-47eb-9362-33b54d22819f, 3919 
35526 af858d7a-6fd1-4a7b-bf1a-ceb2e8be28b7, 3919 
363919 982d4430-f668-49a3-9b32-88208ae4326f, 8505 
464 5f967689-48bf-4007-b252-1aba4185adfb, 3919 
103102 8777f277-c932-4b7c-980c-604b3be5812e, 3919 
25822 e3e08aaa-3a4d-42af-899b-44c91ef86bb9, 3919 
371284 0b9a85b6-6950-4f00-ad9b-178c606c3b00, 3919 
96644 9e531e6c-46c3-4bb5-90a3-3ddf38e3fdaa, 8505 
96213 41a646e5-91ed-4c9a-afed-a598d42111ff, 3919 
234901 32d4ced1-d464-4cc4-98e9-17890e9a021a, 8505 
197457 d60db51e-0f17-434c-a1f0-fe18b1e62f58, 8505 
191186 7145263a-3e57-4ed6-b717-e9c2efd3dccd, 3919 
377340 ae75e644-bba9-4a63-a326-1f3b5bbcf29c, 8505 
371088 545e43aa-4e51-490e-88f9-6a6fe4c33953, 3919 
138640 a2a163f6-9aed-4c46-8d72-2b67fba3bfcc, 8505 
280636 d83ce698-55c4-4580-b16d-5d191b7368c0, 3919 
333097 e9e996c4-a182-4d03-a0c1-b2ba2cc75711, 3919 
352903 5c4c1f9d-b78f-45a6-a4ba-68432a749fc6, 3919 
304321 8cd02108-52ea-4821-b59b-387b9e886d79, 3919 
268634 c79a7a4c-8dbe-4384-a36a-e57ecbe87104, 3919 
23676 34002742-2ad6-460e-99ae-5f7c7953d47f, 8505 
113484 4ee0d44b-9481-4210-a8bd-77af8ef0acab, 3919 
129708 b019afdb-c386-43b7-9b27-4387de435821, 8505 
205941 64505460-353d-4c9d-b199-2300b35d4f9c, 3919 
31221 354a1759-4078-4e5b-aba9-1c02b9daa578, 8505 
257199 08760464-112b-4b64-9d3e-10c3781b6d56, 3919 
382369 037dbb06-a2f5-418b-abd7-9c22d90b66db, 8505 
4288 f39dc39e-c0e1-47f1-a129-761f35471ff3, 3919 
118691 fe8c352b-010c-4476-b964-3ea188cf6665, 3919 
287764 cae5793a-c4a8-4df4-baed-a9343365c400, 8505 
198317 28aec5a4-85bd-4439-b8f0-a872d7fbd683, 3919 
167060 39e39046-89cc-4d1e-8ddb-0413a8eeec28, 3919 
342392 833ece8a-26e9-4584-8896-96904a722451, 3919 
233983 974bc081-69a6-44d2-9bbd-fbe6ff5cfcd2, 3919 
302137 392b5b0a-99e8-4b40-90e4-4c353adaa010, 3919 
209718 5fc359a5-b600-4966-bcd6-2e026b9f2983, 8505 
244491 ed40a330-1cb8-4a06-b78c-426e25a54919, 8505 
273726 943e1421-2ae4-45c6-954b-d78fc70e1c4e, 3919 
71034 4507f8f4-55df-46a1-b816-8ffbfe0342b3, 3919 
111403 46c12f65-d939-4562-84c0-d02ec79a5d2d, 3919 
173872 095d03ba-2480-4222-95cb-87c2e3a5cee2, 8505 
50869 c1ee4501-9064-4a3b-bdd4-3acd35511eff, 3919 
160484 d7bb7242-1cd0-4b6b-b34b-f1eda2172e5b, 8505 
152737 74968070-b8d8-4a06-b691-c099f6a194f9, 3919 
293933 90540b68-5047-454f-b970-f24a76fab0c4, 3919 
204755 0c17e4a9-ff4b-4b4b-a681-0bae39c847f1, 8505 
228361 471a2600-495a-44be-ae0c-2ad0b6d0055e, 8505 
302603 faf75276-1ec3-4129-acf7-0c25ebf1f6d8, 3919 
60285 7b288daf-75d7-4a65-92c4-e2511558b212, 3919 
396065 34763137-0199-4621-b645-9634a5577730, 8505 
183805 806764b3-819b-4d08-aade-82ed179caec1, 8505 
284395 565e2747-a49e-4d8f-9076-428e0f3f70be, 3919 
50183 de36c799-306b-4e00-a8fb-90bbcb84c1e1, 3919 
130682 d3ee2cad-58cf-4ecd-96a8-4b60f66d9b64, 3919 
345595 08393e44-b1ee-4c70-a418-0806bfac0982, 3919 
366470 85b2e705-6ae0-4f92-b24d-afea488fdbb2, 3919 
257783 6c6d9598-68c5-43fd-81b3-4535029281d2, 3919 
213045 a6c45fa0-a45d-4f13-b0a2-7bd8fbd3e266, 3919 
271085 5736d6bc-25b8-490c-86e4-9553e4b743ea, 8505 
232495 c9d4e0a5-9948-4c62-b93d-ebb734c2692c, 3919 
256551 efb7b19d-03a1-4a9a-9726-cc024aee5cb4, 3919 
101166 da23a226-07fe-4c02-a4cf-20a18913a8cf, 3919 
183301 f358d278-75da-48c6-84c3-9f2206837034, 3919 
251139 9d8f0139-c9b5-40aa-afd0-e5ded5b1b017, 3919 
90374 857531b7-120d-4ebe-bade-c82faded3a1b, 8505 
27156 f33306ef-278b-4fef-ae7e-f40928ced94b, 3919 
355191 12ae80ef-a7a9-43ec-ba6d-3ce6ba298181, 3919 
179131 e472eb55-9211-46c0-a591-5b81664610d3, 8505 
240899 e284f1a1-c1af-4192-bf72-f0011aa761d5, 3919 
325648 23eab139-e8dd-40f8-8263-30d6a130d7ad, 8505 
291454 0de2d8c0-39b8-45bb-a3d3-681622534057, 8505 
159116 f3babea3-2538-4289-a53e-6dc56e76e42f, 8505 
375248 4289d599-73ec-4059-819a-e85ec1f8c2ff, 8505 
388476 6cc5945e-1e73-4040-b0c4-26ebc3453bd4, 8505 
110081 882e9baa-16b9-487d-8355-cf06a5679019, 8505 
5902 cbb5d446-a7f1-4f74-8ab6-bde76da750b6, 3919 
149892 9e9fc93a-c0fb-4410-8f3b-5cfcfe9ed6b9, 3919 
35572 4cf0ce9f-6b98-4d13-80bd-67efd28aef02, 3919 
47616 1be23c5b-dd1a-4e87-8460-daf19146539f, 8505 
159537 f1442559-205e-4d42-b8e0-dcb012ec15c4, 3919 
222624 d9d7f64c-f244-4166-8775-594d470800c3, 8505 
392296 ad08ea57-f033-4fce-a5b9-c9b333300058, 3919 
186088 f5c99bcb-341e-419e-a93a-94a7085f635d, 3919 
77319 87b2bbb7-1599-4f9e-82c7-6b88c1ff5b4e, 3919 
98781 50f46961-708e-478a-91fa-8c05c3887a65, 3919 
192571 ee250ea1-223d-4171-8726-83c6392e4916, 8505 
18075 275949db-164b-4c78-9b07-80f4e3b0606f, 3919 
36477 e6010375-3a94-4226-8794-46deead9dbcf, 3919 
194854 ac5e1700-1f3e-409c-936d-3165ca745953, 8505 
208596 c6980b05-d6e9-4200-a817-2e44eb945522, 3919 
393761 d2c65e6a-1bf8-4737-9aa2-6e9965dade7d, 3919 
73671 9e8e143d-b6ee-4977-a3e2-692e8e5dd15e, 3919 
251595 e4c7af64-dea1-43e8-918b-d7da4e1c21c3, 8505 
158959 103304cd-619f-4c48-8bb3-e19a3d5529cb, 3919 
333795 9b9604d0-84fb-4329-aafc-96528f5ac7a7, 8505 
204623 a834a9a9-72bf-4071-bd81-805b7f191dfb, 8505 
49689 bd9013e2-ce40-4c8e-b063-2947d7753b24, 3919 
150188 b0e2e9a3-ff84-49a4-a85d-a6fd1265fe8f, 3919 
218543 d5962cbd-28f4-40eb-8f93-9f85cc335579, 3919 
224372 36c362af-9b2c-49a4-99f1-ff3419f4b862, 3919 
396577 defb408d-4086-4c17-9195-9f3eda7bea6e, 8505 
148685 75c483a1-406f-45a4-8ebc-011886209a8c, 8505 
119693 3944115c-83fb-45e0-8efd-570251575569, 3919 
306606 2cac3fd3-eb7c-4fcf-8242-d33a30145d5b, 3919 
13594 7e118a6e-0650-4d1b-9200-dac4e864906e, 3919 
294494 a4cd2dec-01aa-491c-bffa-869ec981d34c, 3919 
357979 2d1457f2-c0b9-4dbb-8531-93ce7227a263, 3919 
144184 1039cf46-450a-4e82-b005-585e415798e4, 8505 
1168 6ce6e685-afe7-49ff-9c44-4a4f68fe7657, 3919 
402771 71a449c4-8f2c-476a-a7ba-6d80c5a549c3, 8505 
282356 6a264991-f68a-497a-932a-b39a5d10af50, 3919 
397845 11ec8517-7bc3-49d5-a157-277c63c0bf62, 3919 
93326 c41b6612-c44b-4616-82af-a8b6f64f4aa4, 8505 
99273 197e4043-74dd-4fc3-834a-e7221f7f7ae4, 3919 
303878 b0fecbc1-7ca5-4352-a6e9-faef88da8321, 3919 
227482 f27cfcae-9dd4-420c-8d51-2dc07e586b4b, 8505 
118020 953f9987-445c-4ee2-ad76-308bf9bdc7cf, 3919 
403502 a587de20-5fda-471b-81be-2f241ee61b01, 3919 
125707 6f616f4e-6325-4931-a7a5-010cabb78577, 3919 
290522 8c0aea1b-86ce-4feb-ac34-0201be7755d3, 3919 
315983 e01cfa47-dcb8-47f0-9e1a-6421419bb761, 3919 
101744 390c21c6-4506-4ef6-bd06-c9321cdcf753, 8505 
344369 625db21b-da7b-42fe-8e75-7f7b6273690d, 3919 
262248 6b1b9108-4802-4d19-9c7a-b2b9f8a3f3e3, 3919 
353830 99d1472a-a96f-4dd1-a352-65e6aa3ed264, 8505 
242900 ba839dc0-1706-4236-8619-047c30ce2172, 8505 
310246 b5f9fef7-4c68-4df9-8f8f-1fa6b3edbbbd, 3919 
49945 96aa8eb5-e989-4936-b66f-23c1d45d110c, 8505 
383524 a4affffb-24d2-4b11-a83c-10b1c3259d52, 3919 
160899 db02cc0d-222d-4606-9764-ca9b072bfe3c, 3919 
57036 7855d342-02c3-4b37-9d3b-00ae6d9065fc, 8505 
170999 064e4e7f-1c42-45ae-8d2d-42ce15e5b789, 3919 
272157 e0e460ff-c4e2-4e5b-b1ad-3e8f408c8daf, 3919 
393289 89e488c9-da81-463d-8140-425c5bf02f06, 3919 
298873 ad7009e0-01e2-4ecd-89be-08bf16b397d9, 3919 
36355 6f1b3e9a-4a32-42f8-97b0-a34017b0fdd8, 3919 
239086 3cd383b0-f2ff-4155-8d73-141f05f436fb, 3919 
269989 bf4b7b7c-4035-4608-819d-90ac5fc34d31, 8505 
50042 723a178e-8ab6-4b20-8690-346603c4d2ac, 3919 
198622 3521c590-935d-41b8-ad6a-7a2d44e8252e, 8505 
94858 6e3445ab-ee41-4737-90a3-90ebe3769745, 8505 
18472 aa7e4971-423f-4a3f-a7f4-8fa01fdbaf2e, 8505 
221370 4ea804e3-7da3-4421-a341-76b13f274b51, 8505 
110284 8f6e8199-9abb-499b-8026-4151d5217563, 8505 
35211 120eaeca-dba6-414f-b28c-1b6d8623eb50, 8505 
98242 68e69aa8-b2a9-4ff5-a213-163e9fb36d43, 8505 
313626 40a39171-c6ba-45f1-b5c7-9c1a332b78dc, 3919 
99948 1f8a3212-6c46-4ad6-b209-53ad20261013, 3919 
229943 9df933a0-6f13-4dcc-9a9d-fdb7d15722ba, 8505 
304557 a662450e-1853-44f1-bd65-0191c0a95a81, 3919 
398332 75f6a48f-7147-40f5-ba4b-a94edf734ef5, 3919 
128619 4f2de9a3-a18b-433c-92ab-cdec8e7a94ef, 8505 
288764 31b21100-5fc2-476e-8524-c24b6500adb3, 3919 
8876 36f67369-61c7-4066-b059-caee2ddb7c35, 3919 
257150 c2841aad-729e-47d5-a5cb-9dcc2a5815e0, 3919 
17978 df79f1cc-f013-4be5-ba2d-d716666cbe85, 3919 
188344 55701c2f-31cf-466a-93ac-56494df0849e, 8505 
26779 3294c502-0041-47e9-9519-1d5a4f409f3b, 8505 
320041 fcb70006-8af7-43af-a32f-e56773426b43, 8505 
274672 380fb873-b529-4317-937b-99c9ec4231b7, 8505 
114080 d45d957e-3f73-40cc-853e-e1cfcb6b3493, 8505 
247526 dc4824da-3a90-4d26-9128-eb14fd372dcf, 3919 
111876 afd89f8b-c093-479a-8719-9bc0144b4afc, 3919 
44088 7dc1b90b-d2ca-4a0b-958c-93b3f82b36ad, 3919 
379465 1af2028a-a0ba-419d-9e15-4692d593360b, 3919 
65769 29c4ae6a-0543-49d4-9e9f-8a072a68c5e2, 8505 
173724 b742b767-d3d3-49c0-bf16-f984c2e9824e, 3919 
268691 fb3a403b-d0a8-4f1e-919a-a8efc12adc8f, 3919 
245630 23c6faf3-5521-4244-9865-4f4ec8b83471, 3919 
137097 7c0c35ce-7c74-4628-b452-4f920dd3b35d, 3919 
337749 560e03fb-dffc-4765-a0d3-3368859b1cbb, 8505 
370970 d6bc3bff-559f-48dc-b296-376c3113bda5, 3919 
388502 9055968d-d660-4fc3-899a-73834f527543, 3919 
189953 88c02828-e4b1-44cf-afba-370a41505f41, 3919 
28283 bda0f5b9-807d-42ce-b1cc-3c6c8fc85751, 3919 
178456 badef196-a8f1-41a0-9dec-45e16ff9bc16, 8505 
3683 73692c5e-9209-4f95-9000-155bb9085329, 8505 
102403 719f3daf-6d83-4825-be81-27c217419cb3, 3919 
168637 c0717fa2-bd0d-439e-b5d0-0a974a3dc012, 3919 
122793 1faf89b2-b92f-42ad-993b-0cda1dbed615, 8505 
211453 34057157-9457-4e1d-8e0f-0a27675c5233, 8505 
316828 eb0c701e-02ac-4dba-be18-730f142b3c20, 3919 
396623 5875bb4f-f302-4d8b-a48b-e351b9d2f5fe, 8505 
378224 3189cff3-92d6-45da-974b-d1a93285c32d, 3919 
381759 9ba5744f-475c-4144-9be8-7d8f7f81654d, 8505 
68205 080be70d-d8e8-4472-a4c8-280408186696, 8505 
162159 fa3fe775-9ae2-4a43-9465-1e0cd9435994, 3919 
220118 9291e6a4-f961-4fc1-ab90-206b4f604089, 3919 
50807 53f2b8d8-13c3-4373-9a19-aaa12a54b161, 3919 
97675 af291774-4648-4ac5-be3d-aa66d90bdbc9, 3919 
299932 a5b63d6a-fdbd-4131-b5d4-733d14a61423, 3919 
20033 3fd84500-4bb0-42a2-af44-fea9fc6edf77, 8505 
195265 6de8c9ea-f62f-45b6-8ce7-2b1e62858968, 8505 
322577 23e74c5a-b7f7-43e5-960b-550d2a7fb49f, 3919 
73058 1ad494fc-ddc5-4316-a9a2-fa5ca8d7e923, 8505 
136068 5ad90087-cebf-4c65-9a25-73e235ff77ef, 8505 
80935 88ac44c2-3fb5-4ae4-92b2-238570ccfb33, 3919 
325714 e7db456a-7d56-4d37-bb41-ada7eecf6d0d, 3919 
322776 28ba07cd-2dbc-4990-9a77-d0bb73cc280d, 8505 
175485 509788d8-25e5-468b-acad-3d30bf6251ef, 3919 
202829 8fa2db05-6d1a-47df-8246-c8e449db3f3e, 8505 
259186 727eb773-9ff1-4252-bfee-d0952ed45775, 8505 
187455 bfeef45a-003a-439c-b8aa-71f6a2f297a7, 3919 
381183 c1cb5c48-cf50-4689-a032-53585f88013e, 3919 
44432 f3effd44-a3ca-4b94-abe0-9bc8fdbdbf9e, 8505 
52248 3198dde3-d9f5-4490-b4a0-5eee25334761, 3919 
374160 f49ec4e9-3922-4724-a9a9-f0ef093246ba, 8505 
117997 f9f54e62-33f2-4c4b-886d-1a5c8c28c3e7, 8505 
346301 61e6eccf-48ef-46d1-b051-9ac9cfeb5496, 8505 
190618 fff08eb0-c21f-4d65-a034-9fdf36f201a4, 3919 
6154 b54c610a-8a3f-4fc1-bbad-fbdd103e0c07, 3919 
148500 c8c625e3-2043-4721-bbea-79781d1a48b9, 3919 
266454 46112016-e2d0-4aa1-8fdd-55e7e218672c, 3919 
289434 5b96c159-0d96-41bc-89b9-b777ea5a7b51, 8505 
167930 9d34f955-9be7-42eb-a4c2-5b9acff96e7e, 8505 
391458 d6494433-f700-4739-bccb-f4985ba84f07, 3919 
101006 57e817bd-c540-4749-ae7d-3bd52cbc820d, 3919 
102737 143edfec-eee9-4208-a971-4e53d1ae8ad8, 8505 
270071 4053eabd-d54e-4a65-b14c-8ae91fafd8bd, 3919 
321115 c75e555c-68b6-4741-819d-2717357deb46, 3919 
265679 3a823350-c808-4ada-8f7a-2c439ec182ee, 3919 
383401 3a10d7f6-6df2-4398-a68d-beecd32c44c1, 3919 
224917 bccfdc91-e9eb-411d-8c29-54c0d326e41d, 8505 
240448 63efb94a-b244-40b2-a007-d3d037bedddb, 3919 
282512 2c5bd7a6-885c-4f01-937f-bb1ba9fd7f36, 3919 
303165 c375060a-53f1-4b27-b6ea-70612abfff8f, 3919 
135607 7b92a68e-4030-477b-b06c-bf66d8515900, 3919 
188589 48ee24e5-f6ed-44c9-b65c-023d33efd5eb, 8505 
77515 c6297adf-fb4e-47c5-a69e-dbd855e064a9, 3919 
44736 717ac35e-b8db-495c-9f27-664647be92b4, 3919 
80679 48b8f3e5-0a57-4da5-963c-3a1b944e0b75, 3919 
109985 3cc50d99-d873-4b54-867b-531165d86a80, 3919 
223115 302777a8-32b5-40fc-81b6-b98f1821f1da, 3919 
41669 c31beb6a-bfcf-4853-9298-bf309c54eeb0, 3919 
162923 0bc2678e-715c-481e-9840-90ae8a35e532, 8505 
55708 68f95426-f192-4015-ae81-6ff6d2e2acde, 3919 
300267 326073aa-98e2-436e-8deb-1584e88ea98c, 3919 
347739 1d027e04-ea9c-4245-91c8-3a5af3e785ce, 3919 
5145 028a3a7f-a62b-4296-ac62-ec3b1f88a78b, 8505 
199394 2452300c-5ff0-4224-8bf3-2229267e4583, 3919 
169795 e50aad35-d429-491c-874b-0fac4a8706dd, 8505 
174010 c114d482-fd2e-426f-b251-2cdd4c6cfe70, 3919 
325872 9429e3d9-7fce-49f8-b9d9-3723118ed093, 8505 
137080 fa4ae45d-bd8a-47b5-88dc-8a8603d10039, 3919 
200245 6dde64ee-bb22-400e-8650-5cea19b34d5e, 3919 
576 ad414f93-9441-4fed-a345-0e9427e1d58e, 3919 
20438 0e8424ca-5795-47b3-971c-9a87cc95c093, 8505 
372068 0175db62-9203-4d95-a39f-4072b5c68dab, 3919 
257798 c0cf392e-0fd7-4b47-8426-e75ff6c1ec11, 8505 
210329 70d6a4c1-068d-4c22-84b6-95cfb04fdfcc, 3919 
105584 94229d45-ad6f-49f9-a969-25a2e685d0f0, 3919 
185352 ca48db05-c1dc-4c48-bc6d-3153858e7ca0, 8505 
110306 8e34b769-dbe0-44d4-b303-fe326d5c7963, 3919 
374645 d3201370-4b6c-43dc-bb68-ce45547b2876, 3919 
52650 e5aa2068-a164-4b5d-ba5f-d53761684031, 3919 
16234 1a7f2a2a-d251-4087-80a1-95abe5df61da, 3919 
314376 735a259e-bd9b-4807-91af-de22e25be76c, 8505 
19569 0c7117f1-e193-4b2d-9811-00b1d30416dc, 8505 
78284 591b5854-f796-42cf-a3d3-49206202cc0f, 3919 
399508 49121903-87fc-4516-9eaa-b3a549c191e5, 3919 
334834 631d1f9d-76bb-45cd-8ecf-e6d3d4661575, 8505 
185789 6fe4b43e-9e88-4d20-b26e-3ab1875e0bab, 3919 
138258 9998d1b5-ffa0-4dfe-aa38-4cf151053a0c, 3919 
245139 6543e800-bbfc-4901-9dfe-7faf24da9bc0, 3919 
26582 9cfa8f08-8e97-4e55-abe4-c8d8c0d355b2, 8505 
248943 7383ce86-aed8-4cb6-afdc-11bd58ec2006, 3919 
181972 0dd757ce-cc32-41af-a55b-ea44322378fb, 8505 
78217 60723c43-57cc-4378-8f09-33f5e9436cfc, 8505 
168079 5dcd51d0-1b01-459d-976c-0b3a52eae9e8, 3919 
140147 6d1e4e13-c1da-49c7-b1c4-3882e1fad0da, 3919 
121881 eb234cbc-ecee-4646-a75e-a4c170845876, 3919 
309115 3f406c65-564d-4d5d-bdd5-b491ffe7af27, 8505 
392170 7da62c63-268f-4ff8-bd60-13f5f8b3b491, 8505 
234400 9aa62d63-a56b-4272-9b04-73a9896d8581, 3919 
97738 42f109f2-7b27-4ca4-85f6-9bde97100a5d, 8505 
219770 d5b5bc12-742e-4333-8ca6-6c2f6f95629c, 8505 
367581 52a4c10b-2a98-45f7-8c56-c678a3fd4595, 8505 
204418 05c639b5-4c6b-4c0d-82bf-463b72bfc549, 3919 
44633 3c360ecf-d022-4cd1-93d0-d10287cdae0d, 3919 
89894 dfbff00f-6e1e-4333-84e3-717d484225dd, 3919 
238559 d62b548e-20d0-4a8e-9b5b-f61548290dc4, 3919 
329749 33f46f06-1918-4cd6-91bb-fe0317bf54a3, 8505 
61582 c03dcbb1-9739-4fde-a223-035ab42891e7, 3919 
223944 19caf7b6-2a8d-4a23-aea6-40053900383c, 8505 
280528 dd85d09a-0d1c-40e8-9098-38b1e42d6780, 8505 
243202 aa4df771-1140-4898-b7c6-3906e3b5c6ef, 3919 
380917 d39bcd29-6f63-4363-8344-6127c9a511db, 3919 
339782 df0daa30-1994-46fb-b859-8f200783d294, 8505 
129893 b63a3205-cb59-4463-9df1-c7ac133ade00, 8505 
307454 5b0b7092-5147-4141-8a8d-643df24af79e, 8505 
183483 81ff3e3d-39ba-41a4-b3de-5ecfedf24a5d, 8505 
364019 43ab6573-126d-4ec2-96e9-069c03f3bd9f, 3919 
229436 90cc5834-6a30-4e85-863d-1d76c51bbf34, 3919 
130199 79e94c86-6131-4d06-831d-628e649100a7, 3919 
232870 9fa1496f-4272-4fd6-a511-bbffd23a3bbf, 3919 
277960 30a026dd-ad58-4e4a-8d39-8ae02a0884f1, 8505 
234208 fd5dad03-00ec-41c7-bc7e-ba93f323bf5e, 3919 
193357 abfd1caf-b82b-4a06-b08d-8848dd903223, 3919 
336348 38c41a72-25d6-45b9-96fb-da88df7baa2c, 8505 
220588 84191b0b-9fc3-4467-b0af-359f38b81eba, 3919 
182918 5b06790c-feb7-4070-87b4-eaa0a09e53c2, 3919 
250584 97758895-7bb3-4a8e-8b6d-9b02c0b41b50, 8505 
252579 2580544f-b1ba-4c42-af2f-586976cf4c53, 3919 
22447 f406d6e3-a048-4e62-8b4d-a1d6bc2e716b, 8505 
354134 2f47d6b1-9b2c-4c49-932e-a09d7352977e, 3919 
7571 064a66fe-884e-4957-9d38-05b18cea0c3f, 3919 
234338 ebacb65e-848f-48dd-b5b7-b8fc062ea4b6, 3919 
356985 b13fb32a-a461-4ecc-97c4-f41cfa5f2433, 8505 
63894 839887c1-ce17-400d-8894-99629aa0e338, 8505 
351743 e3489bc3-6e4e-45cc-8814-63513bfefb9c, 3919 
52918 ff0ee806-2180-42df-9969-55df74e16870, 8505 
285838 d62a9eaf-969d-4e76-951f-87bcd17f4e63, 3919 
36516 804aff73-3d3f-4801-a911-afe568b72e4b, 3919 
278530 0a5f1c55-2b10-481c-8ed9-a9205b09665e, 3919 
350731 4e902024-588c-4f24-bb1a-7e5b50576378, 3919 
2349 bf1cfc64-7d9f-400e-889e-9e3336182bd0, 3919 
318476 ff87cffc-1cb1-4ca2-94f0-cf526f1cbd29, 3919 
178536 1e223412-63e0-4496-aa7e-8b2619f7afce, 3919 
358242 7273ea74-816b-4434-9bf6-4c731794d79f, 3919 
68320 0e44fa2e-0079-4f46-b4d7-c01ad4803e02, 3919 
170422 91078ced-cc9c-4813-89c2-1f368eaceb49, 3919 
356516 a4cb3053-62ec-4301-9586-1accb8ec87ea, 8505 
367845 0f76b004-e585-46ca-b603-d23bf18ff109, 3919 
70066 934dd441-8217-46fe-9314-cc5d1430067b, 3919 
39934 4979b437-eeee-45d0-b262-4a806bd41614, 3919 
59439 0f941e39-0497-4481-9ade-bd69aa5b5d4c, 8505 
298913 9728dbca-2675-4941-ad09-c620c775da8c, 8505 
316114 75b33340-9a04-413d-bfac-6866ee3797c5, 8505 
220197 ad4bc8eb-2af2-441f-b5a9-20fa1f2c0268, 8505 
66078 7823c952-40ec-4961-bb22-9b79473379c9, 3919 
246278 602d61a9-4c1a-4dbb-9ec2-1540a7e9cccd, 8505 
73417 dcc65c3a-f893-496a-831c-a56226746866, 8505 
126823 b4bb7188-2471-498a-958e-32ab9d837ea2, 3919 
216913 7f0033a7-7d44-4cb0-b951-e45f2f96a5c6, 3919 
237354 b33e9ed7-5c2f-4f8d-b6fa-055c95a78ad1, 8505 
229458 ff5d2c77-824e-4b87-87d4-d97fc9478e3b, 3919 
118816 ea9720ba-3fbf-4fd2-92dd-37237ebd2c26, 3919 
140884 9b5379aa-5b1a-436a-93a1-e27bed8357ab, 8505 
184556 d196dd1f-d068-4134-9a62-2973198fe814, 8505 
260147 c99a6ad8-7b79-4e9e-8200-c4d3379d21fa, 8505 
357102 8f9ff283-556c-4bcd-9970-45bdc531884e, 3919 
132327 0268b7a3-ccd8-4b3b-95f2-a9a536e2555c, 8505 
374760 d5193003-377a-4f98-8dc2-259398ae9c84, 3919 
170934 a99af22f-274c-4acd-a3f4-cfe0e7e889b8, 8505 
141146 7522bfeb-ee26-479d-9e57-03c46dd34d6f, 3919 
253524 2f74ffc3-5af2-4e10-9f0d-d9deea5826fb, 3919 
257282 37c71ff3-1ecb-4bce-953d-38e39293e8d2, 3919 
56453 ed375bc8-a6bc-4221-82ac-d2b1c1edc869, 8505 
235020 bf1164cf-b282-47a6-af66-ebbea7ca56f0, 3919 
386987 03f7c7bf-8e52-4812-8716-5c8aab04a0ff, 8505 
221634 149e4645-39da-4c27-b1d4-ab09276f5cdd, 3919 
320104 2fb0f9c8-2ab1-4706-84db-4a2ef15222ac, 3919 
386198 69f74af3-2acc-4ec6-9d0e-f27a6b8be36e, 8505 
92061 0595d926-245f-46b5-aaa1-e3fa3f4d57b7, 3919 
118448 2dad31cc-da17-4693-a003-9e6aefba07c8, 3919 
356373 7ae7ee44-3bcc-4a01-b79b-ece022156629, 8505 
11377 d128a99b-e6d9-4629-8969-a54ffd4c72ca, 3919 
188793 9cd92740-be96-4ba4-a56b-8d7a5f90309a, 3919 
106342 c6d784ff-ba9a-4f0b-9081-9fee3a7c4dba, 8505 
42275 866b1951-5283-403c-91c0-a2a1e629d324, 3919 
275231 9836f281-4dcf-4922-8fad-393a59b9a9ce, 3919 
330826 3608d6f3-4c18-458c-ba4d-b071b81737bf, 8505 
70600 cebe697a-c550-48d8-8ab7-5fa3c76ac5d8, 8505 
19675 80758490-3243-4e57-b121-8dc3f071ccdc, 8505 
180902 875170e1-ddd2-49c6-9c25-d8bdea3fab60, 3919 
88220 f611770a-f1ff-4c42-9b10-e8861c5a1c7b, 3919 
196813 df721e30-76af-45bf-a714-e7fc7746af1a, 8505 
392413 8f2f8bf7-a4b8-4ec2-b4dc-f4b93790d6c8, 3919 
308586 7be38d7d-66c9-4d04-afb8-f52cd850cb3c, 3919 
254880 f1721ac0-459f-4007-a6b3-127716cfd34f, 8505 
249178 0185a07e-a976-496a-aee9-b367af556776, 8505 
49522 37afa178-8223-4940-b97c-6a93e1e9d39b, 3919 
234970 b9d7c1f6-d225-4c0a-80c1-160e044376a9, 8505 
82317 8819b4d0-e899-4a6c-bf9e-23724e78aa5c, 3919 
15633 b7a406c0-3465-4f6d-b430-8b2ed863b10a, 3919 
242378 245c46a1-3d49-4136-aa8c-34e5ec22bd74, 8505 
181545 36a62d49-e20e-4d29-a33a-76a83df8c73a, 8505 
100501 4349143c-5d84-4a90-b639-3064da957fc8, 8505 
298553 aec9973b-5477-4c2d-a420-4e623948c560, 3919 
140856 d6a4fc5f-26f3-4656-88ac-68c044f13b0a, 8505 
329822 d520d0c9-e9fb-41a4-8d61-0ce8ca264f14, 8505 
403439 76030a73-6cbd-4b8a-986e-d98150d599ac, 3919 
139560 8798a69e-393a-4138-9e9d-954318c52092, 8505 
44730 36484727-4c90-46fa-9c52-aacee8b7b5f8, 3919 
165165 4ac3cc1c-3d58-48e9-95ce-53cd21599136, 3919 
20594 7a53da1f-89f0-4bdf-bb61-0c5ac3192d8b, 8505 
379403 280e3b87-c2d8-4ede-acae-ff1fc191f213, 8505 
235830 00d4b4f0-834f-4764-81e4-5ea658e13469, 3919 
89944 d1ad5632-2cd1-4fc8-aac7-67fd48ff0353, 3919 
73042 0ef186e9-4e53-4455-b74e-4c973a6cb1bc, 8505 
237650 1546c8fd-4ffb-4278-9124-fe0c2d8f5f74, 8505 
111192 6fe6c47d-7c70-42be-8e74-e15b124dc0fc, 3919 
54104 c386c9ac-52e8-46ff-af34-de892dcf57bf, 8505 
216890 f05dfdd0-ab73-4f66-9d47-29746b332bab, 8505 
107999 dbce7f03-e4e7-4656-8e5f-ecb04c669671, 3919 
333543 bb114429-b606-4704-a958-64802490f923, 3919 
289066 8697ad9c-3b69-4d73-af1c-2f6cf950a0e7, 3919 
387068 23f1a4c4-99be-4add-8b15-53c27064a4fe, 3919 
219699 ffbbf4b3-8eac-4718-93fd-ee829f63ef8b, 3919 
84916 909abbad-e678-4eb8-b2c4-9e8e0412cda5, 3919 
126557 94237463-d8a1-4a8b-ab00-ee56bff97db9, 3919 
143746 20193eea-5774-43b8-b11d-26e29f2a9623, 3919 
376527 21033f7e-987b-4725-8150-fd78b932eaad, 8505 
294775 f20baede-8a38-4a52-82b0-80b7be35c1f1, 8505 
200186 96f767b2-6c6f-45ab-95bb-0e8a836567a2, 3919 
229570 b027be07-84fa-4725-9688-e0c434e43adb, 8505 
312125 8ca4e1ef-a85b-4933-804c-643fc135c285, 3919 
338869 88e9cc0a-845b-48ee-b48b-a72e9f4bc98e, 8505 
192626 b95cdb4d-52dd-4444-8598-cef03d4f413f, 3919 
310767 ecbd8617-92c5-4a54-bd17-6b99919334f5, 3919 
320601 bfeae70a-d71a-4efd-9854-64bae5bc7954, 8505 
244859 0630090c-cc25-4eb6-9ea6-5a247366508c, 8505 
123017 9b82e5e9-7d35-4bac-b0a4-0fbc7dd77c70, 3919 
208258 5ea16c84-6025-4be4-bd80-528d80004b43, 3919 
25108 71ee4931-a2a0-4e47-867e-a4eea146b26d, 8505 
179283 9dfe3b2e-272b-4c9b-ac14-9ea476f61915, 8505 
95297 292c3b20-0d24-4eca-b351-9ca52f6108ba, 3919 
365372 e17cfd74-b7ce-4890-a871-d7c4d224ce62, 3919 
388542 827fe0a8-ebc9-4d5b-b2fa-60742d247519, 3919 
305862 0ce89cf3-6746-44be-baa0-96f8f038d905, 3919 
65049 331a4b57-7b58-4f53-ae36-01e5a6722707, 3919 
297690 64af9703-4182-4643-b8c0-9249797628df, 8505 
297559 81a0ea63-6030-433f-878b-31d21fc6aadd, 3919 
261080 d626ff54-811e-498e-884a-4cf0ecefc76f, 3919 
214474 8b901596-60cb-499b-ad11-9fb2709b6c6a, 3919 
395007 8972f577-99ad-40dc-8baf-6a338ba0686c, 3919 
280736 02bf174a-193a-4e76-8aef-d6e5e2285a6a, 3919 
192735 e7dd4be5-a67d-40fc-ab78-e471481be444, 8505 
391745 67d55704-24ac-4f2e-96c5-a09cb40ba3ad, 3919 
184882 bcc5f288-c8db-44ae-9a60-7c7a055b0b05, 3919 
274212 cad7e60d-2db9-447e-a874-ec6ed9db1c04, 8505 
68300 f188faaa-44c5-417d-96ce-8ffdff09c30d, 8505 
270716 a61b7077-3d19-43ff-81ad-3cff28b41827, 8505 
57004 72a130c6-bc43-4b14-b7cd-ba837558b974, 3919 
108289 a50e4681-6656-4422-8123-012ebbcffb58, 8505 
237275 7d1f376e-33cc-4b64-86f0-ffd7a562871d, 3919 
94798 ab4a8ba1-df40-442a-84ce-9f04b02c7a45, 3919 
173351 5c01c324-1d7f-4915-bd00-37da6dcf22d7, 8505 
181216 5923c0f7-0a64-472a-b661-1fa1352f5c0f, 8505 
89179 427841b7-3a73-47f9-ad10-ce653ac9ad4a, 3919 
14706 73b62bb9-5ca5-459d-9515-092fc8f25d86, 3919 
114082 c56246fc-1759-42f0-a5a9-4d522b1a72fa, 3919 
394310 17e3da1f-f0b9-4ad2-be1e-7a7bf32b0d29, 8505 
131023 4aad759b-8776-4d6d-94ca-5f39d98d4d3c, 3919 
333458 5243800d-08b8-40ba-8c7f-d44f83b43dcd, 3919 
384829 3342c124-0343-4212-9fb3-00fc999bc267, 8505 
296630 cb131c4a-7f06-4fad-9524-f79b3d23dee6, 8505 
393618 07edee93-5f94-4e86-a549-03d29fad8a71, 3919 
358405 31ed6e7c-99c8-4a95-96d9-28647bf3061c, 3919 
250764 31740f67-f303-468f-939b-07f8ab0db354, 3919 
46371 fa9c5313-55a8-40d2-8068-c9600e2bf75e, 8505 
324154 a7ba6787-851e-4f2b-9dd2-696123b89f20, 3919 
224423 efafaf5e-97fe-43d4-8cad-01bddda4ecd4, 3919 
316435 f018602f-0bd9-44dd-a21f-c4d493d821f9, 3919 
35470 3418ae00-e078-4f07-b9ba-9d06cef58330, 8505 
247959 599f2117-cded-4ae7-9062-bf40ccf57195, 3919 
352355 95fd8c73-3673-4c71-9b7d-f6438322297c, 8505 
212252 d9ca4167-b0e4-42ce-a3c9-89a4a3866d3e, 3919 
8264 efd31395-a6fe-4f44-8366-eaa001b3c4b8, 8505 
32279 048a7169-7941-462b-b202-d601b013da26, 3919 
287864 17abbc8a-d4da-49fb-a443-02a9669f011a, 3919 
296184 7d1d44e7-cf8e-41a9-b8a9-5ace0b7ce14a, 3919 
301017 22e2cf0b-1c4e-4f43-9829-3a341f7823f3, 3919 
149576 3ffe4b2a-ca35-4a1f-80ce-a10407300153, 3919 
35360 4c4a7588-ba4e-422f-97d5-a0b442d43afd, 3919 
344382 5aa4faf0-c295-4089-8d40-3d1287bb1f86, 3919 
243090 11555f38-2fdb-4b3a-982c-fba16b030fc7, 3919 
241871 68c1f156-b44e-474e-ba2d-8dbdd63385eb, 8505 
79291 6e365c74-40e3-4cea-a32d-b197ac1fc2a8, 8505 
265235 803f475f-5946-4cd8-8bfe-24a793c59aee, 3919 
158620 1d93e406-823a-4cd6-b9ed-853262b45d83, 3919 
391640 290cac56-724a-4522-98f8-a32a4cf39ad8, 3919 
196019 7a64dcd8-37ac-4d69-b70d-b64d7214e3e2, 3919 
220187 58c0facd-c11b-46fe-97c0-55c738b510ac, 3919 
15102 e732b140-1038-4e4b-bde3-a9296f6226b2, 3919 
398542 710cfd0d-46ee-496d-a8ee-fc2216c725f1, 3919 
59194 052b8502-dd6f-46cb-ba14-00fd3c689167, 8505 
260528 0f368a0c-8c67-4485-96c7-78fb7ab019a9, 8505 
22468 b19cf410-e7e6-4dd0-a7ae-6c3696a74706, 8505 
379334 a777f8a5-8556-45ae-94d2-849bd226254c, 3919 
9965 1adb6c46-ea51-45df-9d1d-fcae3c7c46e1, 8505 
316509 773d8095-a529-48d7-bcc3-8b9be6ed51a8, 3919 
393438 d80c4f70-7324-4473-ad71-bae4f67905b9, 3919 
138314 ca5d65eb-b181-4a5f-86de-42f58f736adb, 8505 
36657 7fcc8226-ea9a-40ae-96e9-d45d27d6a53c, 3919 
175469 a2d6443b-bb7e-4eb7-89de-e0b314d9d8f6, 8505 
112517 c9429e38-dae5-4279-9ae9-c453168fdb01, 8505 
189278 7fa3aead-7e7f-4d3f-b106-f151325d9748, 8505 
57785 78ca429a-f126-4697-9790-f0305cb5d965, 8505 
254351 cc5818f3-5cd6-4c2f-a1d4-08b936b9ffcc, 8505 
341271 f1dcc803-10a9-4dec-9eb0-850841f995d2, 3919 
41 cbc52b8b-c0a7-4832-b4ee-ca46dbf98043, 8505 
304458 128aaad0-e998-4373-9220-bdb0ec9eca2f, 8505 
153852 b30df9cd-fdf7-4fda-9859-2778adc1b97d, 8505 
88987 a1821604-b05a-4c29-afba-e679dd43f6ea, 8505 
89405 892b538c-ba92-4de8-8b87-938550a7619f, 8505 
287230 8cedb348-393a-4c95-bb97-8d74be15e4da, 8505 
323460 b36dbed1-612d-47b6-a805-fcd27eb9ee35, 3919 
391263 c5a3b624-c30c-4973-9e40-ca11c5b70c86, 3919 
124715 d07dd2e8-ec0b-44c2-9274-cacdd12fc0cf, 8505 
266549 16679043-b670-407e-8c27-7be8fad166f2, 3919 
215913 513c2204-2913-48ec-86c7-9f641e9099f6, 3919 
307373 0f6124aa-303a-43b0-8872-23a8aceb9323, 3919 
81973 e5060167-87a0-497c-a6e4-aaeeec02b0cc, 8505 
302000 99c432fe-dccf-42e0-9d35-badd5e492c0c, 3919 
94794 65d73fa4-e959-405a-b3b7-9981a8169f76, 3919 
274882 5560389f-418e-4e63-94e2-7abeeca9560c, 3919 
183972 81d97afe-ceab-4764-91f7-af929b9fabc0, 3919 
383909 534bc6e4-1240-43b4-a824-adf7ea9f7b94, 8505 
80941 2981631e-60d7-4453-afb0-933bb428d4ac, 8505 
95526 ddb8fbb6-ba39-4b6d-a9ac-e317b716e953, 3919 
278916 0fc925cd-988b-4e2c-99a8-c8cf1becd918, 3919 
339938 c6e6b467-5395-481f-9ed0-dec1d91a9602, 8505 
90263 6ae8b9aa-7dea-47e0-836d-b20388dc31f4, 8505 
161037 247ea50f-556b-402d-b8b9-12ce648cb336, 8505 
84854 8ec2f4f5-0588-407d-a899-0e938f37e76f, 8505 
1597 57d7ed1b-6488-4b5a-9dc7-99ea495c579c, 8505 
390595 3eac4875-c51f-446a-b410-8232a34586b3, 3919 
119141 b2ee773f-bdbf-4092-81e1-7045ebbf00d7, 3919 
374740 6599e5b0-a6b3-4cbc-af8b-4d8b2302ba0a, 8505 
119103 02a3df17-302d-40b4-ab41-d9f6d32ce85a, 3919 
116104 9f017244-cdac-48cb-8979-a20dcafeb02c, 8505 
53106 5553ea2e-c644-4edb-8553-dbf7ba21c72d, 8505 
330491 f6d0ba08-9115-469c-9252-6226eef5fee9, 3919 
199856 819efe62-91ee-43fd-920d-761692bf2895, 3919 
175572 7fe63a3f-e3a3-4a08-a32c-2a01db5fcc2e, 8505 
109861 b7b021ad-af97-4522-9ddb-424c0fefdfd9, 3919 
384081 f406a8c5-3f53-4552-9669-9d586d60356d, 3919 
284658 a3b8b681-d9e1-42a1-9466-6037d74c5a50, 3919 
300385 bbaaf2a3-ae3e-4a66-ae03-54f704c01e2f, 3919 
226324 273dbc4b-1e60-4987-92d7-bf6d86409045, 8505 
211403 3d5aa4fa-f60a-4ab1-b2c5-7ed2017f8474, 3919 
316387 ce3a2246-bf69-409d-81ac-5806cc9ed16c, 8505 
279911 6f10b035-8c56-4894-bbad-0aeaa55743bd, 3919 
68230 20f861c7-3c95-4015-b45d-80a40e8f1dc6, 3919 
259785 ae6fd81a-40d4-473f-aa38-94502c002127, 3919 
88884 7434a812-d112-4bad-a692-b1397ebd20ef, 3919 
46658 684172ba-4c3b-4bd8-ad9b-22e609cdd3f8, 3919 
81696 3bb90798-27f7-4158-9fb5-746e8b029a5a, 3919 
167876 597d46fc-7a79-4e1d-aefb-d7d518c3c6ed, 3919 
164551 69a7a685-c653-4946-8b35-a819df774395, 3919 
9250 b946b0bc-f641-4488-9754-9119160c6365, 3919 
293037 0290607c-9380-4270-be5d-98b12468b9d5, 3919 
365409 4b3ba326-5609-4ded-a84e-4739b720581d, 3919 
324649 14dd0b06-9057-4718-8cfe-00851f97c87a, 8505 
91019 63d7df38-1823-40b2-a396-d616bf733ebc, 8505 
387669 2379b4e1-09cc-4526-b451-a6f0e897a1d2, 8505 
321358 7fee1f08-e6ad-4494-8f29-03ad257f5a55, 3919 
380978 00161eb3-832c-43bc-80f2-673151ac5f99, 8505 
210083 f4669d37-8c20-4a71-84c2-7f8592b2580a, 8505 
50359 ff420709-91d9-4844-a83f-a9f9532434ff, 8505 
174936 08461ff7-9b0c-4013-b770-0c668c7b5191, 3919 
326594 84df3e71-9df9-465e-bddb-4c16a80c5cde, 3919 
53263 ab9679b5-3f76-4d25-b8b7-6dbb5f8ccf08, 8505 
109148 2f7e7571-6205-459c-be07-568b882d00d3, 3919 
342885 5340252a-8560-4522-a83e-ff830fa57114, 3919 
215285 05659781-88dc-4743-b9e3-29d863b5812f, 3919 
332937 5e0efaca-c5d8-498a-beb9-9a1d6a637547, 3919 
90182 4c7dec27-5c39-472e-84d4-6e9dc1b4d856, 3919 
194430 1076d093-ca22-43ed-b1d8-a45440d3c195, 3919 
145986 aa1028ca-77b3-4f3c-b796-a0950d026998, 8505 
180700 ec3c5d53-1400-40bc-90e6-f2a2215eb76a, 8505 
12793 013990fb-e9bb-4a22-8995-86a86ebc409d, 3919 
155647 6bb0667a-d491-4512-96ce-a52733e5f140, 3919 
324193 442d86a6-adce-4872-93da-00d46e8725a1, 3919 
329384 274d3185-b034-42ab-9552-03026eb574a3, 8505 
313458 633e453b-4fb5-40ad-bf6a-e68792daea48, 8505 
116694 adb97ee7-4c3b-4f6e-bce4-5bb7c8c8cff5, 8505 
299503 22dc4828-d572-4ad1-a7a9-e1b1473099bd, 3919 
268151 6185b085-2ea7-4c88-9a6b-4587b676eedd, 3919 
144999 dbe185fc-beeb-48e1-abd3-851b776c72e2, 8505 
360665 784f1240-d856-4821-a7d0-b06d430d7762, 8505 
214742 d4ae58f7-8404-4e38-90ba-1167f2ddec1c, 3919 
82923 4be2f0b0-e131-4830-81f7-d13b9a5a8a04, 3919 
79681 1882b49a-2a72-4847-b178-54681f7b1692, 8505 
95600 41f23c10-f016-4e22-a49e-a06a76e64c79, 3919 
176029 eec58fa6-8edc-4635-a407-b6694b838ec4, 3919 
102513 c7f95a87-9285-4ec2-ae5c-5ed4ae54672c, 3919 
94980 e85cf457-f7ab-46ee-9c9a-a97373d9149c, 3919 
16605 5f051b6f-ecd1-4c26-b637-5945a480ccf5, 8505 
218884 46e93fe9-e196-4375-b39c-8f073499f599, 3919 
118178 c66f30c9-ca28-4899-840c-e8a791bcd55b, 3919 
281200 ef375445-848b-414f-b6e4-6b46c3cdc365, 3919 
69313 471b3c71-9a25-41bd-ba6c-43e1c1b035f6, 8505 
22356 21f2e664-0051-4ddd-9979-1419d3806422, 8505 
17060 2cbb98b9-d23f-42c1-a20f-c31d3338fc98, 3919 
4757 72164460-7580-42d6-8797-e69606edc925, 8505 
311048 85dfbbaa-8025-4ebd-9c66-6565e4227c7c, 8505 
149905 59926d56-a498-490e-9a3a-e3a7e3117fc6, 3919 
373251 48ebebd0-d9b5-48b0-9bce-2dbf641b0f1a, 8505 
179499 9e4aaffa-25cc-48a1-adff-e5583f4d029e, 3919 
22168 a942f24a-5b1b-47d6-b05b-ffba51bc91c7, 8505 
174783 01856087-e3a2-4ed9-a36c-3ddab3761129, 8505 
368952 30bba337-07e1-4515-980d-de74283e5cde, 3919 
128274 2eb1fbf4-41ce-454c-8b30-905cb7086864, 3919 
36520 8aa8b404-3ab7-462a-9a84-dcb0315350a3, 3919 
308715 a2754e23-64b1-47af-84d1-5f613d4290b3, 3919 
288851 4064036b-669e-41dd-a477-90acd561bd46, 3919 
10849 ae5aa61d-3aeb-4821-9dbf-2d0e9f9895ab, 8505 
291223 9a5d546c-8b67-4b5b-aaa4-0617fcf6e062, 3919 
196124 4663d691-e869-4e1e-bbdf-abadf5fa4620, 8505 
128736 14769f4f-8314-430e-a098-426cd08c84b0, 8505 
109603 d899339c-1dac-4609-b841-8b11e4eac8b0, 8505 
201434 016dc50c-b03f-4b83-96af-6cbc4f0734c4, 8505 
115126 fdd28c4f-24f7-4732-9165-d11324a2f48d, 8505 
212455 9f12c002-5484-4b7a-b068-873d0dc294e0, 8505 
403002 f04382ff-992f-44ee-9350-35f73cb19775, 8505 
249395 3b12b342-e2ca-4645-bc74-ed39a44c95b9, 3919 
106900 65078c8d-49c0-4920-9b4e-513fd7976a88, 8505 
365727 914cf78e-5070-4a73-a9b9-641fb8499605, 8505 
302572 f8cca920-c852-42ec-a211-5dbb4540531e, 3919 
7119 06dd26d1-98be-40f6-ad35-a7752efc9901, 3919 
258570 61effd10-038f-449b-b577-3ebb2c476938, 3919 
82969 f93657e8-84e3-4674-ae16-90c6af1f3550, 8505 
332173 33646d3e-6086-4e3f-a625-766fd779a7c6, 3919 
53431 fe7e70e9-27ae-4171-89e3-d358a1560048, 8505 
202334 8d2ee76c-19fd-414b-9ee8-42868b91bfd1, 3919 
301758 3e24875b-cdff-4163-bca2-99a2be57c8fb, 3919 
46999 48d006cb-6db4-4f9e-a181-b9d3d67d6ae3, 3919 
244397 fe1e31e0-c950-4435-b4ce-fd2a41fadd20, 8505 
152924 4c70cd41-f25d-40bc-96e2-218c97cc2f45, 3919 
236624 806a6415-ce5e-4f19-b23c-f2b62f5c1fec, 3919 
372192 d3519272-d2e7-44e8-9033-feb3c30593e9, 8505 
158308 0a517998-a3c7-4535-ac57-468407705e3f, 8505 
26214 6b5660b6-340b-4566-89b8-7571221cba1b, 3919 
147939 2eb45646-3987-462a-b3c3-5c75d61a6c91, 8505 
377889 8a58db65-80a0-4ab8-bfec-8f395cc4b338, 8505 
88862 6137c6d6-bbe8-48bd-bd26-5ed26a22c357, 3919 
23446 1cb12472-e1fb-4350-b957-2886c12b4024, 3919 
398888 88b2044f-5f98-4a71-ae44-fbd4f17801ed, 3919 
251241 7a6a131b-cf13-40b6-94b9-376ccce1ef96, 8505 
124374 8dc23e46-3488-4287-8191-e7c87750fbe7, 3919 
35900 bc287252-5497-4061-ad62-9f85cc7ad081, 3919 
98011 080849f3-4efa-45b2-9b3e-1174579f3f15, 8505 
269920 88965da1-6c5a-4a61-8dec-caeffc196791, 8505 
77133 199efb48-148d-4a81-a564-54c6f7c84dde, 8505 
139702 89d33f86-f4de-4989-94ba-aeaab63a1f95, 3919 
199082 9584ef1d-8831-4166-ba2b-e73c70739e3c, 8505 
337205 aa4e0747-eebb-4597-abb5-1c730f78d374, 3919 
207344 65cb385a-127c-4146-b2c4-9c67699c8036, 8505 
107142 15d41a3e-4dac-4333-aaed-fa8cd9d7520e, 8505 
77731 9f2780ac-11ed-4a84-8091-3e40432d5eb2, 3919 
190672 7d3dd286-4138-4a62-b6fb-db60520c4b90, 3919 
63324 920f573c-0d80-4f71-b88d-90c440b386a3, 8505 
388102 7371a0ce-b63b-4320-9f89-5fa1108d7771, 3919 
140790 0f0743c3-09fd-43f7-8f80-1d331fb9e35e, 8505 
79383 3a9327bb-7176-45ab-9241-b95e7d7e3727, 8505 
275465 c85bef99-62ff-42a1-870b-db6a0debdef7, 3919 
345834 ead50472-9a00-4803-a6fe-caaffd581daf, 3919 
293251 ffe43b66-8c75-4993-a352-0daabd5d916f, 3919 
141232 87aaca1f-b1f5-4a68-8d12-f4dbd7482968, 3919 
248291 55f3ffbe-1f5d-43f7-a7d2-4401616b45fe, 8505 
101402 f59d6b45-db7c-4f3d-92cc-2d4ecb2e64c3, 3919 
211324 f7050476-8798-4d50-9b3c-e75ee87c2cdd, 8505 
231158 8899387d-335a-4b45-a4c1-197b076455a5, 3919 
170488 aae4b20c-84ea-4aec-9686-3411b771f90c, 3919 
398910 b17db9e1-6fb6-4a15-9bee-4d18ab6b2d63, 8505 
67474 b4a9816d-c142-4492-880a-80ab13f37547, 3919 
72729 7f1066ca-1a94-4b51-b111-60ea3c077508, 8505 
352972 a6ef3520-ca0a-420e-ba28-3ca777eb969c, 8505 
213694 ea7deb52-22bf-448c-b8e7-b86b8ff346dd, 8505 
149240 a51a44b9-bf69-449a-bb10-1ed068c72a3f, 3919 
52207 93c734ba-c0cd-40cd-9133-8bc9c40d4ba1, 3919 
120778 096b17d5-6472-45b7-af47-1818f225a01e, 8505 
401278 748e46b0-ee86-45c3-b7d7-3e4b9ca1e512, 3919 
232814 b9921a1a-a5f0-45a8-bcbe-d798b1619d73, 3919 
109917 e7a6c8c1-e034-4033-8b91-93b64d511f91, 3919 
61000 829797ba-b0e6-45e6-b6ee-958ca1c26db1, 3919 
228537 ec5b4a64-7bae-41fc-b698-b7c642e928c8, 8505 
73975 bcbdbc48-7b86-457f-9c70-f16e6302206e, 8505 
250274 9a3ad052-d4ab-438f-87cb-19be14bfd34c, 3919 
362185 53e1628d-acdd-4297-b648-cb8807760c5b, 3919 
294594 d57a09b5-09b4-4584-bb56-f8bd01551cfe, 8505 
157237 ee9d6a1d-58c7-4e0c-9d50-d9c7044e5595, 8505 
198445 7473583c-309e-4005-b934-ac15c35f8eb5, 3919 
248540 351ab80b-a0ca-4033-a190-7fe099e1b9b9, 8505 
343177 cd563a41-260a-485c-b7ba-7fb732179d5b, 3919 
208180 698fd2df-b2bc-4311-91f5-359dac7ea943, 3919 
184478 c5e8329b-fc9d-4aab-9fde-16eb2ecd6e9b, 8505 
10421 3ff40ef0-0d06-43f1-ba09-69df2e2278d3, 8505 
314818 e8a8d637-0d20-42b1-b9ab-ee4e92837601, 8505 
151302 74d370c2-1fd5-48a5-bd8e-96ebf775f51b, 3919 
68625 fe031e81-fa4e-4ed9-8f8d-eb7ffbb6e204, 3919 
171638 5ae07f07-f4f7-4cf0-a429-70e6255a7e7c, 8505 
230916 33acff96-b47e-4d95-9e5a-704f5b92da28, 3919 
216084 9635db91-8e5e-4bd4-acdf-dc8246e01120, 8505 
323122 bbcb9273-fc2e-4e07-8938-ba5a195c210f, 8505 
46215 6d86f64b-8411-4ca4-8b3e-220c1bdd6342, 8505 
323625 9f931d14-e254-4e3f-9d55-3ed1cb22b413, 3919 
286602 0edab637-41b6-4d77-8fd9-2e98e431c51d, 8505 
301114 cffd93e6-9bfa-463a-afc1-ace9ea961941, 8505 
15890 ab96d823-21bb-4468-b587-5ac4a945a036, 3919 
67278 daa24478-20af-42d0-9bc1-79050b5f4ad2, 3919 
322057 5ac9c4b7-24bc-462b-b9b1-e87a8c829993, 8505 
327874 b7f3505b-0b2e-472a-ac4c-7b8730dfc466, 8505 
101925 5ec6f8bc-f03a-41b2-bb83-d9ec75f4e7e7, 3919 
277725 4e9e6516-17b3-4990-bda6-1a1f839467eb, 8505 
17970 e4b110dc-d864-46f2-b0d9-7ab45b609750, 8505 
384850 1bbd44c9-6fea-4c87-bcbe-893185582eae, 8505 
272348 3566eb77-3554-48ec-87bd-e2219240469b, 3919 
313543 9c896729-c1e4-4e51-8dfe-911ea893aee3, 3919 
239934 92333619-7c54-4b22-a8ee-5139bc12060a, 8505 
110688 1f23863c-09c5-4753-bb01-e9f777ce7795, 3919 
295844 a8148441-594f-4be1-8a76-1dc7d08f7633, 8505 
17445 7e97f6c8-6793-49e8-8a6e-fcb2c7285642, 3919 
48447 60a2872f-271f-477f-ace0-562736db62af, 3919 
326477 53ae744d-55dd-47c0-8660-514df35f485a, 3919 
299109 a1aa4b57-9315-484b-87c6-e1ba2ff7ebd6, 8505 
315607 7357fecd-a334-4b57-9609-c4e2ebd4f6f5, 8505 
134526 7ccd8f51-7897-4004-98f9-1481500cc1b8, 3919 
346948 dda40bcd-c84b-4ca3-bdaf-947d7540aade, 3919 
273952 4c8b3303-d35f-4cb3-acb4-45ded2c2bf8f, 8505 
206063 58678619-40b8-4f96-a23f-4995e1b66428, 3919 
333513 4b285454-ff49-4b44-9b26-263de8a3a1d1, 3919 
381732 00850a0c-13f0-4f18-9309-3c2ee6a67aeb, 3919 
195246 200f769e-584b-4b7e-aca5-6cb8fb9531d2, 3919 
287235 3ca8706a-7c76-441b-b7e0-80eecb9e71e6, 8505 
323741 8e938c47-82b1-44b2-b164-08aa53b46754, 3919 
69415 ea98c415-98b2-4ac7-b40e-d8b7d56fade3, 3919 
304337 26e23c48-94a9-46f9-a809-0645b3fcf924, 8505 
206725 149d542c-d42f-42c7-9644-7f74faa7eb5a, 8505 
57694 04bea22f-50c3-44a4-b0ff-378eb6cdc048, 3919 
62134 1d182b2c-766f-426f-b8ff-4eb3826725ab, 3919 
130859 dd207b36-6028-4092-903d-da375c81d669, 8505 
235461 859caf71-4cb6-4589-a046-aac326340ad5, 3919 
85270 2c966ea9-2761-42e6-b2d7-2ead8a4fd430, 3919 
100882 123ce9b0-93bc-4225-ae1e-af42e44bdaab, 3919 
340551 32f56f16-37c4-42ee-b94d-8c0dad6f5588, 3919 
71652 96c09d2a-7b25-40c4-9e7a-64aa8aefce06, 3919 
241818 133e2472-9f3e-470b-b0b1-e5718586bce7, 8505 
236763 87b01906-6c33-4355-b65b-e0ce02ca17ec, 8505 
303734 d9c1c915-f82d-49d6-9f86-094e8ccae1d2, 3919 
309205 86ddd378-57b0-443f-8d6f-07b66212b6a3, 3919 
312645 cf7ac5c9-da61-4e57-8d3d-8b97440305cc, 3919 
251264 65e0f2c9-b1de-4b64-a973-3908c2364e5f, 8505 
253923 6de3e15d-9e7b-4ad0-a934-904e2bcfc306, 8505 
192823 edf9a32a-b397-4ce7-bc43-013bc064ff73, 3919 
260155 55738388-39af-4c9f-93e9-b982fb9395f6, 3919 
4621 4ec719b7-41c3-4908-84b0-79c8423003c5, 3919 
107705 72b7a7ae-0ab2-4943-9b04-524c12121b49, 8505 
137425 98c933a8-4fe5-4919-821b-eec452aed9cb, 3919 
73132 90d62388-d3c8-4c0e-91de-9b831c67466a, 8505 
356498 7bb84bd3-60c0-454b-9857-0589d4f395dc, 3919 
145716 78f3a9fa-26e2-4fc8-90f9-dda8ee6a7263, 3919 
62331 6d3c3b02-5974-4d8d-9ff9-c7f1df44c681, 8505 
19446 527dd625-a09f-432e-a663-00e921140395, 8505 
284075 d1d4c020-7259-4553-ba8b-08a5030edb47, 3919 
345526 e6723de3-bdd3-4ab0-a632-01f35a80d9a8, 3919 
260171 a809c42d-365d-4143-8033-6d036fafe4a2, 8505 
35139 d831b444-9452-4289-876c-2dc30079cc08, 3919 
215608 7a38f796-d31d-485c-901c-8bdfb9a43bbc, 3919 
18812 7445dc4a-676c-44fb-97ed-9ab16279aaf6, 3919 
240654 9ac756a7-c64d-4336-af8f-9187ac00f9ef, 8505 
234658 65900f65-5d50-402a-84d9-e619a13d3e75, 8505 
375492 1c7dc876-ecb9-4642-9c0d-1c0e940d52c7, 3919 
373766 af7ed8d8-1f6d-4472-8dff-8a836d10da0a, 3919 
339109 492128f6-a85c-45c3-a5d8-bc028bd861e0, 3919 
76106 6ad550d9-35c9-4f84-a9fe-308c678eb322, 3919 
226812 bb686ae8-d093-4f04-aebb-434d1ba258f1, 8505 
105094 466523ad-4878-450b-99b3-79bccf7c5b53, 8505 
15129 58671fbf-1ac1-4feb-83d4-4a79efb10f52, 3919 
278089 08a86f52-c021-43ba-8e38-4e0ea05dc6f1, 3919 
172757 9c7a2c09-0020-462e-9e5e-bbcadd6d696d, 8505 
301222 fa86c804-749d-4502-8da4-6f19d999224e, 3919 
230515 063d076d-2008-4a55-b302-49de56bff85f, 3919 
99192 ac74b148-401d-4935-997b-fd8091352917, 3919 
213042 91a2c67b-dada-4388-844f-fcbc674c6781, 8505 
391887 daecf758-ba80-4a75-afba-f9d15bf61c34, 3919 
327945 5399b11d-b28f-4c3d-90aa-cb326d834fe5, 8505 
379576 dd531f5a-3243-4e55-9e5f-b022ba3dd42d, 3919 
144426 dd756422-7a3d-49ba-b13f-03208f0353a9, 3919 
371808 b764153f-9b26-450b-b226-dd1d4aec214b, 8505 
204591 c153df95-d984-40fc-b1be-73bd66a2750f, 3919 
8931 c150fd2f-054b-4d90-a7ce-965461659cca, 3919 
102825 6dbe6cbb-82ab-4597-855f-244803ea1981, 3919 
248180 5d4d4666-f971-4132-984f-8fc00ae9ef8d, 3919 
244551 fe6cc596-5692-4138-84ef-4fdbcdbc9fd7, 3919 
100678 a517e615-316e-4e75-9489-3a31ac0bfb31, 8505 
58689 140869e7-8faf-4493-96f9-5425291cca09, 3919 
354645 dcb9194b-1188-499b-bc25-9553bdafac59, 3919 
85740 d59843d8-255c-4437-ba8a-29ff54b8528f, 3919 
12789 b2d97b46-5b01-41e2-a494-20e3ad7f15a1, 8505 
312866 d38e9805-cd20-491b-be15-e4d456984f2a, 3919 
71261 c4944eae-3e2a-447c-8eb2-235b1b7d4084, 3919 
323822 b1f0428f-926c-4990-ad9d-f1fe7655b284, 8505 
353425 7892fc6b-8264-4294-88a6-5925b7e64886, 8505 
77164 5fe9cc83-87f1-411a-aecb-ca0745000cd3, 3919 
219471 bba63375-364e-4806-bba8-885250f04c4f, 3919 
81722 1616cb51-823c-4799-8aed-04037048b47e, 3919 
136320 fe13f8fb-d30a-4597-9855-39c3b3c4d71f, 8505 
19561 c0db91c7-9f65-4ac0-8bba-44cfc2fdf136, 3919 
119871 5606ff68-9910-49c0-85db-5486971e001e, 3919 
368847 2f654783-d9a4-4592-ae9c-fb9615d767ca, 3919 
110478 6e0e7f0d-42d4-40b2-9f8b-fd2da73c0cdf, 3919 
347226 d14fd019-d4fa-4dcd-8844-a0c58709fe3b, 8505 
90439 01e4999d-f766-445f-94a2-e1d736679e84, 3919 
290827 6e9f6bd5-364a-45ea-815d-17aab27d931a, 3919 
205740 32702891-06c5-46c6-8b14-af73d7366cf2, 8505 
84053 b3966526-6d5b-4e95-b63f-0a59329a2b38, 3919 
139136 e511d907-e5e5-46a4-bf23-268e08928472, 3919 
135215 d9803e7b-1111-48e9-9749-1fab5108a2b5, 3919 
329585 de022db5-343e-4218-bfda-060e6663bf30, 8505 
250182 8763ba02-fb10-4703-82f3-03a4a2b90b4f, 3919 
277369 673252ab-c16c-48cc-ad00-2f53322a51aa, 8505 
279898 2b85c6de-88ca-482f-9d64-11cc9163b29e, 8505 
46943 c9c076af-2449-4ad9-957b-25b3fa7d03e7, 3919 
204506 ef30645f-3eaa-4dc8-9771-5c52d13bb3d3, 3919 
24937 1ef9916d-5e73-4736-bb53-6a6b1cccf24b, 3919 
300220 8ff36637-4e38-4235-adf7-07309b717c68, 3919 
57875 c9987b1e-aa89-47df-a670-e24bfc5de960, 8505 
128689 b14048a8-6238-481e-a6eb-05337eca50cb, 3919 
139894 865c9732-a452-4daa-b804-e023da124167, 3919 
33381 d1d53203-71da-47eb-846e-1c0d61defe29, 3919 
290045 9e79bd11-583c-4744-b1f4-2b090454c3b1, 8505 
5080 0b652702-4f0e-4d76-85fe-8cd1470d02f1, 8505 
231223 19854701-f3a2-4e6f-9a0c-dc270f2d7cef, 3919 
69687 0ee1677b-0ec9-45b6-b43e-9ad0803e13b7, 3919 
191677 ed2a8a5a-d57e-48ee-9fc3-810a244eb17a, 8505 
145819 a7c839a5-0444-492b-9b2c-66a325444c9c, 3919 
79818 872dff24-1c7c-455e-91de-7e90f500c142, 8505 
24381 d5ab4178-21cf-4198-97c8-319df0a022e4, 3919 
285663 6cd366a9-6c81-45fb-ae54-8fbfc00c51c0, 3919 
82488 5010e51a-121d-42a0-ba94-d99930568b5d, 3919 
142633 29a77417-4118-4c0c-b292-8cf91712aaae, 3919 
386325 ea157a57-c2cc-46bb-9ade-69ebedfc6592, 3919 
335792 7bbb0d4a-37bf-40ab-a546-23bc2426bf91, 3919 
357287 db6e41e7-4bc4-4e7c-a09f-015cd8114593, 3919 
181422 13a0d272-c12d-42fb-92aa-109576d533b8, 3919 
368224 27b92e1d-37b7-490c-9bc4-d2d084a5580d, 3919 
91400 9838d399-3e20-4276-98c8-3a1a5a02e870, 8505 
389942 a0e7f393-fb0c-4ec4-b683-5ef7c30c9d5c, 8505 
168481 f8b906a0-9377-4d26-a67c-ea475aec8bf1, 8505 
267022 4545f199-3761-442f-ad0b-30675f848019, 3919 
249233 a19390fe-a4e5-427e-a83b-5c870f50e762, 3919 
133168 5ed53d9d-43ae-45d7-a6c0-8d50f3deb0c5, 3919 
143814 859c4809-a2bd-4759-9493-1bc1f1dc3a2d, 3919 
6577 026e6021-97c2-4e0f-8c80-a31031735588, 3919 
292404 8bdfdf67-2b61-4f2e-afd3-71f4285201dd, 3919 
261669 0886f7fd-4f16-44e6-a1b1-0280b9aec6ea, 3919 
267911 2f602d32-45f9-4ce8-bcbe-82783282e5d9, 8505 
349965 60b80e3b-fa80-466e-ba35-836f411de314, 8505 
20413 a021051f-e516-4063-a271-cfe2c8986b98, 8505 
230225 96b5a59a-d3a8-4e11-9bb1-e47f1c197030, 3919 
336383 ae9aba01-580a-48f4-94ca-48702ea8264a, 8505 
165006 f60143b0-26e6-44fb-b306-0f7767b16c43, 3919 
280256 63bf64d1-be1f-459f-a58a-2d9c4022ae5c, 3919 
265347 82327a0f-00d2-4e78-9bc7-9edfa49dcd98, 8505 
86351 bfb0ba88-f911-49f1-89cf-661a96bfc18c, 3919 
399574 d1456639-e32b-4532-874e-f7e5a426a68d, 3919 
149829 40ff5eed-7b90-4eb4-94bc-3d72ffe6c2ca, 8505 
161880 bf81c367-4b23-47f3-82f9-692c9233ca03, 3919 
341393 ba9d369c-1b31-4187-ace5-3b638fdc954a, 3919 
66007 aa3f7915-787f-473c-84e6-aa212963ff70, 8505 
356191 74f0539d-85a5-4558-9b4a-b34ee6fb941a, 3919 
225011 e6191a78-cd25-409f-a0e9-1e0628bb7195, 8505 
42782 9b24773f-88d3-42d0-ab9b-b9c4bf6b0158, 8505 
70728 da61eeb5-7bba-496d-91f4-d58fffc688bb, 8505 
253593 69744e33-a73e-4dcb-825e-3de6a3c27d8b, 8505 
220851 f5d7e425-07dc-4c0c-8d55-1cbeadf7a143, 3919 
94546 7104ab0b-0e40-4ad7-8023-d6cb9ddaeb6b, 8505 
178682 460e4a9c-9dd3-42e9-aa89-447778b7e958, 8505 
374131 70386b4c-89c9-4009-a5a9-57afc0035461, 8505 
319863 0fb0e66c-7619-4b7f-963e-a671d783efb8, 8505 
6707 b5dc28f2-a79d-46c3-bc49-31bee976ede1, 8505 
284231 a6c5c420-a073-4bae-8726-846715a0df64, 8505 
334293 169fd827-d646-45bb-a8a6-5e083252a4ef, 8505 
385247 5eebef8b-a30b-42c9-9b9e-9730a00057c7, 3919 
280530 a1dd6ea9-06aa-4fdb-b3c6-253f6df01158, 3919 
173672 b6c5e308-73df-46a7-9a1f-f6152077aaac, 3919 
287038 3f46894f-c795-4afa-aa66-47255149d063, 3919 
299819 28d447fe-2f06-482b-839c-743c29801f7e, 3919 
146311 3f6e0960-a9cb-42f4-bc7e-8ec18ac5e3dc, 3919 
306001 c321d8da-9ee0-4799-a192-4530dca4164a, 3919 
161416 026667bc-0ce9-431b-b2c2-c4f74c810d66, 3919 
372685 61947dcd-2749-4f3d-944b-9e613c4bddee, 3919 
325509 cfad4d21-bd06-47ca-af91-c62345aeb923, 8505 
98227 45252e0b-a7a0-43db-9aa7-a8f30d139a5a, 3919 
183612 4ff49386-8e8c-4fb6-ac35-55d41dbd170b, 3919 
113340 38b2d5b6-0f90-4a31-946d-80bab29e2046, 3919 
131953 9803b5b1-0a2a-4e73-89f9-8ba809ce0aa9, 8505 
245543 b45b8bf4-a957-4829-b291-0343674d2a83, 8505 
229828 96a82ab0-c71d-4fa7-a7d2-1bc86449944f, 3919 
30835 d0f1f3c9-508c-4fec-bf6d-7fdf385c7b6d, 8505 
331417 7271c495-490b-4552-bbd7-e3ba52931302, 8505 
222141 82e37839-a7c7-46c2-bc9a-d3e6b51e2d2b, 3919 
213007 e3033a43-5ad5-464c-b988-f0dc1164ab3f, 3919 
337300 a44d3cef-c48d-4ac0-94b9-f3f6116bc0ed, 3919 
45162 0ff9408a-142f-41c0-92fd-d6e951ae4663, 8505 
63716 5bbca91c-bfe9-483c-867e-421221327ab5, 3919 
190181 54789cb7-57eb-4697-bbdc-bc0063dc1367, 3919 
26588 772f05a4-eed9-4061-8268-b35e0918a861, 3919 
89581 4c33bb82-9d2e-44b8-8c5f-bec1d2c60caa, 3919 
140599 8975fad1-870d-4baa-868d-a380c3355e1e, 8505 
297154 faa4335a-b557-4f48-85b0-498bd4e54316, 8505 
143912 624033d4-b90b-4727-8f82-99f1342b831b, 8505 
294117 f8a4e5d2-7f06-4661-b39b-8808aa63780e, 3919 
348951 57b63763-0313-4448-ad1f-40a843e23ad4, 8505 
373730 cf4f7690-5fe0-460b-bb93-3d6457db1763, 8505 
368593 d0b1f657-e655-4d79-a059-a8f33ff93724, 3919 
216431 8eb40ad2-4efa-4ef9-b537-274599ab9f38, 3919 
79887 c704fdda-70eb-491c-a5e3-328567a6802a, 3919 
9818 bc758913-cf5e-4f93-831a-e2e2c37294e9, 3919 
302671 bf609e2c-9df8-43af-8aa6-fd1137a217a5, 3919 
23451 55461ddd-6cd5-418c-a09e-1df15829438a, 3919 
156302 9051ca86-a900-4114-b9dc-3de2b8e39c2d, 3919 
136255 1801ea23-d218-4fab-bc99-349995b13831, 3919 
180499 a69e27c8-c424-43af-8ff1-0190901e6dac, 3919 
381995 6034cd5d-745d-4e31-bafd-def0767e31e3, 8505 
102058 6ae6af0c-1189-4cf9-ae4e-f545dfdf551a, 3919 
238964 ae25b3be-9f07-4e20-b034-842ad255ac13, 8505 
115488 154f75ef-a769-4a64-9d96-eddccddd9417, 3919 
49207 95e62e41-9673-4c50-a2c3-0fa2dc6e00ef, 3919 
149324 c574fe8a-0876-470d-b5e0-01632f85821a, 8505 
230422 c49ed4cf-5b15-48b2-b82f-fa03d31fcdb1, 8505 
376826 fb0aeb51-b5d5-44dc-b9f5-a38c1814b1c8, 3919 
188215 b2d77708-4db4-4e15-a5be-cd88832e3793, 3919 
81417 8fb00fd2-99bc-4574-8526-aad3980bb3c9, 8505 
41895 8988d91c-5f20-4d5f-a092-5288c8a500bb, 3919 
117275 65ceebfe-7d93-44f6-b98a-c2f83d256703, 8505 
335265 97b1f2ec-12ef-4938-be15-886608504e1a, 3919 
51502 5843be57-2007-457d-82e6-bd01837bcbb9, 3919 
189037 61ef9f5a-55f8-4cb2-9acd-8ed8e1365015, 3919 
344068 60d900d3-500d-4086-a602-b281ad5f1ec3, 3919 
182156 4e0aa72b-b80e-4b34-af33-e1122d8623dd, 3919 
98591 18d87381-2251-4f91-9d27-bb2677934b27, 3919 
319387 5c8d3e41-16de-443c-a0c2-613bfa2e4e79, 3919 
194238 82d1969f-3ce3-4642-8681-ee71b8bcbbf0, 8505 
282819 0e4b4f3c-dd5b-4553-874c-acc4c42df7c7, 3919 
321445 98986ccd-6c35-41bc-8dcf-1c1ba0a4969f, 3919 
269182 36b3d3bc-a6a4-4555-a255-165494636181, 3919 
183567 7ad2176a-3623-4ae5-9da8-8b247639c698, 3919 
79172 30adfac9-b5f6-46d9-a012-440201728534, 3919 
278469 9fd19090-c084-4477-ad4a-e811e236f3f9, 3919 
255869 ad533f15-cd80-43b8-a0fe-3eeba3834aad, 3919 
67350 d1e3ef88-7cce-4c42-8f22-ebab6729125d, 3919 
178199 79341fbc-d58e-4c9a-8641-f0c552797f64, 8505 
59370 4a3953e5-9fe0-4e55-bb76-8b348a9e2820, 3919 
196032 c9663b76-0cdb-43c3-8678-e47a8f29e9f6, 8505 
8047 a9bb3ccf-6f87-4aab-918b-65905221ea94, 3919 
20373 fcddc6e4-976c-4820-add3-b4cce8088470, 8505 
140933 bfc0f530-ce28-4b90-bb18-1117d37e9e13, 8505 
123713 1e8aec96-d195-419b-8c1d-1e30b4d908c0, 3919 
240340 5c4e23f2-cc38-4401-95ef-fa55ed1296de, 3919 
180828 1edb8fe9-fb12-4821-8354-3776f74e1dda, 3919 
91204 efa86e4c-364c-4d86-8ef4-1f98405358c2, 3919 
204827 b29f75e5-7275-47f5-ace8-1fd9758424dd, 8505 
15348 89cfacd1-1976-4de0-a578-5d423bb037b5, 3919 
293807 9c99d403-3b5a-4fe0-994a-c6e243556cc5, 8505 
203671 9bb4d39f-605a-44c8-986f-3ec1774b66f3, 3919 
107269 cac00cef-39a4-4f0f-8fca-6fd46e26a421, 8505 
105608 90417d6a-f918-4552-b9da-b8ad1426b274, 3919 
240685 418c3792-a18f-4e4c-b4ad-45493e3f01f1, 3919 
344247 c3c02ef3-af4a-4bbb-a918-3fc8345eadc5, 8505 
295413 7c5d471c-7076-4194-8dce-848a589505c0, 8505 
60723 4a0c085b-3e58-486b-a5b1-edf40648dee3, 8505 
180561 0b35be59-47ca-4dfe-a127-44cf5e472701, 3919 
287432 a9dcbc73-be7b-4756-a3ee-573319bfe26a, 3919 
177695 a33aefae-d158-4386-9aff-dc6dee2b5d95, 8505 
52520 6d35191e-36c4-41e2-acd9-492383a6a128, 3919 
139274 b06784de-e3f7-49c4-8610-3669c573fd22, 8505 
26617 ea5ccfed-024e-46d0-bc71-f9d9a62d7733, 3919 
115721 fd44d4d3-79cd-4a5f-a354-489269788ba6, 8505 
9794 f39e6f4a-c27a-49ef-80cf-ad51adcb852f, 8505 
282758 a09ae613-e8fa-4f00-a19a-ca952ecc595e, 3919 
28324 39b0b7e5-b309-4316-a0ac-804d56c61482, 3919 
361421 ccaab282-b0d6-4d7d-a25a-9e54368ae44c, 3919 
134665 54f3ae03-5436-46d6-a8a1-4fef62d489c7, 3919 
78898 1689bea7-6b91-4e1c-831f-dd806fc1ba5a, 3919 
54614 87ea7e3b-7a28-43e7-8a45-742cb341e624, 3919 
129068 5915a59a-9d33-449d-adc6-b0ffb6fc75f4, 3919 
260394 56b9352e-83a1-4dc1-acc1-ea07b6d652a0, 3919 
313512 fd0c7ac6-be44-4ee8-a479-7986c1041b1b, 3919 
139832 371666b8-7572-4f6f-9c07-7603daf880c1, 8505 
255445 20c0e217-512b-4fa7-9b4a-480e7c26b62c, 3919 
381069 6ba9f49d-6032-4626-8bf2-8cbfca743152, 8505 
197010 5c1cb4a7-24e1-4175-9ed0-a0114b1e0124, 3919 
351968 919c7020-b10b-4867-a416-9ddfbe33a7d2, 8505 
119451 ac5026ae-c81e-413d-b56a-8baeecfa5349, 8505 
17753 bb33e88e-2e90-4e2b-a02d-385cefdbe50a, 8505 
271162 5bd37808-bc5b-48b0-a64a-b01e7f5b28dd, 8505 
325574 1dfc3427-fef4-4c11-8554-747b588bbead, 3919 
276804 cf4a0ec8-cf11-4fef-8f45-5a9c0097a99b, 3919 
48287 33a7fb14-4802-41f8-88d8-196bb0362cc7, 8505 
86995 76a9a578-8a03-446d-9e87-68d4d7d0b539, 3919 
258103 dee63cbf-d4c7-4bf4-b75e-0a6a414c93bd, 8505 
256984 f6f5948c-2e26-4bbf-88b0-0f68d352f78d, 8505 
342373 dce91f24-3657-43ca-a6dc-56f4f56b73d3, 8505 
39691 d76b1db8-70e3-4ac7-a315-a911190c386d, 3919 
378939 8161beba-0fe1-415f-b0eb-ae8b00185422, 8505 
23570 bc36beec-55fd-40f3-bdc2-18b38a84ed64, 3919 
115827 77866795-d279-4e30-9fa6-da26a23a32e3, 3919 
255989 90926a6e-bda2-47da-a5e2-19743ff136fc, 8505 
39923 1b29607e-aad0-4989-b7b2-d2cc701cbda3, 3919 
218026 420231ff-4136-4107-aeaa-76bf08e642f9, 8505 
219741 a958a43f-02ff-4263-b5ab-80df7de84f6b, 8505 
25773 1d82f001-bf49-4192-ad75-9605bcc7f76a, 3919 
126235 e81e7158-3a8e-44d6-89b6-b7f4dbd2fc43, 3919 
220214 d3918b1e-fc6e-4904-964b-9a9d78e54034, 8505 
200061 5b3a6a34-1d54-4c46-b41f-545b0a7ab630, 3919 
84941 ee84b8b6-414f-4278-843c-3b54cb004112, 8505 
15107 43163afa-6e0a-4199-b363-e0ea6649d8bb, 8505 
240766 50ac9d97-432b-4511-b65a-1e1c6e81078f, 8505 
235883 9caffa76-12d9-49d1-a3c7-0cc85c269b41, 3919 
47187 facbeed8-b594-4908-b05c-f1b4421d40a6, 3919 
22535 d2adb5ec-e3b1-41b1-adf4-0c1697f38cea, 8505 
263777 a8d0a1b4-92c6-4334-a876-eec2572b030e, 3919 
311219 b0047927-34cf-47a0-91fb-7f3da315cdb4, 8505 
400022 70a0df0d-d589-4c7a-b205-3c0e5cdead00, 3919 
22187 5c9e30be-8cc3-4a3f-9fcd-bc96b49f1f4b, 3919 
391777 f1c2aa0a-eb72-40a9-9865-2c3b05f5f86c, 3919 
281981 4cfd9094-8428-467f-89a1-b96104cc9a76, 8505 
137242 292638a8-22ba-4385-b96b-9ff13fb3c9dc, 3919 
294004 eb36f488-48f9-4e0e-abba-fb7bfda54ea1, 3919 
21236 decf1de6-4d20-43e3-824c-a6c6174569a0, 3919 
233112 08cdc014-cbae-4acb-85d7-f5a6cd4eb96e, 3919 
36049 1ef980ce-3a34-4a3a-b579-c64122a4a554, 8505 
225603 58d5446b-0a86-4263-8775-5c79f32e869e, 8505 
11165 2674b8ae-419c-4e8d-9f73-50db932ce672, 3919 
326251 9eaca385-11a4-4061-8b91-ab0b5353ffa3, 3919 
142240 411e180f-9d61-493a-a449-15488078668f, 8505 
368744 3d4fa94d-658e-46b9-a54d-8fca9fac5e47, 3919 
188401 bbabce0c-0953-490a-b0f5-84497885fc69, 3919 
326072 d89c945a-af84-4f9b-94a3-afc53fec111a, 8505 
339245 410069b6-8c48-43b1-bf54-412e7349a25d, 3919 
72406 d4ac413a-b5c3-4585-8e94-eee3c69bacbb, 8505 
196763 ef7b6a0a-634e-42f4-872a-679772fc0c12, 3919 
202263 8082649e-3a0a-4841-b5c6-25c25ff9a3aa, 8505 
172800 5e0ca113-d514-419d-85cb-4b73959ce165, 3919 
193598 1ecc8b75-ec82-47b4-9f9a-f18e14c5f617, 3919 
336623 dc9f3b0c-aacc-4ac9-bf8f-662d9e105fe7, 3919 
118176 33fdac78-7a64-4aa9-937d-ba93dbb246d6, 3919 
398824 64167efc-ec89-4f5c-a27e-bab06a28531d, 3919 
104617 129f65e8-7f14-4fe7-86d6-89927449fbef, 3919 
374773 c36f4728-c365-48c1-837b-83eb6fce6590, 8505 
331251 6f383835-0c59-441d-8684-d02bfb2a6571, 8505 
171845 406d0b4a-96fe-4f19-a145-42285dd37bb5, 3919 
271996 e6f25e6c-22da-4085-a17d-a200c4b1bed5, 3919 
190205 322d0034-225b-4eb0-9082-42249babeb06, 8505 
356406 fd367216-70b5-429b-818e-38aa74e2cf6f, 3919 
311189 c8972363-8b1f-4ae6-a7fd-c17a0b46142f, 8505 
251977 fb245bdd-4dbd-479a-94c2-b7d219c24f2f, 8505 
281299 0cf7621f-c423-4c47-943e-394455efc113, 3919 
173159 288c8db2-b0be-4561-bf64-08a4f480c523, 3919 
188772 f1cd4cd7-05b8-40ff-a03f-b72f4c03fd01, 3919 
271206 46952d1e-87e2-45a8-8f78-319569b35438, 8505 
84501 f7809ff8-95aa-41c0-9f42-dcf60fc48427, 3919 
238000 0bd829bb-1855-4b5e-8577-c10c7e0678dc, 8505 
34451 fae36e36-37ce-4a30-9862-843fe2837800, 3919 
280054 91d32eec-e296-4b39-b57e-f415d5fd7dfd, 8505 
248609 a4b3f9ef-eaf8-48fe-8fab-b2b71b99cd59, 8505 
402701 f2fe4137-e3b5-47bc-90c2-4566b56c871f, 3919 
380413 c04b4a02-ce63-40bc-ab2b-6a02605abda8, 3919 
35314 0246d4d7-2350-4159-925a-05dca894f96d, 3919 
236694 c97e8ade-ac36-464d-a0cb-24ddf7927fab, 3919 
296468 0c5e3b0c-cf3f-43de-94a9-4e6590e98a81, 3919 
339275 18a4f6ae-f6b4-4bd5-bb3f-ced516896525, 3919 
11703 6ca55fdb-2a51-4ca2-b574-8e015cdb5474, 8505 
342961 bf557638-31e6-4833-8e24-f15b4ace86c8, 3919 
18311 d875f82f-edc1-4094-8567-d70b3215b4d9, 3919 
101210 94bb611a-d53e-43a5-9481-66abafe6bd13, 8505 
401342 3b6c1897-94f7-490a-b4df-accff8a9c8fd, 3919 
190856 432512b5-3fe7-4076-9b1c-16fbad13b1f5, 3919 
36369 49783fdb-f689-4487-bd2a-532b2f5728db, 8505 
77726 fedcf8d5-f5e1-4480-a7a6-a3efd137bca1, 8505 
345852 37735e83-a97d-4942-9e25-d01c9c995b15, 3919 
273810 7c9720ae-4a70-4ee6-a77e-7f299218ce20, 3919 
69659 e7c1bc0b-16d2-4945-975a-bb0c3adba1d1, 3919 
321141 64754e8f-0889-44e9-adb0-b7565edfee1b, 3919 
243567 4994aec9-d4ce-41f8-a2e5-a81934500566, 8505 
167362 8b9fdf60-14b1-44f6-90eb-80b7158852b4, 3919 
38488 d9b64faf-2b4c-47f3-8032-7913fa7470d5, 3919 
149505 36ce389e-0c81-4630-bc85-5589d2c315f3, 3919 
133275 ea88a481-61aa-4aaa-a6eb-cc32b57f8e3d, 3919 
55337 d1ee4781-dcd3-4f55-9343-476043b461e7, 8505 
186904 b0d11af6-97f7-4770-8435-cda36876f4d0, 8505 
66258 a78e3016-8a6a-4460-b665-a6a2b44a6c1d, 3919 
397131 f2bb8e4d-4580-4025-a941-d4c4ff45b3cb, 3919 
173960 d988bd0a-0c7a-422e-be94-a4ba121b394f, 8505 
12352 7f411bf7-f397-4695-9e62-9019cd40e70f, 3919 
203248 e0ce9317-267e-4e2d-9599-55658cf4294b, 8505 
90356 9aef7568-1c55-4104-8eb1-de6728d2e1cd, 8505 
196373 4cf6af72-1499-40e4-b571-e21efee3e0b4, 3919 
401441 2ce76ce5-75d5-4886-a7f4-7939ae62cdcc, 3919 
283891 9054baa8-9971-4d68-b152-c1330cb97213, 3919 
401025 3f7e7aa6-de1e-4ee6-a0ec-1015409a25dd, 3919 
56307 b632247a-bb39-456e-985c-dc5f4bfd9845, 3919 
230312 d7e7e30c-2457-4d2c-943f-df2a654562f4, 3919 
344163 62310de9-f61c-4f5b-8c74-b83979423c5b, 3919 
197156 e68e75ac-05a2-4e30-87d5-a89dacc8d733, 8505 
63581 b772169c-bd4b-40ac-8c6d-074c196120cf, 8505 
152810 b6505ae0-60f2-45a0-9038-57cfc3546a7d, 8505 
82107 dfc33bee-139e-4146-b0f4-7150839dc2db, 8505 
303656 0dd93d8d-d7fb-4a22-b901-0c38e9925742, 8505 
342107 d9cf6d0b-3c78-459a-861a-875db00cb38d, 3919 
48094 d5bdee71-2c85-4d5e-8161-cb137927bffd, 3919 
115986 ec9024bd-22bc-4a20-a9d5-13fa945518d3, 3919 
7851 a24a8728-fb9c-4577-856d-d71435998524, 3919 
41292 05e8379c-cd56-4b35-8632-96f0e0c13bf9, 8505 
389569 f91379c0-46b3-45d7-97a2-6cf39d32ebbe, 8505 
690 a9085792-98c1-4a8c-98d1-3423fdde9a3e, 8505 
5191 44a139b0-7713-43ef-8d3d-bb834b15572e, 3919 
392826 36b95973-00bf-460a-a63c-beb927649854, 3919 
397763 0c2ee57a-5028-407e-9de2-a6da0e9269b1, 3919 
138275 324911ce-1cb3-4b1c-b261-b2da018c02e1, 3919 
29819 1a489d52-ba0a-440b-9820-d0e98683c395, 3919 
106884 c9f0c518-15fb-4f57-99b7-5fef68c84ea5, 3919 
288160 7e40cccc-0bf1-4b95-b1ad-121657a16abb, 3919 
87479 bbb01fc1-8dd0-48ec-8428-6c05172bc9b2, 8505 
89460 e374f2f2-8151-499c-b7bf-b02f540a6e03, 8505 
7709 4bcb37a3-859c-4e60-8bdb-f386f3b03812, 3919 
68006 0ea5ee31-b999-4fd4-a749-ae2ec1a7d673, 3919 
383841 edc9a875-9e2a-4d76-8593-92232296a2bc, 3919 
168699 71af5ff6-a0ce-47b8-98ea-a1863b2fb2b4, 8505 
228201 579d8bed-8b81-485c-9c6a-6dd381942ca5, 3919 
106949 886059d8-4ac4-4335-9907-b6b73e68172d, 3919 
325087 91f2de4a-8063-4d4b-aff0-a6588b074057, 3919 
79599 1bec320e-e2a0-4edd-90bf-7bab28272319, 3919 
334063 080173f7-f85d-46db-ba37-927355ebb6a8, 3919 
314560 ff6d2d97-d6d5-436c-b119-60aabdffd1ae, 3919 
10609 08010afd-2d1d-4373-8bac-79f362cc437b, 3919 
357594 e58a195b-62c2-46f6-928f-4fa3668dc247, 8505 
312015 548e6035-670a-429f-9f90-e9054a29f357, 3919 
79629 46a2e0fc-afd4-4c03-b2d7-a20e2a2c6618, 3919 
38897 0bb1f07f-3bcf-4d49-ab2a-70675a9266a3, 3919 
394465 294f449b-6415-44d5-803b-c0e05dfc4967, 3919 
39031 19d96c72-32d1-4789-b70c-de129de0b5b9, 3919 
96026 da47777c-a773-4cc4-9d44-35c8e6be6485, 3919 
345962 6df12342-8d71-45fb-8650-ca44306d6415, 3919 
150877 049eb690-e80a-4996-a3a4-9c0653a231e3, 3919 
365851 ee08cf33-1d28-4c39-aa7c-cef0ee25cb2c, 8505 
396013 69a6d669-832b-4e50-92f4-c30b112e3742, 3919 
33886 065ff6fe-0945-48fb-ae91-b9e39cbe3759, 8505 
249528 8a3973b5-cff2-427d-81a7-d987cc9be845, 8505 
50357 4c048496-86aa-4e3f-9e57-a1dd2f04cdac, 8505 
333231 80667718-fb63-455b-b4bc-dfff61f0b20d, 3919 
94390 4ae2e4e4-b1b0-434a-98a3-9e154309d953, 8505 
336995 51c7ed24-8f81-431d-bba7-84ffff0e52d0, 3919 
266371 9a9096e6-51a3-4752-805a-c06d5ef15922, 3919 
235438 2a58c2a7-2703-416d-b24f-74096bb72305, 8505 
348500 422a537e-c99d-44bb-a352-8c3f80cc8d1b, 3919 
504 404813b7-26fe-4f7e-8bd9-6acfa03d9db1, 3919 
199102 19cbb25f-8d48-40a7-9411-bc2bdc2687ed, 3919 
107490 611d5c9f-00c7-4e0c-91f3-4122b2dcd4d3, 3919 
261453 3cd59295-0896-46a4-9995-44e8d8687904, 8505 
268435 b013ffc6-2790-452a-96c2-422447a7c57e, 3919 
136785 f497dc8e-7dea-40dc-aa2f-c5e0b8b16483, 8505 
72275 3c9e2077-9540-40bf-bd9d-ed62cb9acc09, 3919 
54135 5bb9dc87-d809-4ef9-bbbf-4b3d72f5c27b, 8505 
205061 4b1dcda2-0ac9-4304-adbe-4101acbcc353, 3919 
101097 91d66948-869d-49d1-9a02-59fa329da567, 8505 
212135 e6651073-3233-4cbd-90db-0337712e1a33, 8505 
2474 81b52ea6-732b-4bd6-8717-a5fa511b181d, 3919 
380529 99277a84-be4d-49be-ab25-304425379165, 3919 
198372 d05559e7-ac9a-495a-9b1e-68203e81358a, 3919 
96435 0a441744-77df-4b57-8671-f0ea91aa2b01, 3919 
182319 d7dbe2a2-e501-44d0-bbeb-b3d475e0b81d, 8505 
174795 1e9c6405-5e56-4b88-8523-b3c338d4eb6b, 8505 
144931 aedf0456-01a2-49c1-9a1d-8abb2fa65379, 3919 
44090 85144dff-6103-44e0-a930-0865c6f01e4b, 3919 
106620 5fa19ce4-22e3-422d-a244-3c50cfc4b049, 3919 
274589 e399cfb4-ba6c-46a1-8508-0bbc985b4087, 8505 
253843 fd9db9dd-894f-4aa2-87fe-2b046715e190, 3919 
335011 89d40c8b-c87f-4fb4-818b-6eb03426b41f, 3919 
90161 e8be6e6f-b95c-442e-8528-9822bd3c935b, 8505 
194168 0fa54420-8eb4-42e4-a2cc-1d7c7d0a66c9, 8505 
269807 07f7e8db-d6a3-479d-996b-8fa09d7eeb4e, 3919 
106476 f3379f34-f676-46f2-b4e5-d100497b7fad, 3919 
31930 f1b79752-3fcf-4b23-8711-3917f632ff52, 3919 
306457 6389ecfd-1497-49e1-b6dd-29345f95b792, 3919 
71811 97049749-a652-49fb-ad80-9cc1276349e3, 3919 
393579 f1431224-2748-413f-bb6c-6d11fe36844b, 3919 
119232 4aa5e030-7016-4c14-bfc6-ff12b42e0263, 3919 
134956 2daa1a2e-cd76-4a6a-adc6-f41d2f064d0f, 3919 
161167 10b1d9ae-dc43-4b9d-a078-7b11004e08fc, 8505 
236110 79294cd1-37d7-4333-872a-bca96fb6b04e, 8505 
389960 59614f6e-6605-48ef-b29c-b4c8cf2bcf01, 3919 
203769 4a8ab745-9cd6-44f8-8fb4-0f1b77b254d5, 8505 
189659 b5e9215d-68a9-4d58-b552-d8d84e11d20b, 3919 
396080 2ac650dd-5cb2-4419-b975-2d02959576bb, 3919 
212767 9ebbc8e4-5906-41bc-bb3b-99cc16bc3d86, 8505 
4294 8a833cae-ca4f-4500-a5a5-8f6513c1e004, 3919 
368886 21fe0726-6405-4a7e-952d-6f3bcf9f6c53, 8505 
147189 4deb3dea-cc6d-4c65-b432-9f13c681acb5, 3919 
392774 90eeb2ee-cfae-46de-ae41-2abde0106cd2, 8505 
145747 daf623ef-7f46-4714-9707-a34129193879, 3919 
41904 5cb72bd8-a49e-49fc-a658-62fb4109dae0, 3919 
386484 3a42de83-e647-43c3-9136-4eeb5e7ac71c, 3919 
244638 ad188355-23fa-4a3f-8bd1-c29a3b40580c, 3919 
106283 40b221eb-db94-4376-8ec0-7a39445001d9, 8505 
298754 ee856e4c-c6e7-4226-aad6-b435c31d0c23, 3919 
75620 bb8ade1f-7f55-40f3-95b6-78576d6385db, 3919 
65365 177469ae-d743-4a39-b3a4-a0a497d9e490, 8505 
105355 fa55fe87-4bfb-4684-9fce-5f416bc03ab8, 3919 
193806 407d9ded-1b77-4ee9-917f-9ffafe308e60, 3919 
280416 b3ceb616-ab30-4ab8-94f8-e8d3ba325292, 8505 
255697 e854a431-59ed-450d-8599-042432c698e8, 3919 
194938 0536f05f-6edd-4e25-b9be-15dc310f6978, 3919 
87694 c7c73c47-1e67-496d-9c20-637be7a865d1, 3919 
79537 5fc39f92-97f6-44bd-bb49-128ec469b5ec, 3919 
316689 ad2ea75b-480e-4d8b-8c96-800f6a5e0121, 3919 
316304 eb7874bd-b5a2-4fb5-8fc1-ec5fced07650, 8505 
214392 a02ba345-ea47-4f9f-854e-74c925a27a5d, 8505 
204127 4a500146-0bc4-47d0-a410-57354bf40182, 3919 
293794 3e6eef5b-e189-464b-9ba5-b8dea6bf927c, 8505 
158813 a72bcdb7-a512-4a84-86cd-f4f36c42561d, 3919 
187359 e97a25e0-f565-4a82-8529-9187d9749f6e, 3919 
288802 a4a6cae8-6c77-4593-be7e-6bb77e403cff, 8505 
334965 1510e77d-9cd6-40ff-8d25-ef39d71dddc8, 3919 
317395 c77a5d75-756b-44b3-91fc-4be85a04098a, 3919 
37497 4baab02a-d4a0-46b7-823d-4cab8a5ff142, 3919 
232239 45e190e6-8b7f-4907-b7b7-1b2f8dbec03c, 8505 
236013 a9c205f6-124f-4625-8c4a-8930ebc92c43, 8505 
267329 2e1bb157-13a2-43de-aad7-f7f1e9095eb4, 3919 
174051 d4f9f96d-f6d7-44c8-99b3-970f5f06a4c5, 8505 
189908 dbcf792e-0a14-43d3-baef-c20329705a08, 8505 
64187 8d263f14-13c7-4410-bd8e-d576787258e6, 3919 
232197 8952ce9e-e787-410a-8f8f-f8506a2437eb, 3919 
19631 d157eb41-4398-4397-a367-4180b41083e9, 8505 
291205 a8eccf2a-0b78-4b65-99fc-22c134731c99, 8505 
291917 38f8eb04-bc3c-40f9-974d-d7ed694f88e1, 8505 
62414 e5081d2e-5e5a-4a75-9b5a-4fae57026444, 3919 
254183 0dee48c8-626f-4b70-9213-33618093cc05, 3919 
183342 6a34fb00-96bb-4547-9ca3-a1aeeb6ed320, 3919 
77209 b59d479d-d7b9-4d17-9864-9c35718ba71b, 8505 
37270 7394e9eb-dcc8-41b5-b42b-395340ef64b9, 3919 
77125 17f60520-db8c-4ec7-b942-9d9ef483a81f, 3919 
98889 a1e24df9-11a6-4aa0-9fb4-66e8c4d1cc8d, 3919 
101919 44bc2eb3-7919-4bec-81c6-8a48db61a0ba, 8505 
122707 a6724a56-7118-407b-8eab-3d93a92af21a, 8505 
151511 13159fb7-29ca-42a1-a8b4-4b198308e37f, 8505 
34918 be9418b3-119c-4056-b17e-ed397d587906, 3919 
305832 6f85192d-f57f-40f4-a6d5-2786919230bd, 8505 
325903 b51eeb56-de3e-47aa-aded-6fa81c359706, 3919 
21286 98d57313-a9b6-4a16-a225-d9697992487a, 3919 
135428 b0ae39f1-7e4a-4c88-aa3f-31ebe701e826, 3919 
108169 3d61abbc-9c3d-4618-b622-29ad0f8c66cc, 3919 
388932 3f7aac06-eae6-4d4e-89fa-aa056f66d539, 3919 
64669 92606d95-e09f-4104-85f0-26f9f950226a, 3919 
369499 df8467e6-c766-44f7-8dd5-317b29ea74d0, 3919 
325608 39d260f6-a17c-40d6-ad52-486097649916, 8505 
317967 42062183-ce68-459e-a6c0-8b7a417967f1, 3919 
22304 c6d4b9c2-11c3-4d7d-b87a-959b32536042, 3919 
156608 488b6ae1-57f6-4170-8969-79b0dcf733c4, 8505 
47984 32f93c27-c1a1-4639-a71e-f0bc750a0951, 3919 
401586 5b49719d-ab36-44f5-878f-8b992f8af03c, 8505 
293892 58773200-8882-4969-8b40-c5a54f54e873, 8505 
329773 7da92cdc-016b-46eb-8a00-2fd216f3a56c, 3919 
111771 ff6c8cf2-804a-408a-94fb-f528967f7c56, 3919 
201458 772ac672-bb34-4088-9e9f-81aacf572544, 3919 
247391 19aca3fb-86cd-44e0-937a-abac87bc99ca, 3919 
193065 608b4fe6-1ae6-4e6c-8c23-0500d9736f0f, 3919 
260407 bd2b8808-8a52-4ff6-a35f-fb10f774691e, 3919 
311967 fc66bad2-ad12-41a4-974d-af78a22fb045, 3919 
238818 f802cd71-53f3-48c8-aaaf-335cba2066e2, 8505 
108018 95ceda8f-1f0b-4658-a405-1ec3f2b4f870, 3919 
310675 db4ab90b-6a15-4481-9ba8-b9bb84825d57, 8505 
219331 d8d7ea6d-e53b-4f1f-a640-02830d01fe2d, 3919 
258926 f4c7b136-cff7-4316-835f-15018d103024, 3919 
247147 bdc16924-8ab8-4d8f-8069-ccf95011c6ff, 3919 
195274 edb0bd10-4b49-4833-a05c-607c923a76ac, 3919 
296893 453e456f-5451-4655-880f-fd7e634349a9, 8505 
177482 c0ba8855-b76a-4fce-8d09-614c925025f6, 8505 
127634 34c65fc1-1420-4cc9-9abf-b028b5dfda81, 8505 
137009 d6c5f41c-6f16-4d85-a26d-b4acaf083a76, 8505 
264582 2867c590-59cb-4374-8ba2-c64d74d40ff4, 8505 
312634 f8c1584c-1c8e-4358-8909-4eb97a7d0d9e, 8505 
120848 baefd42c-e36e-4096-a262-7419610fbd60, 8505 
249285 31c2ac39-7df5-464d-9581-af6873ee7a46, 3919 
336350 5bfe25d9-76b1-45a1-bfa8-75680e113761, 8505 
107254 a734abc6-6a01-42c3-95ad-c129c0e0d407, 8505 
341691 b8bc8b42-8c8c-46c1-b62a-92c85a9ece9d, 3919 
136567 901797bb-3f44-4e4c-9fe5-da644a7ef012, 3919 
390987 838d2e60-fe17-4494-b19d-e836f5543b61, 8505 
277363 1714be91-fa3b-4924-95f6-cfd13f739394, 3919 
297934 3e02f12a-f90b-40e2-83bb-33d6cbe701b7, 8505 
185542 a00ecdc7-e859-4bf8-a6d4-1f9879561ed8, 3919 
79632 6d16d21f-cbff-4fe7-81a6-804099408843, 3919 
5971 2f689ef8-497d-49d0-9ed8-4bdce5f81ede, 8505 
305565 b9bef6aa-5fe0-41e3-a8b3-74a5b0c4841a, 3919 
148818 27afb9d1-d706-44ee-acdf-0cd39ca2bf7f, 3919 
263907 037695ae-710b-4a89-9a74-968037468e6d, 3919 
145519 7917f110-5e3a-4e7a-923e-4aa1cc581673, 8505 
147251 113dcd22-f74d-4d03-b254-d8fc115cad63, 8505 
119838 6713cb11-5284-4a79-8ad3-8d793f0d9c60, 3919 
214633 84229854-8535-49e2-8b84-3864b143e214, 3919 
301331 4a7c8398-acd9-467a-9b7e-af101758fb3c, 3919 
299712 11949c14-6989-489d-8b9f-23535c8eae31, 8505 
108133 ebd554f9-6365-4119-a63f-045fc7be434b, 3919 
388407 7df9f1b5-6349-4133-b298-85d091e5c6f5, 3919 
91142 68a1dfcf-878a-4c35-b451-be1b37befc5a, 3919 
101659 b90b02d3-169a-4a02-a860-a5ef1cba7211, 3919 
89998 c79072a1-4824-48f5-82d4-d65aa7f017bd, 8505 
290703 1acd7267-7a79-40a0-8342-a35d8887bd96, 3919 
49686 45fbd9bb-5ef0-4749-a66f-b59ca53cb7f1, 3919 
327848 352b3271-bed3-434b-9af8-35bb7dd32014, 3919 
349110 aa75f307-b7cc-4d55-ab36-acc3bc4191d5, 3919 
133345 cdc23ef1-0652-4478-a00d-1c2bb72942cd, 8505 
311270 6db891b6-65d0-4a94-8e11-8d73584b1abd, 8505 
164756 9c0d6f5f-be09-43f7-a341-addda8da783d, 8505 
400236 c479efdb-5e79-4d7d-bf78-3719d30c8f7d, 3919 
225186 96cdd591-cd86-4c8e-a9ea-a21e8e8afbb2, 3919 
335699 6f60b88f-341f-4f22-a026-807438f47a9b, 3919 
200865 c84adb3d-442e-4e7c-8ca8-6e83d86d0080, 8505 
120110 9ec8eb3e-ea88-4f4a-891d-01ac92c215aa, 3919 
197811 d4432b26-dad6-48fd-87b9-f9ba69db1bb9, 8505 
392656 82c6de12-81d6-4c91-82bf-329c9006575b, 3919 
74083 308df48a-f075-4749-8ced-575940b68cd8, 8505 
129954 88e7dd2b-810b-4507-b850-82e4c9188731, 3919 
315469 78da9bb5-7bb0-47f4-b405-5119383a8f96, 3919 
248100 841d2958-1060-4b4b-b6a9-b69dfa89cc8f, 8505 
15753 e99011c4-304a-457e-8796-070544776e11, 8505 
109444 674a5922-6bcd-405c-b15c-52d7d9096c3b, 3919 
189852 1188128a-d73b-4f42-88b4-fb4204490166, 3919 
230193 2b281eb3-3689-4aca-80d7-eb72f4bd3e29, 8505 
91748 5bacd5ab-a5ec-499c-9c28-c6dec607b5cd, 3919 
391354 ad6ee336-c926-4c45-af4a-4833a782b4e3, 3919 
80676 cdf31e50-d9a6-4deb-9c56-0ef44bb6febe, 8505 
263037 2bebbe2a-c353-49a2-a6a1-b658a942731e, 8505 
315476 7ff2e1e2-c9ca-4a78-8509-d133c64406ad, 3919 
346996 740a5713-8ff9-462e-b87b-ae823d92a0cd, 8505 
200573 67fbe9f6-754d-42b7-82dc-a9f140b2f0a0, 3919 
398752 3c9f1f8d-f75e-4030-b111-ac053a77ecb4, 3919 
181407 fb56ea95-e630-4c2c-bf22-23707c26176c, 3919 
243137 30fbbdde-d114-4bfe-b63a-5a1cdd91ab38, 8505 
392507 849873a5-ba1a-405f-aa44-68ef4af0c088, 8505 
113200 13d9c934-835f-4d45-a466-45e14faf2812, 8505 
322831 7e818399-754d-4a57-bc37-36cc959c52f6, 3919 
356617 72622968-abcc-4273-a13e-a03df0781363, 8505 
307907 3cc9c385-a34e-4c96-8d68-6a74216025d3, 3919 
348741 a0831ba7-8f77-45f7-9d6a-e1527d7b0abc, 3919 
131814 cd2e4a78-cbe7-4ac7-b3ef-d90b4a08470f, 3919 
316951 0fa97057-cdf2-4609-98cf-69720fa2808b, 8505 
174588 2cb38e31-9ee6-4774-8aa4-8b25376a4fe1, 8505 
182614 3e0a9eb5-bd32-4fce-8bb1-18e122fde7d7, 3919 
57348 ce31b615-1c1a-402e-95b3-5894fffd899e, 3919 
194919 c36fce35-84fd-4d45-882d-f5595e26ba56, 8505 
145261 47f0af8a-f5c1-47a9-8dc8-92c04b237f7b, 3919 
196448 6ae34686-026b-4796-90a8-28f76ba9bce2, 8505 
9659 b6daff21-4eec-444d-9c6a-3349d3af6a9b, 8505 
34987 d7b98d60-54be-4496-a008-f762a2b7756b, 8505 
7105 2f56725e-9834-471a-ab16-3b9fe226028a, 8505 
98999 cbb58289-26ce-4f82-9d4b-eae47a4dd2cc, 8505 
388131 62bbd707-9663-4b64-8302-a42a9d9cc313, 3919 
286405 2dfc6c37-6f39-431d-a0dd-2b13acbad145, 3919 
187714 8acfbcd4-81f5-485c-95d1-2f86c40450c6, 3919 
348743 a44ade3a-c45d-4bf1-a470-917560926ab0, 8505 
395564 94b5ac3e-ea98-4f27-8f3e-a1953317f782, 3919 
60672 e43adf95-727e-4f90-8735-40e5b32b7005, 3919 
403913 cb0fa3c3-9dca-428f-9b0b-4bb4c4213e4f, 3919 
257404 459f41bf-c314-4d28-b273-1b1c900d6912, 3919 
374946 84126b30-be5d-4676-8cd1-8e3e4ee28871, 8505 
257573 75414f7f-027e-44f2-9f0d-4a23e4bb2b61, 3919 
284703 a299271b-6a3f-4320-8dd4-841a41c710d5, 8505 
344441 489c8d83-c390-4fb8-9531-3c8c9adfc33f, 3919 
202765 6c5be761-5489-428b-8ef6-93c002ea963e, 3919 
72327 7ed35618-3842-4ddb-87b6-8bf7269404e6, 3919 
316458 3b4ea969-f82f-4408-a8a9-89e8981dedaa, 8505 
113981 96720e93-687e-4d19-bac4-028fb9e36b1e, 3919 
205659 e8ccee10-2d25-4465-94da-cafb48645cb5, 3919 
75355 103af49c-d63f-4c4f-a2b0-5ab1363f9caa, 8505 
330747 372f6c38-6f47-4d88-9301-3abb858a6044, 8505 
400324 1db5a097-b557-4ba1-b6fa-ba4d8862cafd, 8505 
225958 e49b73bd-626e-4e97-b0b0-10520a8bec32, 8505 
365642 43768e93-8d64-45f9-8192-3528d5488874, 3919 
340010 8d209205-20b4-410d-9f40-e9dabd161c9f, 3919 
310087 faa769fb-0919-4594-aa52-46fbda43316b, 3919 
271737 e33a0c57-6b8e-4403-8e7a-180c90ba5d72, 8505 
65061 6121a2d0-513a-4a00-abb2-d3b7511d6c92, 8505 
226751 d79396a5-05dc-4027-a9cf-21e5e29d65dd, 3919 
250356 77d6bbd1-c1c0-405f-a74a-d1e1fdd9034d, 3919 
104103 c2f502c7-a640-4fb4-b2ba-479cac63e000, 3919 
312254 7f3ae6bd-9da6-4279-ae59-14c428263f35, 8505 
373309 493bd3ef-1e63-41f9-9a8e-658eb7bd365b, 8505 
323215 b0592d53-246f-4342-9b33-583aec08f27b, 3919 
91811 25933bd3-7870-4a10-aa9c-7523c555123f, 3919 
246677 df31a7db-a5dc-4a82-82c6-468cb957dd49, 3919 
123534 7a742c6f-8584-455f-bb30-ff0ebea0395a, 3919 
193408 682dd0be-9469-4278-a212-03f2338100e5, 3919 
137453 1520ff67-5e0f-42d1-ad72-6fc463088cc9, 8505 
28990 ff5f94fa-85e0-4bd2-a593-67b98ce3eb66, 8505 
223083 d7c00cb1-30b7-49d9-a9f9-bd45bb769437, 3919 
92445 2a492068-c70a-4f47-9bc4-036cf3189c99, 3919 
279439 ddd7c10b-e847-4f64-84f8-b1a134dfe216, 8505 
386883 3e5f1345-579a-47c6-b899-f1b50ec46534, 3919 
240405 80ddabac-f021-4227-a22f-b0b9c8e120ae, 8505 
169077 44da084b-1144-4a99-a44f-f1124d2c24bb, 3919 
249832 a488e373-ab70-4578-b844-c95ac457be96, 3919 
315545 5cac18dd-0037-4ce0-8951-d642f481b3cd, 3919 
279879 7057fc32-782b-4ab0-8e62-e6a9d2ad3fdd, 3919 
192681 336b1090-bc51-4e43-a34f-d4cfac1f875b, 8505 
386426 a9eca644-0493-4ed0-8e84-8cce92ace305, 3919 
259412 d8775866-cb99-4965-8503-b5e361d459bd, 3919 
292359 4ff83812-d6b1-40cb-9745-bac649c030fc, 3919 
287018 d7d7e0ec-2514-4843-94e8-ead5396e6e24, 3919 
329882 e5b51cff-d23e-46b7-9176-dc60cc493eeb, 3919 
255817 8dd47d2d-22ec-4289-bb3a-4d9b5f74f1d1, 3919 
55289 d82b9615-3e43-44ed-98ec-56bafc9a6f34, 3919 
381454 6fd7c38e-1d77-4f64-944b-ae4c0d60060e, 8505 
188642 49d974ab-f481-425a-8961-823b3562f47f, 3919 
228154 410fe748-6905-4f2b-a123-1836d49445d7, 3919 
262202 96cea38e-eeb2-4148-b950-3ca7c9d42d05, 3919 
85146 79a8a073-b96e-4125-b951-736e43fdce95, 3919 
80220 31f8736c-fd21-4bb0-a004-506165adf7fa, 3919 
14772 03a9d2fc-5fd8-4e11-be4c-1c400c9982e4, 8505 
297944 d68b63b4-0438-4f09-a953-a43ca2a64441, 3919 
56880 fb89587d-cc60-4164-aab5-419a6ecf5432, 8505 
107190 4cea0935-7a9f-405d-ade5-9863bc53a444, 3919 
90901 31da42a7-e175-4a72-9a7d-e3e397669879, 8505 
189141 036a67fe-3004-48cc-9dce-cd3415b9abc7, 8505 
8585 b138df34-a806-4d75-848a-2b4d31ed5a3e, 8505 
316345 f997a09e-416a-4f00-a8c5-816643291ec9, 3919 
388538 9542ea5b-73cc-4916-8726-3f29733c27f5, 3919 
359872 017ed6fa-88b8-4c46-b4c6-00e2af026530, 3919 
220326 7db4d595-0cfd-457d-b9ad-a5563f501fdb, 8505 
283029 804612f5-34c5-4056-a43c-1d7c00773506, 8505 
122669 9eea2d5b-17dc-4bd9-9ea1-e387c796c1d4, 8505 
179318 692240e4-f023-4ce4-b995-26aeb62d4349, 3919 
320834 6acc45a8-c1af-4783-8a09-b571c973a8c6, 8505 
282669 1453ce34-4ff4-4272-8c30-eefe7388a6ff, 3919 
358822 47ed074f-db36-4aca-84e9-30effe4c4ccb, 3919 
254726 8f1ef673-61ea-4ba2-8500-1e780a036283, 8505 
185430 6f9a2bd2-b3d7-431e-977f-f4f340f07ca7, 3919 
164991 c8467645-fea6-4a5d-8d7f-ff038fc60eb1, 3919 
246926 ae526867-2eda-42b2-9ef6-b800b5edf09c, 8505 
6077 a4a616cd-7d91-4e8c-bda4-194124ea8136, 8505 
230555 3b1a065b-faa4-4b13-9283-754a7ea5100a, 3919 
238244 e7d27e04-574b-4996-a516-58b8a9a8aee8, 3919 
167630 c8c53be4-53db-4488-ab61-6c5aac9df334, 8505 
138198 cfb131ac-ae8e-4358-849c-f051958c8fb5, 3919 
251379 69375dcc-2b85-4b57-96a2-22a09caa694e, 3919 
66111 0d720b53-e163-4fa1-823f-e97d473b6cc2, 3919 
312551 e9885869-edab-47be-87b1-d79da8a1f81a, 3919 
48977 dbd945b5-f240-432e-8b7a-c9983637f926, 3919 
78942 71a5f682-93f4-4509-bbc5-e1c97bfa47c4, 3919 
214639 bb4a0669-afbf-4b11-a732-5e665b50c5f4, 8505 
198589 395f6118-1095-4183-b9b2-788ada55e842, 8505 
185881 c7aa8e5b-d183-4275-b624-e6f5e44fc6a4, 3919 
110631 6cd953d1-ab88-4e7b-be67-b39915ccc198, 3919 
77401 bb025664-f07a-49b1-8e6e-e0fffa9f223e, 8505 
73767 e2ab6c2c-b3a6-4f30-9482-bfa25e1b6638, 3919 
14859 078d6278-7d53-4703-9723-48f8e62270ad, 3919 
259977 1c891ba7-88c9-4785-9477-5db48a506d2b, 3919 
253818 146740f8-926d-4c6f-8e6e-ec419ce3eb0c, 8505 
222742 65685ade-b0aa-4117-88ab-40f7ed77ed7c, 3919 
177554 2413ea33-aa06-4fbd-aa2f-875e67132384, 8505 
356846 2659bb21-366a-4655-a6c6-516b8fdb6bc5, 3919 
127344 f7e11c48-a0e1-40d7-b0a7-81f835aa9212, 3919 
305812 23952c9c-b892-4efa-9132-df27b6aadae6, 3919 
181220 7152cd37-683e-4233-ab06-e0acaef72971, 3919 
54393 6b58089a-48eb-483e-9e4e-b752d087b003, 3919 
187544 5f9e1716-7428-4d9f-885f-61be2d858abd, 3919 
167764 42c67786-39ae-4cb6-9026-59296e33c932, 3919 
395120 96cdc7bc-d595-4b7f-a1e2-ed1a161966f9, 3919 
26763 99241f8f-b60e-422f-8b2d-d3f120d18609, 3919 
133807 3c26b4e9-5083-4f31-990f-f24ebad88a27, 8505 
306186 ea4c15df-c203-4004-a697-99adb10fe43c, 3919 
214039 075fc2e1-b45b-4457-a3be-aa0aa1bfb6b3, 8505 
359313 abee9423-09ff-4c98-8587-5cc0ccc19135, 3919 
57237 9ba71d1e-42c3-46f3-afaa-a15d01a139fa, 3919 
119722 04c5ead6-cb94-40f9-a440-a42e72fab6fd, 3919 
375696 5b44c452-44d7-42b5-b375-8331148a2d14, 3919 
30009 2391f907-ee90-4bf0-8850-74435a7bd219, 3919 
142703 550a44e9-2021-42d3-b57c-b6df42c492cf, 8505 
327625 c0ae2734-fddf-4d58-9304-13ad1a891201, 8505 
266708 832a0777-d352-4466-917f-10a017aa6c60, 3919 
2647 15c9a154-1f70-49cb-bd94-b5a3d39356ab, 3919 
206432 4d1c953b-1d82-435a-825c-99b180c5435e, 8505 
344529 dfb162cb-b01f-45a6-8af6-ae0175579372, 8505 
105414 80c45f3b-a03b-4607-bfbe-c60fa686df3a, 3919 
43378 a6f23a8e-29ef-46d2-84f6-ba7d9ad41e7c, 3919 
162032 a0e872d4-20d2-46a3-8bac-768bc65dbb5f, 3919 
7514 774bead4-6d57-44aa-8761-14005e7b6c93, 8505 
190532 b8f0d705-682a-4bc0-8781-9aee79db2bd4, 8505 
284257 28ac1f1a-fc08-47de-8368-e9efdb1c2f42, 8505 
7172 8bfd8c81-c07a-40dc-952a-b0965d3ab044, 3919 
143331 f87753ab-b243-40b1-bcd6-3791f7b7615a, 3919 
240341 46d63a9b-f6a4-4217-8f8c-954c618b5a1e, 3919 
98796 7e2046db-c396-4f41-b6f0-5aca36f47f1a, 3919 
153886 dab4b0ce-603c-4faa-a1cd-13f3263296b7, 8505 
23886 b5a6b6db-f9f2-4a11-a992-8d3632914498, 3919 
205995 4457b67e-d0cc-40fe-b3ae-e7e532e9cf4b, 8505 
173687 aaaede53-4c20-4197-ae6f-427bee0c4606, 3919 
235569 d1a4c806-46b2-4bfd-a6f8-8b5c158721ca, 8505 
136195 ef5a9804-eb14-4633-8122-12d969985fbe, 3919 
271608 51131dc7-1995-4f90-b6ba-02ead203a1f0, 3919 
23637 dacfdcdd-ca5d-4403-90b7-75006d6e7add, 8505 
105796 7a61a83a-75ed-41a5-8720-6cb084f32baa, 3919 
39117 6e64f983-394b-4c36-b676-090a80e9e260, 3919 
382761 4bfcb8ac-df09-4014-8834-e41ff0421c67, 3919 
125400 fbef03de-4302-45a4-b277-9ff4e68322e8, 3919 
249821 8e9902e0-6244-4057-b520-cabf0ec1cb37, 8505 
133746 df1c602d-0c31-407a-b622-0d63abb58952, 3919 
77607 d7497cb6-9ebf-4148-b40c-bd86100df2dc, 8505 
6597 cace11dc-e506-45b1-821d-23f0ec52a21d, 8505 
189730 f554d02a-4221-45de-bec2-c0fb93f0a8c5, 3919 
277740 fae6c79f-9821-4dec-9d54-f554bdda819e, 8505 
159015 9ab41f7e-336a-4470-8ce8-f51e8fc6bb8b, 8505 
198647 ff65f201-d1fc-4aea-8b24-9297ee25bdaf, 8505 
142273 b46d3268-cb12-4daf-a68a-7a242bb1a679, 3919 
63789 b9e5653b-c296-4f4d-acc9-03b8e1e19ace, 8505 
16209 b7b79559-fe81-410a-a5ec-f0ef88838129, 3919 
23529 48086ef4-ce70-4ebf-813b-504fb83724c8, 3919 
121683 a2bc988b-64e0-4008-86dd-fe8a9ee5b922, 3919 
47529 1eae93f9-b111-43bc-971f-9d93fd433237, 8505 
71654 be86d94f-3e3a-472b-a72d-02697708396f, 3919 
170075 a8c42b62-28c2-42b4-aeb7-5d1e494f2864, 3919 
163413 217cd19e-55a4-483c-a811-d771c69728a5, 3919 
59753 f2c1999f-603b-42bf-baa6-c8deb79b662c, 3919 
118877 1bbc029f-039e-41e1-a09f-8fd04f3579a7, 3919 
29117 97e3f090-f8d4-4764-9320-24e4c9d6183f, 3919 
401423 5c32c130-be79-4be0-a768-78a00e57ed53, 3919 
140378 123fcc56-b2c6-49f3-8a88-26226cc4f63c, 3919 
259131 d4352323-4c30-4786-89b6-c2be51c3c39a, 3919 
159624 9339bed2-d66d-4111-9aa3-dfc3500daa6a, 8505 
323556 cffe4fd7-1fa9-46e2-98a0-936371a658e6, 8505 
172149 bf02e65b-2731-4121-92a1-b40fda96940f, 3919 
78312 a36f2a2b-5eef-41d1-a1ba-76da2d10dbcd, 8505 
257028 f134f3fd-ce6e-4c8d-8f2a-8f9af17c7491, 3919 
283768 a5d035c8-3ba5-4b99-bdd2-b91249846799, 8505 
348377 8e0c84bb-c3c7-4a6e-8ddd-31479f842e6b, 8505 
395583 ee014b58-0382-4f71-b1f4-21962f192303, 3919 
103232 bb97c64f-f26d-40f1-b1bf-23e10ac6c474, 8505 
198507 d1220a30-2942-4c9e-b467-28efcd550c43, 3919 
205997 0d0f59bd-7492-4c5e-b68d-045b90cd50fe, 3919 
59069 9011eed3-6c06-46b4-8709-2047dad86288, 8505 
71357 2dc6bf86-8773-4ee9-9523-ac650c55144a, 3919 
43623 7001d3c8-92c0-4037-8f39-af9d15f413f8, 3919 
366030 2f014acb-572d-40fa-a0d9-12f457d46d6b, 8505 
265563 f8ffec3c-469b-4fcc-a3f7-aa56fffc9bf3, 8505 
125248 a9a906e5-3d00-420b-8941-74f1aeed2ffb, 8505 
170116 85bfc0d7-f802-40d8-9a51-b310525f71af, 8505 
80698 d5b0f31f-0c69-4c82-a9a8-4bef427f6748, 8505 
267897 58087d59-6a7f-4fc0-b6b7-2870b3b24d7b, 8505 
60730 ab6496d2-2a46-4f6b-bb38-e64a3b7c155e, 3919 
364419 2a6dbe23-39f7-49f1-8c49-729b7633c47c, 8505 
130267 4fefe9e8-c0ee-40ef-849d-52ffa7ac12c5, 8505 
101080 08c01395-14ac-484b-bd4f-52c13ce28114, 3919 
385945 2ec78e05-9f36-40f7-9a08-03ffab817507, 3919 
116897 d8fd22d2-0bed-4d98-82b1-c45ebab22d00, 8505 
389696 687af949-c5a8-44dd-a2e9-0f5981d04837, 3919 
43887 a7db4126-5743-4180-abfb-bab6e8e99770, 3919 
43134 aadb3625-e1c5-48b8-b1c6-50db362b5c2f, 8505 
200086 6b60ddee-43ce-4f54-aafb-f798e1e836b4, 3919 
260384 1081b927-de23-4f4f-ac3a-b2301ee007dd, 3919 
129499 2fabbff0-48b9-4574-95b9-71330cee50f4, 3919 
154209 ba57128c-7f04-4f79-8a94-5840fc0b19d7, 8505 
206006 09722408-3e5d-4ed0-8c3e-460159d3470f, 3919 
111284 48a3610e-ff77-454e-82aa-5d9e13affc04, 3919 
203 841fa065-5e46-44a1-9c91-9bc8b7a766a0, 8505 
110943 3fa60560-f428-442d-a7fb-56d3fec50626, 3919 
74197 009210f1-00fe-4c9b-ac1f-664645a93957, 3919 
298268 2ecb2062-ce28-451e-9703-97a6406ee0e6, 3919 
396331 cbcaaa21-0fbb-4f42-855c-0602f1f7e463, 8505 
34759 698c473e-08ca-4178-a70b-eb2c34ec2e35, 3919 
398085 846cfe25-46df-44b9-a2c6-3f6c2be8669f, 8505 
133235 b74eec9b-8467-42c3-9c1b-31d25dd0d42d, 3919 
170740 9c72b244-af4a-4c63-93b0-7be6b907d5ca, 3919 
180945 657a4f92-e7cb-41bc-b300-33a021c3e5bf, 3919 
353786 9af5e1df-46b0-465c-8348-eef08e1e1a35, 3919 
257483 3cee18ea-0920-43eb-9069-65fb5331a370, 3919 
127359 6b3dcf0e-290b-4c58-8045-9d82170d5efb, 3919 
256033 441f22a7-7ca4-48c8-8883-159be171fecf, 8505 
352361 a17c21c8-0368-4c89-ae65-d1d54bcc92b1, 3919 
386893 237b7f9a-fa8f-4f1b-8166-265eb025aef6, 8505 
198126 9641fd2a-097b-4684-aae2-80fa0924b942, 8505 
252871 90da255b-c028-4d47-98b9-270bb2f7eb2e, 3919 
34035 e4a2b14b-6638-4c4a-806c-a15796aa60d7, 3919 
72972 62e78076-1843-4a81-a54d-de210a4451a1, 3919 
241176 47e9aee8-21d7-4624-8b33-124f79ca9f51, 3919 
227359 9dda22f8-ceed-4347-9727-dc507a2b9246, 8505 
277962 ad18390a-0577-4b61-82b8-9f0441d81e24, 3919 
308253 4ab4549f-3e35-4eec-a994-538daf4b8377, 3919 
18309 685ed3ab-e9c0-4111-9a84-a70a70fd08a8, 8505 
231852 b475bd70-9694-4488-a9a8-eb6b17f7dc3d, 3919 
112126 9f301404-625b-4079-9467-0a85239297f7, 3919 
310690 89e29ec3-3ab4-4a56-bddd-8cef4582d502, 8505 
304483 7e40f68d-3c4d-4e65-89a9-a2f908885726, 8505 
3974 ced15756-e4bc-47e4-9dd5-bdb80a4772cd, 8505 
185706 0ad6c2b0-cd97-445a-babe-8c86064e30cd, 3919 
98917 1e79578a-d76b-4f44-99b4-62bf05f1480d, 3919 
114606 2474c905-b5db-41fd-b542-34ba25859c25, 3919 
46954 ffa463a5-b118-4778-9032-4d46984fd8f1, 3919 
802 3d2fbfc4-7d55-4f6d-b06f-18d364bb6ca1, 3919 
316911 cc9389fd-7c49-4b40-84e5-98dedf9aefbe, 3919 
195827 b3d2e141-a8a0-48eb-bc2a-9371fb22fd91, 3919 
83240 f381fc1e-c507-42f7-8e60-c0dbf56d98e4, 3919 
307937 d04ea40a-81b5-4a44-b298-9bcb08dd8051, 8505 
290589 dda92b32-0cb9-485f-8702-3dabb81234c2, 3919 
368974 be6c4a58-10e6-4c17-b68e-4ccae5834329, 8505 
216836 6a7b92e4-65a1-4d5f-a9ab-b622df19f961, 3919 
344558 1f76621c-0aa7-4aae-b9ad-b696ee26f294, 8505 
316413 ddd9cb00-d492-4041-ac50-d72bd289c74f, 8505 
202963 5fa49797-c87f-4c4d-98c1-7c279060a52e, 3919 
383820 013760a3-1f2a-49a7-a0e2-2cf7d575e77c, 3919 
400765 356dc79e-0202-41a5-8d57-7ce3bcbe4ece, 3919 
354620 7f3078a2-50da-46e3-926d-c77f5a9047e2, 8505 
154980 68dcabd0-b3da-4068-b42f-3d16f862920d, 8505 
109545 8b086ca7-6b63-41bb-b249-fba7704aeb18, 3919 
243804 aeb674cd-1997-4a89-9ab6-bda7a651aa01, 3919 
384055 f33c86bd-b771-4011-87d5-d0bf9d7a042c, 8505 
378277 888798a0-3c78-4ce2-82f5-4a1f552bcb6d, 8505 
136202 5c67cdb2-4a3e-402c-b52b-2b8f47ac647d, 8505 
180563 1dec194e-d4e8-476f-a235-e7fd2222b9e7, 3919 
144545 e57a2a9f-8bb8-47b7-8089-be41f1b1a9ea, 3919 
45970 f1af646c-2475-4551-a3a8-ce34a0dddd7e, 3919 
150314 00dabbc1-1932-4f9f-a555-9e372f2bf815, 3919 
118853 98e17db5-1a4d-4d16-b5e2-da6bbe706072, 3919 
365303 6576a19f-75e6-49fb-9893-8b825d155f19, 8505 
90739 3d602346-f977-4c0e-9870-e8421863c8a5, 3919 
50815 d4c4ec54-01c6-4887-8b1c-2be18855cbf1, 3919 
21285 63809da7-5758-4282-aa6b-33d3157bfce3, 3919 
157848 91123107-6c67-45eb-9ed5-892b92728a38, 3919 
346069 b2103edb-5b5b-47ea-97a0-b4e4fc9454d6, 3919 
169159 2d3cf967-0469-4984-bb6e-3356fa53105e, 3919 
110735 3b91650a-a293-4ca0-acaf-a71984d2f786, 3919 
214652 60684548-a895-4942-8491-2eba139ee158, 3919 
127364 7197e471-93df-470e-999f-391054651977, 3919 
166074 56485a80-1189-4da9-8666-cd142dc46b58, 8505 
143818 bd810dd0-ddd5-4936-8080-0baaac9429a1, 3919 
165366 f8dc5dd6-bae7-408b-91eb-282d875f0fd8, 3919 
296782 19d56015-30fb-4a9b-847a-140ccfd23080, 3919 
54320 42ad7ff0-aaa1-412a-a297-2c4cceb2ee7a, 3919 
344254 24eb73b7-3512-4987-b071-4efb3032209a, 3919 
73197 c60fc1a6-6382-424b-ba18-64e4e494c446, 8505 
111875 27091c46-8824-4bb7-b45e-d7e02a11c445, 3919 
310738 85f5ce99-55e0-4cc3-b1cb-0bf4a48a4bde, 3919 
234394 b14141d5-659b-4372-ad9f-87623f509286, 3919 
256961 72ddb86c-d6ca-493f-9905-4d808924432f, 3919 
48065 7a3dcb8b-fb94-4f14-b327-f4588eabccd3, 3919 
248204 30188c8d-617d-44c8-9f96-8e5aa8e2f278, 3919 
72489 eded9a41-8cc1-44b8-8cf9-0c24e96d07d1, 3919 
61348 c84ee673-2ec2-42cc-bdd9-edaa7e79e7ae, 8505 
205291 34532a14-2145-4bb3-ae59-05c5139934dc, 3919 
328818 b3851f17-1594-4428-b0c9-f923fa7adeb1, 8505 
113144 fb871936-502e-4a23-a9f3-47af50884313, 3919 
330387 68db1a4e-a4e6-48ba-8e1f-1f89f0570372, 8505 
316061 5f402e7c-3e9d-4355-b3d6-39c9702dab87, 8505 
170509 935ae4b5-a22b-4b3a-a14e-828ee24415c8, 8505 
39286 7f4e1e11-652f-494e-a803-7a9d716d11c8, 8505 
10622 5c12a9fe-b67f-4fcc-bea6-7744b2067789, 3919 
180624 b47f62de-6fde-4924-b4fe-ce5770c2934d, 3919 
387100 58a4a928-b389-4ec8-b229-60b6ac59d454, 8505 
232878 6e416f64-9b97-496b-99a1-ac9320cf70b8, 8505 
334179 de6f377f-2a5e-40c0-9e34-d52a972f809b, 8505 
277448 8f1ab32a-05ea-4348-9c2b-36fc88d1d974, 3919 
385992 eb82cd2e-ede2-4bc5-937e-b7c440e71848, 3919 
198273 21385d53-983d-4f64-b391-394a88a06c5f, 8505 
158485 7d52739b-6611-427d-9e9c-47467140ceec, 3919 
76381 785b5c04-de34-4df7-b5e0-d8a8365010ac, 8505 
387312 556677e6-4dec-43e9-bbb8-727aeeb73a75, 3919 
105865 e14176f7-196f-492f-9770-20aa168451b1, 3919 
306338 a16a118a-98d7-49a9-8f8c-1ae90ea4d6c6, 3919 
369844 189bcf82-1b57-453e-9190-6055017d1bae, 3919 
361140 71f7a258-0d8a-4278-a2ce-0b298bac5899, 3919 
91166 eb8ee10e-0682-4903-9780-f4dd001fc6e6, 8505 
393461 b830a52c-d821-4b25-8b44-d4620d51d8ec, 8505 
34292 4df4c5a3-7d05-4d71-9d8a-f3775d1ecd99, 3919 
70818 bba5f691-9bd5-4451-96fd-3ebea9482780, 3919 
225580 f68c6e88-e0da-4f8c-8010-8c497141b0fe, 3919 
240420 41d6eff3-357d-428c-907b-e789118f4e76, 3919 
137891 55420b35-2f01-4959-ae83-6ab4200ba4cb, 3919 
397746 cd88bea2-cf4d-4971-b388-78c01659e072, 3919 
244474 b7fd992a-5807-4ba9-949f-94038174b5bb, 3919 
69768 ed3f1441-105a-4cac-bea5-ed2a4f9437a0, 8505 
23846 189a6728-7516-4be6-b164-2bcc18abfe4c, 3919 
350474 f9863d57-11fe-4f63-b9e7-dd5773da2ece, 8505 
254284 bbd2236d-5dce-4869-a228-5058b79bb458, 8505 
91539 e08bbff6-7bd2-4d81-9ce2-688fa1e40647, 8505 
343231 9c8f4a49-4e67-4741-8f5e-a0a913344e74, 3919 
321492 28a20046-022c-49b0-b123-78ec8933a787, 3919 
6523 2cf64814-95b6-4ec8-97f5-ef1f2d2f1a78, 8505 
392863 f4be2365-0b51-47eb-9451-a8a55797e03b, 8505 
337616 45604a7d-28a7-45cd-a1e2-2bd22015a4b2, 8505 
253389 41455cc1-6d55-4847-a449-e3fe3fa61bdb, 8505 
337722 20a74447-db71-45cf-bde4-8dc9b5071ac8, 3919 
51214 8fd49af7-b55e-4382-af32-6857311eebd3, 8505 
119028 29078e33-b691-40fc-8130-b4b3acb7835c, 3919 
268481 600d3333-5a61-4253-868f-ccd3bc627096, 8505 
321662 10ca5a77-e27e-45fb-8ff5-81f16a0662bd, 8505 
205510 21ba9fab-9bb0-4d7a-8094-3851ad2afca8, 3919 
388747 b3de4f9f-d7d3-463f-951b-c68b1e6f37dc, 8505 
14078 b1deeea0-76da-4590-b53c-0bfd83ba7d3e, 3919 
362848 27097161-9ecd-43b4-ba23-a87d7f1c09d7, 8505 
203330 74fe8e50-0c6a-4173-ab01-26115747a1f0, 3919 
73851 bb9d1a82-977c-4986-8899-bf0ee171b32f, 3919 
197321 d2086e3c-4e14-4f9c-9398-3e6ab2fb61b5, 3919 
25853 e24e97cc-47e8-4892-a69b-80ba457d0b09, 3919 
299369 41d82ca2-6c37-49c3-bd3d-22532c1f106e, 3919 
352637 55747ae4-56ad-4cdb-b25b-3037024750de, 3919 
231934 414046db-356c-4607-81be-d749f0dd91cc, 3919 
366777 6b2f316b-5c7e-4546-ba69-e7366d9bb2af, 3919 
134662 5f815a8e-4697-4090-8195-0c8724efe726, 8505 
1951 a305e5b0-1d45-4fbb-8507-2d79d6e52388, 8505 
151847 9a56fed2-1a76-4506-8cbf-beb24c285948, 3919 
211956 aecdc6a1-cba4-4acf-b698-537bcb2dc9f6, 3919 
313619 f1c4f696-6969-4a3a-8dd9-9d58ada5c106, 8505 
22517 8924239e-be53-462e-870e-4d06360727b8, 3919 
192493 7f95655d-d3f4-4a3f-b152-08b56a5bbe14, 8505 
156509 afa951ad-8919-4ac1-b6f5-d25bd16ae298, 3919 
221364 697c957d-eea9-4726-b04a-58add17ab34e, 3919 
65023 6e91a997-e7bf-4095-9c2a-3b6fa52563d4, 8505 
89770 355cf41e-de7d-4a48-968c-b4d06a8f989c, 3919 
113255 c5bc87d7-1ea8-40f2-93ce-677b1fc306d9, 3919 
151544 df991bd1-66c3-4d86-adc6-cb6fc824a73b, 8505 
227343 9db2fd7c-7cfb-4d11-82fa-c6913fa14e1a, 3919 
228943 6e33900a-562f-4815-b027-1339983d6781, 3919 
304958 7f34b1d8-8d74-43bc-be34-8e68e505c0d7, 8505 
41175 9a9afb33-f92d-4bf5-aaf4-beab9e0893df, 3919 
124830 8f934343-bbfb-4d6f-b92d-34b0b9f7101a, 3919 
46109 f2740f00-1a2c-486e-8223-d77ef0cadf29, 8505 
16642 bb6d1ad3-e236-4897-90f9-36501b6e04a2, 8505 
144024 d2d1c094-2934-4673-b3f2-7cff157d7ab2, 3919 
207408 cccbbec3-7b8e-4ede-84e3-a87370dea239, 8505 
267908 56f991e2-8daa-40ad-b78c-88b7fc08a294, 3919 
350888 b83bda6f-a4ad-46b6-a49c-0289978d169e, 8505 
149675 f81f0bc1-04e4-4e3c-8c4d-49393b700903, 8505 
7698 a5ac55c9-2102-473b-bb4b-5dbb95eb52e6, 3919 
340172 e5657e9e-a05a-478e-b348-eff2687dae8d, 3919 
238415 1a6f67a0-006b-4f55-ad4c-cb788f39dbf4, 8505 
218889 a3b2d37a-b0fc-470a-ab40-23b5646d8fc8, 3919 
364263 1ad2a27b-0eb0-4a49-b6c9-a16d0852bf44, 3919 
255006 f2511a9a-e9a4-4b1f-a86d-a988d3bca91f, 3919 
240363 aab55814-9085-4107-b0e7-30b434ddc3a3, 3919 
268622 ca7ae278-f745-4e01-870e-ed3ce18dc7fe, 8505 
376106 c0fa7e33-5d3b-4e6d-8845-3838ec437425, 8505 
192365 3d368754-4742-451c-ae13-13726d3c1811, 8505 
209029 6cb462da-5b44-4727-81b5-31a9c66dbf3e, 3919 
348626 9a653db2-47b4-443c-b4b0-73f484348b66, 3919 
327023 f8590956-7733-48f3-b500-2f7c6a2e7bfc, 8505 
164025 7ce68d3a-96b4-4f8d-9eab-eeb63e66b6b9, 8505 
375053 c4678898-21da-4dd2-8279-b0e08619e334, 8505 
397455 99bad27a-a6fe-4879-a6a9-9247b10f2227, 3919 
54821 9ad11a49-1b03-4c0d-8e4e-7f32e46e0e38, 3919 
155208 94a1d06a-8e6c-4c24-88ed-87b64c11e365, 8505 
324292 1a7a019e-b542-48ed-8d06-38efadd01b5b, 8505 
49145 28562eae-365c-49f3-9e2d-737cb5485a6c, 8505 
335336 832f7ea1-646f-49b8-9201-0840439e8869, 3919 
191034 b9cacb39-aa01-4559-a98c-c408036bb181, 8505 
285778 3c3e2809-97c7-4564-9509-fa15d001b016, 3919 
356369 186b3725-ecb5-4ec9-8dd2-2aa3cd7c0d5f, 8505 
203644 624be74d-3cce-49f5-af12-0580a35878f9, 3919 
194585 192c290d-3b94-467b-a837-89aa171d8a47, 8505 
177098 c8ae19e6-6ea7-4ea1-8519-dc7c29802b18, 8505 
172934 27945f7f-d26d-4480-9c5e-06fe787ccd96, 8505 
60696 5997d04c-3d97-4c7b-ad63-e11a940bf868, 8505 
45548 27d3cbcf-25d7-4130-86ea-c0c594a8501f, 3919 
401759 a410d3d4-e9b9-4aec-810a-c15c18c4636c, 3919 
310560 63ef6ff5-d1a1-4bc7-8fba-2e230482fab3, 3919 
49363 b5cd2a75-13a0-4b77-a11e-4bfedfcc4aa7, 8505 
247289 30f538fd-96c1-4ac4-acd7-74052afae6ab, 3919 
391682 9cc23b93-6b2e-440f-ada7-25f0bb091a08, 3919 
141880 f0179fd9-b893-4ccd-9fcb-5970a5568a7a, 8505 
87194 43730681-57df-4a1a-b748-ca3ef0d2d95c, 8505 
250920 a07c72a4-a46c-4a29-8d69-23073e479aba, 8505 
139652 7d7b7733-8028-4cc9-8e7b-174c73b583e8, 3919 
95791 245b1c53-4c67-43d5-9aa6-9b23a0cc9c8c, 3919 
259512 6bf6dae2-b588-47b9-891f-3efc1ec68fda, 8505 
199316 ecd5cbe1-2a4c-4d41-b763-3ab1633ea258, 3919 
74449 299e5427-cea2-4ee4-8a4c-df43072198bc, 8505 
386022 c150d18a-4418-460c-9b5a-f2d2de9876a7, 3919 
226765 affd5393-6e4c-499b-b422-aad28ba2f008, 8505 
188905 0bcd85da-5736-4e06-9da6-602169b74b58, 3919 
128807 1b87c808-5ab2-45c8-a679-719856b1d696, 8505 
252176 ddcf6cd3-6736-43a9-b4b3-aa71da1ca03c, 3919 
180773 de2a5d26-f3f8-482d-b42a-cae0703f4cd7, 8505 
119290 cc556045-0085-409d-aac3-353984eaf748, 8505 
183942 431414f3-0007-4354-ba26-3c80d16ba91b, 3919 
285818 3767c2b3-e7f7-4288-a9cd-9865ac453b9b, 3919 
1633 04471f89-b3d1-470e-b542-175a57043904, 8505 
357067 b39a462c-ef99-4fc9-a504-9d0745f29ec4, 3919 
256246 e89e2ca1-41ab-43a6-8957-ea37fcf22b26, 8505 
10245 cd85c7ae-0b71-4488-b8ed-ede543986fcb, 3919 
170504 e7a875a6-ea3f-41ae-8409-158b8f32b2cd, 8505 
175662 85e078b0-73d8-4267-ac29-2e817b9f2c99, 3919 
296714 a2b1c6b0-232f-45af-afc9-9bb742320f91, 8505 
352752 eb364961-c342-45b7-b755-7bbc95fe890a, 3919 
49555 250671c7-432f-4156-9749-8718e4f57694, 3919 
55317 75f40525-61ff-4b5d-a7b3-5ba718349de0, 3919 
159839 93536835-7fcc-46cd-889d-b0d5250dfd46, 3919 
271985 ea25ed92-e0d6-447f-a326-9074a7d2652c, 3919 
193334 51df7509-9b44-4ba9-ac50-e37946f6abad, 3919 
360683 3580e1f8-1d53-4cf7-8024-861e67efbcd2, 8505 
17900 6e7d560e-a592-4823-bc97-361c648b0a5a, 3919 
231597 03e9ffc8-5fe1-46a7-ad64-5da446e672e4, 3919 
139565 9f8534c7-451e-4e2c-a73e-2e6dc61cfa23, 8505 
234767 d3f511ab-6c9b-4edd-b68d-1c519ad64f4f, 3919 
383962 164982c1-91fd-4669-8411-f52a76c44120, 3919 
323331 1c189926-5840-4fae-b3fc-4c9218b66ccf, 3919 
20128 7053c5c2-19e1-4b1f-b041-c36c584df363, 3919 
44618 0f6d7eaf-8556-4ed4-ab33-70ea54345548, 8505 
374587 0e8416d6-9c1d-4b8a-954c-f3bb3c0595ef, 8505 
6246 99235484-7da6-4b06-8c2c-49a4a6258881, 3919 
125580 c5c7cc9f-7fce-43b8-b7be-a056a0671cbb, 8505 
53520 e8f56ffe-0635-4e94-a8fb-fb781160d8b3, 3919 
271138 e64b3361-3382-49d9-8e7f-f74895373321, 3919 
221510 c6ad8e4a-fe1a-4c26-8115-d818f64b3ab1, 3919 
366835 82ecaa2b-0d37-40b5-97bb-e88626388794, 3919 
360275 2e6ba82e-1e5d-41fe-bd0b-69f108405217, 3919 
82004 6ad6cab6-1673-413b-aef6-5f1a196c1859, 3919 
316763 9a2f531c-06af-4f00-b122-c581ebb84263, 3919 
60757 e9827f1f-77ab-4635-830a-d02f6678d16c, 8505 
231596 75be6fc2-335b-4268-be77-1be3875b161b, 8505 
236866 81abd360-94eb-42bc-8673-e7202563fac0, 8505 
166646 4c817978-67a5-4aa0-8e5b-982349912dcd, 8505 
181411 c342804f-774e-4c24-aa04-ef745325f9cd, 8505 
96813 7d79516f-9c87-4e84-b6fe-4ebb670f010f, 8505 
37179 7d8c26de-4184-4fb6-a65a-3dc03ca99e38, 8505 
272570 6d5ac334-224b-4732-964d-cab99a477bbd, 3919 
382774 98e7d5ac-efd4-4d94-bb88-1c9fce49be5a, 8505 
134655 67c4b11a-327c-4251-9b60-2273f53b7070, 8505 
128777 77bf7ef1-85d3-4f58-b2ab-3bb45c62ede0, 3919 
256643 0a158c8b-5975-4199-80a7-e654d5bec96c, 3919 
170919 389c559c-1b7e-4ba1-b12b-92ab3842d508, 8505 
62195 42b9767a-28c7-46ef-af0d-e6666c994e56, 8505 
79641 a30f870d-42cf-4b76-b751-17bd355280e7, 8505 
51806 e7ba52d8-8ad5-4961-974f-168d039a1e27, 8505 
391253 c5b9b6cd-2909-41e2-94b9-c33ed90b1c4c, 8505 
105102 00c8d6a1-2ea6-49a0-80e0-260166d098ea, 8505 
254718 cebfcb6a-7b44-4eae-803a-0b7f78aa7795, 3919 
118578 4d3bbfd5-bb37-4ca2-b718-b7d3bdbc1a02, 3919 
381488 41b76524-c5ca-4478-a2a1-49bdc0fee2d6, 3919 
223439 56387a85-95ed-42a3-aa11-2699bd85d30d, 3919 
236656 549cf644-a5aa-4324-af67-19470ec927e3, 3919 
227573 12fc4b29-718d-45c4-b72b-3cb837e32c23, 3919 
240426 47837551-e004-49cf-a7c7-8f61552d847c, 8505 
267851 4701d1b4-5ff1-43c2-a02c-66c4b256b228, 8505 
229240 d7859f50-3c94-4a47-aba7-00716e538c75, 3919 
85857 b70b7305-47bd-404b-b206-c56c54e99718, 8505 
323327 46a7b295-a188-4d6b-b8d5-ea58916868ad, 3919 
180789 598951a5-2bff-4c4f-abbf-13e18d21e5e4, 8505 
104121 6bde0449-12cc-45cc-9a8e-e2b53d8dcdbd, 3919 
259786 4461ca7b-04f9-4e6b-a131-3220125366c2, 3919 
97543 4f5e5873-b8c5-47e6-87c1-3b8160c68f89, 8505 
76889 cd284612-ee8d-4d0e-b21d-082a7ce82e1e, 8505 
305325 44ed42bf-dee9-43c8-b432-5033761569d3, 8505 
322695 64ee2cab-2a23-4e7c-ae79-840e5b099103, 3919 
209989 9b29817c-dbac-4d8e-98b9-3cd0e211a2e9, 3919 
63439 207885a4-c21e-462d-a804-e3ab25bcf5bd, 8505 
273327 6ffcb4e9-17ee-4603-868b-e6e11f4734e4, 3919 
61847 f52e4eec-2128-4617-9671-4c470e33459c, 3919 
114361 51855c35-287f-4735-952b-fdd47a35398c, 8505 
2900 17449ada-86b5-4070-a2e6-c73b80b2ed05, 3919 
282151 38c2052b-6bc0-4f6f-bb64-ba7f16c3a086, 3919 
277894 6f4c2e17-019d-4aa1-8746-fc1b75981132, 3919 
289503 36d68618-998c-4e21-8ad2-b6517e960bdf, 3919 
134410 fb75ef03-29b6-4842-bd12-ff38167b0d37, 8505 
150976 c78af05b-b436-4b27-bdde-32669471c1df, 3919 
314736 95d5f24f-a21c-4602-bc1f-e8eff1a2e5a0, 3919 
224978 ef13c34c-b56b-4246-880b-f18951a2584d, 8505 
394627 96e0531d-fa0a-4af9-b439-6ca0dbfb918d, 3919 
199540 0a3fab47-fd67-42da-84b7-573da9df728c, 3919 
251272 20f7ab3c-b3d2-4496-b77e-baf531717ac5, 8505 
397789 ca287e9a-9bf9-4263-8e66-dfc3198138f4, 3919 
312488 3767b93f-d61a-4a8c-9950-f63b0148256c, 3919 
95058 95f268d0-2c8d-47b1-a23e-98d4a496d6d3, 3919 
10677 0730377f-4b18-48ac-84a0-96a16051e969, 3919 
5584 0901383d-9b76-4322-9bb0-228e41454d20, 3919 
204716 28d24fea-a203-40ab-b165-71903e7fe970, 8505 
16699 67ee2691-b893-47c4-a6d4-77b0da984d25, 3919 
179539 53b3feed-dcad-4255-acd6-a9965532c7ec, 3919 
240001 ed65f953-372b-491f-a811-8c8748e17a9b, 8505 
160735 8fad899f-42f0-4a13-a4a9-de11157f2728, 8505 
290007 ecbe883b-b975-49f1-9b99-40683f3f1a79, 3919 
32022 4c77eb52-8390-4b45-9fa9-1e01c3daa977, 3919 
251249 06a2a72c-388f-413d-a89b-aa9ca263414b, 3919 
97018 d2aed5ca-81ac-4329-bd92-97054bac5d89, 3919 
63413 30dcfc33-50f8-4714-a50e-ab210b13d995, 3919 
341253 914c2cbf-b42a-4f2c-80b0-275fb3bc89a1, 8505 
290198 fec4affe-0624-42e4-be3e-83fd4adccd66, 8505 
358140 0c1e632e-03e8-485a-b237-72752201e670, 3919 
1753 ff669a86-3ebf-4f75-b292-ecc8826a828a, 8505 
376648 1581cf43-230b-4b93-9efe-71c6dd39f7fb, 3919 
226165 54d0a298-83d6-4193-8272-ed2f7cb0bee2, 3919 
229159 6c41f932-d6db-4bfd-83da-dc21da6794a0, 8505 
186945 96c20761-5c9a-403e-a115-6a8d68651aeb, 8505 
336993 49206399-fb23-46b8-9bc2-21b9ca0f08b6, 3919 
301737 396c9fed-b2c8-4a90-9ede-5ce2e2b77c96, 3919 
168368 5e68e1a2-c09d-4982-9108-c5fb276a139a, 3919 
252985 bbcb790b-6bdb-4c9b-8364-99f588c86941, 3919 
189346 c9139407-d684-45be-957f-e5b17a990de7, 8505 
175050 3ae6cfb1-a9eb-4b87-a55f-34c9f68b9841, 8505 
53276 6d6e7c49-9544-4a58-851e-35d45ff25058, 3919 
49241 fd13e69f-f2a8-4f9b-aa01-3229a4d7f55f, 3919 
42214 000b9795-90bd-496f-a27c-67902c29107f, 3919 
178544 2a5cb6af-777e-4a54-8a61-17ab5c2913e2, 8505 
354686 0be5a23f-4784-4f0c-84bf-7d4e986c78a1, 3919 
43703 c94290d6-d850-41b4-b5c3-fa6e44b33d2f, 3919 
372711 e2978b77-d5fc-4ecb-ad7c-f835013353b6, 3919 
129214 18e1c8ef-39d0-49ef-b9e3-9fa0dafc55df, 8505 
315513 a1f3c512-9365-454e-89dd-a5027320cfa5, 8505 
36602 825d3623-a8bd-4345-9493-64fcd77b3527, 3919 
336144 693d00a6-459a-4854-885e-602fc173fca8, 8505 
76793 d0ac6787-28d7-40dc-b3ef-3cbd280c3017, 3919 
365413 68e5729d-0df3-4332-8447-14998259a77b, 8505 
84260 3f369333-bb9a-4f75-9252-4cb0a1b3341f, 3919 
27577 893c560c-5e62-4d0c-b0c3-c9b9b3cda581, 3919 
330518 31e1af52-7283-476d-b83b-293a2a9edbf9, 3919 
161080 f214267a-65cf-4e64-9a83-93847a24d23a, 3919 
325567 6268ff73-7e3a-4a6b-b888-1ff4f7dfa3d4, 8505 
228169 25bd8539-815c-4b1f-9266-dd4108b83975, 3919 
181326 c8c6644f-8d3b-46e4-beaa-b289bceea051, 3919 
398891 6b791f94-7a6d-4da3-a1a5-05c215a73cfc, 3919 
377027 04e56423-a3d7-453e-82d8-1c67a8c1cffc, 3919 
2491 73a3fdd9-2bd7-45e3-9654-fec43d32f02b, 8505 
204754 0739c0cc-8a51-4178-95ed-fc44a6a32686, 3919 
394776 907fd2b0-b01c-483c-a543-a67e8381c15b, 3919 
64343 15cebd29-32a1-428a-ba7b-9ac78ec37f2c, 3919 
299597 9f2bf331-3973-4dc1-9a0d-926c338fa4dd, 8505 
148432 1e3b6d92-3801-41a7-ab80-390cc2a1f1fd, 8505 
294292 a9289620-777b-434a-8e7c-17cbdcb98226, 3919 
285701 f48634a9-3495-41b6-aad7-4432afae4dde, 3919 
381445 0151778c-d5ee-43b1-9660-026020f5bfd6, 3919 
343315 878739dd-cd62-4999-afe1-4e732e4dd775, 3919 
182497 92d9aced-0f6b-4939-8610-aacc7c59fc31, 8505 
385980 ce9f902e-e9d0-46af-9e69-6beb3c78a26a, 3919 
116488 30c0d87f-412d-400f-adae-62798178a3d7, 3919 
88556 a1a808c6-494f-497a-b61c-c38ee3d58a17, 3919 
189379 35b66377-a8a3-489d-94d0-c6ce98d1ceef, 8505 
345073 ddd0f9a9-6f97-41fa-93b7-fc39afe83b2a, 8505 
396346 ffce2293-1393-48f4-9736-1809e5e78625, 8505 
98220 e035c7fd-ccaf-4148-a770-2b55f31967c7, 3919 
265616 f2fe8424-0ed4-4519-8c0c-cd0a70602110, 3919 
377526 b88d6311-cd58-41c2-a6eb-2ef8f1dda85e, 8505 
215410 2306bb96-2ac8-44da-9c93-687ea7bbc806, 8505 
198918 4e010fb5-4c49-4e32-b40d-77d96ceb31fb, 3919 
349989 703a9ebc-f4f5-44eb-a2e6-ad0d846af92b, 3919 
61681 ec81b8eb-2fef-4112-8282-bd7a5ca3f429, 8505 
304361 22d187fa-66b9-4ca7-bb80-06123b501d6b, 3919 
57647 86ae0dea-930f-402a-b015-bd9bf0f436cc, 8505 
337050 530518cb-329c-40cc-a959-ce898e01e186, 3919 
149241 5d70f6b8-2e57-46dd-8d76-16c666ebd131, 8505 
55407 0ef45e7d-95ca-4ea6-ada1-bee3a2ce14fc, 3919 
337613 4cf3c55b-639e-4b54-aff2-9ebacfc75685, 3919 
93066 d58f04f4-9b5e-4843-9d7b-2d1bba6e3dba, 3919 
137577 165db00e-5d70-4c37-9c0d-29a584a6756e, 8505 
255021 5349e583-7606-42fc-b9ab-433e542907bb, 3919 
183280 8df15d16-b4e7-4ddb-b019-b3d15d88e450, 3919 
6637 3f550d2e-d566-46a8-8e02-62121c055c42, 8505 
268305 02366b39-37e7-486d-8e0d-c1dc02190936, 3919 
203578 1f4009ec-4905-4869-bf12-7ad1aef66140, 8505 
373192 f75a2c0e-ed22-4012-8160-184295b23818, 8505 
18571 4c7d4815-7502-4125-a138-eb83a6e92dc5, 8505 
302516 841e6119-153d-4f05-9bce-f74747ac071d, 3919 
330199 be749c38-ae09-4847-8a3e-0b1f163dc401, 3919 
6965 f4e9787c-3731-4764-9460-ec387b38090d, 8505 
366696 cd3d6fe3-1f01-4a23-a863-aae072acc0c9, 3919 
290489 67055064-b293-4180-ba44-22b41852bfc9, 3919 
184788 56b60210-bd61-4117-b717-05d5230d36d0, 3919 
247063 fb087fbd-cde8-4ed0-8a73-1c0994a6b74f, 3919 
223999 f13b7139-3383-4dc8-a0a9-8a59819a4f59, 8505 
334920 8f9486ce-6021-4981-a654-40b08eeafe76, 3919 
3518 44a7cc7e-1366-4cc7-b4a0-ed9c4d69d8c0, 3919 
171440 21fbabee-f168-404d-ba3f-9d033d60c704, 8505 
271022 e91a7fbb-47de-4310-97b7-9f1d962b77e6, 3919 
221247 a139ac1f-8873-4944-8e6d-40823a6673ec, 3919 
66778 e780fd8d-f2ce-4982-a4b3-1c81dbf5fab8, 3919 
5394 33af78a7-84fe-4dfe-90b5-d268de864aea, 8505 
272468 17e8e642-e515-4340-97b8-4edc8abd35f8, 3919 
400086 eb12f047-f562-45f3-a642-88dfc98b14dc, 8505 
300887 a1817b68-cb6c-42f6-a203-cce88b6a712f, 8505 
241200 c343f51e-b7b5-4adf-b8ff-a3db45886414, 3919 
349133 ce3da66f-3682-4c05-8ec4-53a3c9a15998, 3919 
395258 9d394581-c0da-45da-81d5-a32170521d04, 8505 
63677 75a7c4be-8966-4ae0-8294-b43010e5c8a8, 3919 
162700 0de6e9a4-9559-46e8-b104-f3bf3c51766a, 3919 
368391 0407d021-29b4-49f0-bb83-81bab7d57d7f, 3919 
193983 a49c9404-44a7-4269-aec2-39f5aa53932e, 3919 
144203 07591ddd-7828-4d17-a4ad-3175ae5cc00d, 3919 
386498 e61d881c-60a4-48be-9b39-ff4a234158cb, 3919 
103373 7123fd17-c26d-4cea-a361-220117764956, 3919 
374978 21461163-f8e2-4409-aadc-dbf5503149fd, 8505 
57188 b43593ca-4dc6-4b7b-9b12-84abb609877b, 3919 
374930 840a4eed-1493-40d2-a6a5-3a6f31b064d4, 8505 
55643 86a2c3a1-df20-48fa-afe1-c930b534d3e7, 3919 
137535 159bfd48-82c8-4390-a3c9-8915a9ec148a, 8505 
62775 0f70714c-9975-48f6-92ae-20c8092d7fb0, 8505 
390710 5858a1b7-fed0-446a-baeb-550978787f01, 3919 
12674 7d998a18-4c8b-4621-9a67-fc0bf7bdee4c, 3919 
311391 b62f3ccd-5614-4f29-91cf-1df42887be35, 3919 
151589 4a8fc351-4d92-47fe-9f87-8e87ab8d8b4b, 8505 
316033 87cddc7f-466a-4a8c-bfea-c2f00ddc2974, 3919 
41029 d23a1060-9cd6-4676-b88b-04839ee67a0e, 3919 
353306 15e6c0c5-9f15-434f-b47a-018413b72dab, 3919 
201011 4c6080b0-d1ad-4548-8db8-0b4d5d35859f, 3919 
131330 ae8a55fe-c460-4559-9bc4-504392415bae, 3919 
272313 bd9f52be-2c88-47ce-b574-6e3a387c7281, 3919 
213057 b524a551-5457-47c1-9224-6a9658f021bd, 8505 
309605 5ceb7c6b-9c63-4308-be0e-70101968ee20, 3919 
139471 96654f6d-6cb3-4265-b850-7b1bed067ddf, 8505 
48985 c7b08510-885e-47cf-b561-689341cfe950, 3919 
195867 9c86888a-d8f3-48f3-9dcf-d1b65a901454, 8505 
137619 a89b18bb-27ac-4dc7-8668-5cc0e1741c60, 8505 
247068 faab41e6-64e3-4149-93a4-60a1259603e7, 8505 
331987 5d1ba2a8-3204-48e2-846b-df613d725538, 3919 
168818 52700220-ce69-46eb-9858-ee889a426a08, 3919 
248610 d7b20270-24ef-4e6d-b2dd-0ed40bb1ec76, 3919 
71128 c2ef0c11-f192-4e4d-9186-aae5d314e012, 3919 
393437 28de3762-4dca-4d30-ab97-3e7f5ac27f71, 8505 
316308 14efd7d2-807e-4091-b29e-39f4054b5bb2, 8505 
59000 00ed3773-deb8-409a-ae3e-e5b6308e9cd5, 3919 
310437 d47b4949-1cc1-4331-b5fe-d8c2ea147679, 8505 
23153 5cd6f88f-4425-4bd9-984f-f28fb5d7eb2d, 8505 
289937 8c95cda0-8914-4a59-85ca-afbe81ed83c2, 3919 
107613 cd18d310-b7f2-42cf-a3ad-7e8939991515, 3919 
250949 a398f7d8-585c-413f-9fbb-7ef4ee4abdad, 3919 
127967 10b1641b-36d3-4c46-ae82-ec555a423c28, 3919 
132796 807f72b2-6170-4a8a-8276-8506ed9a0e61, 3919 
145894 bea146f4-c5d5-41dd-95de-494f1319d2a3, 3919 
12419 8049fbb7-3cbf-4547-98a6-9c0dee31fa6c, 3919 
130577 182ae4a3-5861-4292-b070-88940555ca18, 8505 
141507 ddc7c566-1af0-4364-adf6-12a03d844d94, 3919 
100834 6498c4f7-c0d3-4a20-9326-2b82bcb420da, 8505 
212068 c932c38a-08a9-4f3a-9484-b287f5b8f8dd, 8505 
194493 ff37d4b2-e1c5-4a05-835b-12e37ad8ea0a, 3919 
118111 a22a9d64-3b73-4eb8-8114-08e0036283d3, 3919 
356787 adffdbc5-c90b-41b8-9cfa-b34482d72774, 3919 
151309 f579573b-941c-41ef-a760-7f4a63d9c2ce, 8505 
88942 79c935ca-4fe7-4a64-9a47-bcb9d65cf968, 8505 
320568 6b22cee5-48b7-445d-9956-129cf31ed18d, 3919 
381343 399f85d6-cfb4-4460-a6d1-9480d167cee2, 8505 
296105 8db7d26d-3ffe-4b30-a9ca-76413925f382, 8505 
111187 015ba3d0-443f-45b0-9a05-8647e8b9780f, 8505 
199277 2bbeb3aa-6d9c-4d9a-af1c-6faef387fa3c, 3919 
346113 a8e598d1-d098-4673-bc24-66acef3cbaab, 3919 
51027 9e1e0f65-1d7a-4bc6-8b9d-dedab73224f4, 3919 
377342 c5bb2c21-41d5-4809-a71d-c91ec69e52f9, 8505 
226080 faa4a68c-8cc0-4717-877c-684985732c0e, 3919 
16423 7c25bc1e-3753-4b07-a350-4340801d4c23, 3919 
93460 4da02f56-ac9d-413d-85d2-b4e553765c2b, 8505 
320801 32d62f6f-e3f6-473f-8282-4a625463642d, 8505 
285677 3de9a822-5a75-4fcf-bf6f-9c20682ca9c4, 3919 
127369 be32c910-a6df-4eff-b790-84bcd2a49939, 3919 
127198 531edc82-5e69-499c-bc29-3353dccf4ce0, 3919 
298398 099e66cd-3558-4ad5-99d6-d6f483537b41, 3919 
268219 1860f33f-c4e1-49c9-a390-9d783b92c744, 3919 
122932 68e07fe8-28a9-4556-99f2-8166ba1a4dca, 3919 
168240 102c9759-afd2-4243-8f8a-4415b0de8daa, 8505 
229948 72403a83-5a92-44c6-a803-313d7b971589, 3919 
156746 56ea92e0-6019-4c56-af87-ac59e66b7d4c, 8505 
254797 16e7e94d-97e7-465d-b878-7bbb0e90e7c4, 3919 
354934 78bc9413-a831-4045-b0d4-489db86ab319, 8505 
216345 a97de874-a362-4188-97f3-9650a958f6a7, 8505 
100841 d9632871-6384-4bac-99c7-e5ddaee6a43f, 3919 
27585 7e67df36-d2e3-4284-9483-27554f366450, 3919 
167394 65ed260c-7981-48c5-8a8d-dfcb504021da, 3919 
170474 15b092aa-c112-4a9c-ab7b-72548df9d406, 3919 
256964 32478685-8944-434f-a846-533e531e4508, 8505 
289246 dc767e1b-2206-4f05-8bfc-f151c535bb0c, 3919 
261613 bf5875b0-cc1d-4945-ac75-752c9d99cd00, 3919 
96480 5d616bbd-1dfe-4018-911b-a8931ef90816, 8505 
183693 9eec41f2-5147-4c7a-be3a-b23bb6410e67, 3919 
128112 2ab0c5a2-d387-4331-a339-13dfd30f4cd3, 3919 
53022 32c7e15f-709a-47e5-8825-269d2209112c, 8505 
333132 4b542edc-077d-4801-97ae-6f8bd8b67d69, 8505 
49011 523884d1-4256-4e81-8fdf-4a32146bbe7b, 8505 
337926 04d48ef6-631c-4c9a-baed-7416812ff0f4, 3919 
165777 d849d784-9e30-4c9c-9b1b-dbd17eb63244, 3919 
90827 658cf530-55c8-4f8e-af0e-ae5c1d9003b8, 3919 
361642 564f43bc-6ac6-4ec6-be41-bdc57c9d091a, 3919 
69113 8b3832d1-2930-4b29-a03a-5c672366845f, 3919 
339184 7ed7e307-4e86-4caf-8c18-293c95c4cc93, 3919 
339374 92d6297d-bd3b-47c6-a5ed-6a5e9470c1f2, 3919 
129820 8365d851-2384-4886-9bdd-6e62b8b75f12, 8505 
363278 eadcfdfd-e373-4ddd-a968-92141d60d5fe, 3919 
293198 9b718cf9-52ae-4f97-9567-adefe481b815, 3919 
176105 7d547d3d-b551-483c-8001-c4416ed6b45d, 3919 
291772 8e40b91b-8084-4484-b807-1a70b9f63251, 3919 
245604 76d63207-d8c9-4aab-b332-d93ec18fc1b1, 8505 
146045 54df9b67-6589-4b1d-b285-e55ea8e172bb, 8505 
381023 f2c5c1ef-98e0-493c-b3c1-fb2cd1c82a64, 3919 
226732 b3c9540b-5d12-41cb-b1dd-dcfa3bfb8062, 8505 
307256 be1cba03-4f3b-4252-9aee-345da325d145, 3919 
390483 aac13a71-0879-431f-85ac-88def62d30b2, 3919 
363189 c30b0528-b325-4a83-a9f0-5ef8f9d6529d, 8505 
175298 9cd6d1ad-8a9a-431d-9c74-095058d5d080, 3919 
94331 36318ac3-7a5c-42f0-8cf3-d74666b2e703, 8505 
303888 fbd21074-7f4c-48a0-8749-4c7bd5829607, 8505 
41736 722a7bcf-b758-4198-9020-ca12691e4a30, 8505 
278645 66f9020f-26be-4a21-a14f-c0ecd8625e53, 3919 
366427 649d0e61-e6fb-4cdf-9cad-29b32f2d60d8, 3919 
95897 09811e92-c31b-4287-9acd-14acccfc6a6b, 8505 
52763 0c9e8c8e-30f3-403c-9b98-e8cdba82fb68, 3919 
162731 8abc495e-7752-4b09-99f3-71ffae836ff0, 3919 
230482 7a384815-7bd7-459a-bca7-21319bd802cf, 3919 
234694 78857d1e-2da3-4132-b0f0-b93980362826, 8505 
188351 4a6b8efe-c78b-4a76-9a7d-60b261188a7d, 3919 
785 0cc7820a-b670-43ca-baf0-43ae508bc4a1, 8505 
121437 b54b2eb3-9ad1-4d54-8010-4bd1aa17feaa, 8505 
10661 3afff3df-9c25-41e2-853f-9680d913b51c, 8505 
299212 b1e9139a-204f-4eec-a357-82180464d86c, 3919 
173050 ec47bba8-c6e3-457d-bd1c-244913d5aeee, 8505 
339870 2f8169ba-fb28-409a-9caa-63f592e0e0d8, 3919 
53828 ef642a99-764b-4d54-959f-272a07dca5bc, 3919 
189161 9846333d-7d6c-4cee-9689-ed94891e3b86, 3919 
330843 5b6f3f30-4fa4-44eb-b417-e9d62e0ede99, 8505 
261034 1f42455a-4b59-47bf-8566-97604b2fd16f, 3919 
175603 1c1c78b8-9892-42ae-ab52-3333547e776f, 8505 
210138 d688fe51-42ab-4a03-9391-8d37a27cd5e8, 3919 
231155 14c2b392-ba85-4d21-ae96-9126f0281a49, 3919 
233839 47d55ede-542f-480b-a263-f09c3e06eafb, 8505 
282292 41246fc3-e30d-4846-bde1-12acdbbc6ca3, 8505 
331535 0abd3885-50bf-4b64-84db-2e13bebdfd72, 8505 
310070 261d52da-00b7-4e67-9fd2-957a0dd16ee7, 8505 
18815 ed6349f0-14a6-4e8c-9439-27b4e791c52f, 8505 
228724 9e3ee9c9-f26f-44e5-8130-e5518c76bb49, 3919 
294915 bc9ecb5b-8e9e-4060-a1c9-3acc0510e894, 8505 
92383 86e011c9-6264-4ba7-a648-b14b6170905f, 3919 
337002 12e15dfb-3381-4b32-afa6-1d060a0ebea4, 3919 
374242 ae463eff-e170-4f7b-b81a-b01aae640d62, 3919 
308590 c3d061d8-dac9-4d7c-872e-69c84625e074, 3919 
24144 59936f88-1995-4e47-8c0a-7730dd567447, 8505 
298605 aea3e918-d4bb-4b77-a516-997dc2255326, 3919 
192983 a1c783f9-d112-489d-adf7-ecd9907a7b0a, 3919 
67382 a16a8545-51d2-4306-9ca4-0760e157747a, 3919 
100943 dbadd76d-2b1d-4ea5-9473-b0d9053d02ea, 8505 
404256 37a322da-434a-4363-83b2-0215fc183434, 8505 
359136 cf636dfc-8e47-4a6a-88f2-a62d7d717e4a, 3919 
363370 ca1f9e08-f40b-4a38-8caf-2d9b90768b53, 3919 
303292 42cc7dfb-bde0-4ec6-9ec8-880d796c2409, 3919 
200422 19b58191-df7b-4c7e-9dd7-0756657246eb, 3919 
124147 553fbd49-a830-4d4c-bbd1-2a4ca3d10ce8, 8505 
50220 3aff2af5-f29b-4772-9578-5c72a4b7cf35, 3919 
391176 4514fba8-0bca-4bd9-bbe3-4e61113251e8, 8505 
237118 cfc23c33-4088-4ae5-b47f-4109911a16d2, 3919 
372870 1cd7db32-0c9f-4874-a0ab-355d1f2863f7, 3919 
135360 d8a6f619-a0cc-4b05-bf22-41a13e463b9a, 3919 
275810 1a653242-66c8-4beb-9953-9a979df74e83, 3919 
17871 6079e301-b5e9-4c98-8229-b50954515c42, 8505 
175829 19146233-18b7-4cb3-8717-111699a8a632, 8505 
165355 6564e500-f9f4-4e24-9801-e7086903ff37, 8505 
398138 3c718aff-6e79-4ede-a979-5315ddab3b79, 3919 
335088 4f7b3944-f825-4c02-880a-e6a0b5f625fa, 3919 
234035 abb9629e-400a-449b-8dde-32d27c7c8b88, 3919 
355417 73e6f7d1-b34b-4bb5-a48c-35f0302a3733, 3919 
162868 31ab2c92-33b7-4371-974c-0c61b6fe71c0, 8505 
269751 3ce76511-b0fe-450a-b558-4de0c0587437, 3919 
284189 71e04a3d-3d30-4ec8-8340-3e7d9fc8c912, 8505 
365214 4a6f14ff-b299-48e3-a3c0-c42939ce21b2, 3919 
279691 70664e64-3686-44b9-b278-5cb4d1557e8f, 3919 
226327 9a8cbfef-f736-4778-9ca1-ced0a5b0be5e, 8505 
327516 644b0305-fb91-43f8-bcfc-34f4353346e6, 3919 
78480 4363a622-648a-4f90-b135-041db3a3a197, 3919 
83445 678d22f5-ee15-4a4b-9cd0-0b79a77ff037, 3919 
390940 aa695329-c94c-4852-9bc7-dfd305733936, 3919 
121764 f44980a4-731b-4ac4-be3d-7b67ab178daa, 8505 
320102 d731f104-1198-4821-b842-d415d5df320d, 3919 
375861 99fa0228-ebe4-43b0-a315-adc60a7b5e10, 3919 
224565 54b5d409-b268-4b2d-83f2-1147034afa1d, 8505 
207480 efd488ae-2351-4562-8e0e-61861a3193ef, 8505 
271974 1e048b52-870d-4cee-ba65-afc999b28396, 8505 
198377 5c73bd2b-e5ad-4e13-b3d1-590d0ee5d3dd, 3919 
39898 a90a9c43-d5cb-4b24-8497-51adaa573f63, 8505 
30374 fe3bcd20-15a7-4e65-9e14-4396552556b7, 3919 
27069 bb88868a-1514-4c4b-bb50-98b7dea42e55, 3919 
38931 847f52e7-8749-42b6-98d7-13f22b99da99, 8505 
255538 b2609133-5614-40f5-9487-0715fe1edec3, 8505 
155240 c74357bc-946f-49c5-ad50-556ec2c9ff2c, 8505 
137547 959a9914-a3e8-4290-96a7-9e23157eff9e, 8505 
319669 ca44f01a-66d5-4946-bbfe-0b05030dce1b, 3919 
387830 aecc9b0e-9b5b-412a-a8b1-c1ee19d14ef8, 3919 
46228 b5405716-548f-4224-9ed0-06487894b834, 3919 
375639 e2ba1927-b6e6-44df-bfa3-2dc6966c7167, 8505 
51487 53f6c51a-b98b-45dd-aef7-c7a713b1aadb, 3919 
395250 18d1bc3b-28d4-474a-bd01-b68f36f2eb88, 3919 
7224 7325fd74-ce46-453e-a4ed-f6259267103a, 8505 
28317 8c264276-af26-4876-981a-c03893f675b5, 3919 
42064 6455a5f3-e788-4213-bf71-634052b0d6e9, 8505 
328686 a526d95e-4f9c-48ab-bdb1-b1369bbeb4dd, 8505 
206738 3bf82696-e4bc-46c5-aec8-3e80460568f6, 8505 
319493 234a7733-ee8f-450a-a8a5-632fc7a98443, 3919 
299292 aebc3a00-38c5-42f1-8ed7-fea640818057, 3919 
4813 aa4f4d32-59de-444e-8c36-caa280bd60b2, 3919 
382149 6e82613f-09e1-4ce7-a5a5-72785058c8a3, 3919 
246725 111554a3-a4b8-4b3e-8f46-05ac0d35477b, 3919 
48593 168187ea-47d2-43f4-8e45-b31fb823c40c, 3919 
141701 ed69a7c6-423f-4d44-94ad-3b2e1afa9d36, 8505 
279966 17daba92-a508-4953-b01e-51a740b46223, 8505 
174169 3dbb0578-e935-4f38-9b0c-d7c285f9d94e, 3919 
157923 b40ed885-9e1f-47fd-b1b9-716fb1c7b8d6, 3919 
350496 fe467b89-376e-470a-824f-ea0df6180add, 3919 
348972 5c3375a8-3818-4c0f-af81-d11dc8da385c, 3919 
231462 0cd8ab25-e505-4ecb-b546-a4ca2de0ae3a, 8505 
326816 5ac4c952-d544-4afd-a966-ec6d31ef648c, 8505 
392204 5200164d-18f5-4bec-8b9a-91ec449aeaa4, 3919 
4236 bd8151a7-4899-4304-8591-19297cb19bc3, 3919 
287054 5953e157-4820-4079-b639-f00eb4a2f143, 3919 
348269 be9b75ac-ad49-42ae-b18f-89d4c69b9c08, 8505 
394576 6170cb44-b9f7-44e7-ae53-36b82f1c9673, 3919 
289921 41dd0953-bd81-4879-938d-8cc96fa44bdb, 3919 
72755 f871d12e-318c-430b-8c23-cd71c746bc0c, 3919 
42469 7bc3d5c9-c119-4818-903d-c6fe6334355f, 3919 
49740 3b852687-cd48-4367-8906-b65c2ddc3988, 8505 
217452 5ef478b4-4bba-4278-9cc4-5b63c94fc428, 3919 
258434 2073479d-589a-473e-b9dd-0be1aed36430, 3919 
37764 5e566d2f-6687-495c-868f-ddeffe12c179, 3919 
179229 b2e15d76-b511-42a2-b3a0-9ec852493591, 3919 
155965 b43ec767-d67f-4383-a278-472b0149c1e6, 8505 
396075 cd3542db-7816-4193-b74a-6e0392c6757f, 3919 
322291 e33a2a63-39bd-4f5b-afd0-2feddb0b2f81, 3919 
393575 ba79f2cc-a599-44cb-899f-06c82ce8dd83, 3919 
118209 6e02f537-6a46-4371-9cfd-befd1aa570b8, 8505 
83218 13f99542-06e7-4b47-8dc1-ce2a42201cb3, 3919 
102757 28be6c80-f949-44ef-a211-5e0f34296ddc, 3919 
215710 2a5c2257-5c12-4975-89c3-814a92a7c5ed, 8505 
95306 5bbdc140-42ff-42f7-9cc4-2880f6f2aec4, 3919 
377793 792ab551-9110-458e-bf52-8e9f977e70ad, 8505 
66466 5496280c-0138-4f07-815c-53d679ba8aea, 3919 
273033 8c3f5575-406b-4dab-ad7c-6f98eaa0e19a, 8505 
149574 94a4144e-13be-4258-abbb-38702bfae347, 3919 
39823 21d32b55-1060-4337-9b54-a6fd919bcbf4, 8505 
106657 0a8b04b1-fb4c-4905-8682-3c456b634170, 8505 
299671 8b5fdce3-af64-4fea-bf16-30a873a1b812, 3919 
246609 ae40ca1e-3099-42f8-b732-ee719affe742, 8505 
400270 94132e75-c9d0-4161-af7c-321f506a9060, 3919 
285018 a466aea9-c154-477e-b013-42f8f895cc9d, 3919 
186826 531f4731-b895-4eeb-8291-26f7f9ce939e, 3919 
303407 ad13c655-f0ee-4edd-ae71-6fa45acddb0e, 8505 
136371 f76ce609-e3e0-4a93-9335-499ac3529c12, 8505 
222041 d68c5ba3-911f-47b4-8e9b-6d7f8f78e5ae, 3919 
398464 13450c23-a4b5-479a-9456-4e854df06c37, 3919 
108151 62f4cf00-43f0-4224-af2b-68403d742d06, 3919 
9017 56a7f9cf-b41e-4577-a3a8-b7599a0e8387, 3919 
169489 da3e7b03-20a1-47b4-98e2-76965eabdb0c, 8505 
21423 e4dce4f2-7723-4535-9b11-8d1f8c983e5b, 3919 
328395 330a04cd-0717-4c4d-bc1a-3cccfb051148, 3919 
362523 4356d213-8fdb-4571-8928-1511fa403da9, 3919 
160606 4828ba60-f35c-4842-8aee-d442efc0f105, 3919 
173421 02d1dabe-d34d-43ee-97ed-1ca4ea3006f2, 3919 
17052 df226c94-4ca1-4de5-9be8-179844d7af92, 3919 
229722 9b49a87d-dca4-43e0-868e-9375a641df63, 3919 
139725 1904c4a6-0367-4bd9-8b5e-a29a47477c20, 8505 
331860 510527e5-bda9-4839-8001-40d2b6137eb8, 8505 
5048 6a42243c-cf4d-4346-a1e9-c1e50155aa2c, 8505 
161407 d7f71706-e649-4f05-aecc-ebb2bc863c48, 3919 
305714 4cdc1e9a-b19b-4521-a5a0-67345fd1bc57, 8505 
309644 1581da6d-a8f5-4a8e-ba6c-34520be91eb1, 3919 
345882 44e1cf08-4168-4c55-b798-cb9c426b2180, 8505 
166738 99feac35-7666-46bd-9dbd-533024b4d4a6, 8505 
260894 7d1f0365-5b54-42e9-82b6-f5c66ec61cac, 3919 
298981 c46b05a4-5551-428c-80c4-bc5bc8062fa9, 3919 
156809 c9e808a6-647b-4db6-96e9-6aac083c610f, 8505 
272842 a319ee12-12e3-422c-919c-416e9c653a5d, 3919 
290343 def1b1e0-1c46-41bf-aac7-174fcd9310fc, 3919 
180063 640c68b2-bf4b-4d8a-b932-138457d6c2ef, 8505 
46102 1af64e96-83b9-4a0f-8b8c-e3f04bb6077f, 3919 
31604 61d4ab93-399f-4a4f-8f58-b3dcd9e29028, 8505 
104595 c57f89f0-83ca-4568-be3a-134b927cbb81, 8505 
313111 f72f19b8-97c9-42f6-b43c-fac58add5ed6, 8505 
164555 a432f6fc-a668-431b-b666-0e8b9e6d4938, 3919 
350784 e69b9426-133d-466e-a9c5-17b8f943b14c, 8505 
390991 7eaaf496-82ea-44b1-a683-f451d6b4a501, 3919 
374111 bda5fec5-b5bb-428a-93ef-a6eebff53e8c, 8505 
216177 2ab559bd-2a87-48f5-9c33-b9b14df08454, 8505 
361460 c609b82f-e4a2-411d-b042-a0d93ad5131d, 3919 
274948 39834a3f-6150-49d6-91ed-cc3b12d73b03, 8505 
111333 085ddb99-24a3-4d41-bf06-ebd15aadb9ef, 3919 
125348 3ceeea12-e007-47c9-a319-f2718572838b, 8505 
134269 b236029a-b33d-439b-8db2-3588e8034b92, 8505 
259437 d866578c-a1d9-4ce3-a2fc-be6a45ab3912, 3919 
98517 0c4ead8c-3f2b-4eb3-be37-f692afe1f357, 8505 
154722 cea2fae5-734e-40ed-9d07-80859005a0cf, 3919 
335553 3df55e7c-7156-4db4-afe5-8d239b1266d2, 8505 
180066 111b41e3-731d-49e5-ae52-f315ae136de8, 8505 
85626 69e21ea8-3378-4a1d-b771-75d59edd0de5, 3919 
391556 845d095f-fcc5-46a3-80b3-cf73372468ff, 8505 
229893 526c6e54-f23c-422a-9d7b-9225b393ec73, 8505 
112550 bfbd380f-a540-4226-8c55-cb0e7ed507ab, 3919 
50570 a141b340-cb15-458a-82d2-9444be2aaa1c, 8505 
330790 d98b6bf9-8997-4672-a132-ad6104f94cc7, 8505 
3641 aa23fa10-83b2-4c2d-a78c-6cf84c952c7d, 3919 
109572 a498c475-c62c-46a6-81a7-94f9156cab2b, 3919 
18974 6fc22820-718a-4157-8a6f-87c8b2d1ad29, 8505 
334200 727296ba-e723-4b17-a702-11efbe569003, 3919 
49579 3310f5d6-c2ca-4751-8d90-31ea6ff6cfc3, 3919 
161775 63c17831-9ca2-418d-8d86-c208a46b8036, 8505 
253645 b2c16cbb-7285-4f73-bc80-a08e217d0743, 3919 
181121 0986ff7d-f6da-4424-82e0-141a949bcf07, 8505 
345837 b92e94ff-94f2-4a42-8789-1500272c989a, 3919 
299538 67513bfb-1f6c-4964-9742-d64cd763e938, 3919 
257756 7f751526-f904-4e6f-b50f-f25369d42630, 3919 
69148 2f507843-302e-4d56-a45d-9a3989083f20, 3919 
335793 5da4b5ee-eda9-40a8-ab84-9e94ff593136, 8505 
23272 bbc3a2f6-9a9e-46c2-bdfd-8fe9950ea802, 8505 
116377 9dc5ebc3-f659-4545-ae2c-6af39dc59387, 3919 
140932 4a9ba575-711d-482d-993c-d6eb54babe6f, 3919 
351556 a57251db-997f-4bad-bff5-5bf2115a8320, 8505 
221007 7fba1036-e6af-4a5d-8a09-2e964b35824f, 3919 
142113 182ef1fb-4637-43c8-a7c8-224d24ceb014, 3919 
125803 7083b471-68f4-4913-8937-9a4f0b71c60d, 3919 
172263 411d6adc-5f3b-472a-a289-6b24c38bbec9, 8505 
382766 cd3cf0b3-22b1-40e0-a5cd-500971003998, 3919 
311070 0b5ce11e-edc2-48d9-93c2-0293e26d6304, 8505 
184725 bda89608-3b81-4234-b9d0-c76502b9c798, 3919 
178099 51603ceb-24dc-42de-9ae2-fbb518b90bda, 3919 
165630 6e5767ac-9735-4ba9-9697-f7acfe77a7af, 3919 
369197 1b226961-74a7-4cea-85a8-02a0b96a0d29, 8505 
162225 49405bea-5821-4853-9344-a43b07c7e197, 8505 
320304 cdae8619-469e-4ead-b3ec-95092615527a, 3919 
109622 56332946-3441-41fa-add4-87a5397525f6, 3919 
281143 bbfb9b5f-222c-4776-85c9-163d5311afd7, 8505 
235024 4d781748-5989-40ab-bc72-3586378417ed, 8505 
40911 9108d6f9-7a10-422f-9f65-08b0f7998ae3, 3919 
30635 1d64cbfa-7b65-4b54-8f75-11f02d0f3f1d, 3919 
95881 0029ac43-2a19-4e84-a898-15002c9c81ae, 3919 
287639 4db0a070-e35f-4091-939f-6c76beaffd7e, 8505 
243584 d5931c63-67b3-4ec1-85a3-221f03693ced, 3919 
61310 24a64207-11e3-4173-99c5-6036b682a728, 3919 
54963 678851f8-efe5-4c35-ac36-7ebd9be57ea4, 3919 
189566 6f71c54b-5c65-4bb6-834f-407e73892bc4, 8505 
71222 399873e6-16a9-4db1-a04d-8c46d66d05f9, 8505 
328306 a0950868-e559-464d-8ade-9bfddfb8e770, 3919 
374022 b4cf0c00-4a34-40c5-b38a-a7d2f32cef58, 3919 
352011 d25e5a96-fd80-4e25-985d-8eadc23378a6, 3919 
122008 6a9f4992-f635-49cd-88b4-4278a6310203, 3919 
237781 6e9f1989-54cb-4d79-ae0d-f88e27f52564, 3919 
119741 11f66592-66ee-492a-b802-38cfe61d77da, 3919 
296592 5996661e-4bd6-47fe-89b1-2763b56bca3a, 3919 
162673 f90e31c3-3d4e-474e-a860-39ed81fa4b27, 3919 
194706 620b3426-735d-4955-94df-3a32c11c93e3, 8505 
125271 3d1c5297-e1f8-4b43-b4d7-98b372866af4, 8505 
185413 223522e3-5431-4456-b5bb-de7a9c2662ad, 3919 
140215 c4c692cf-a0c3-462e-ae61-0ae7a853cb5c, 3919 
40715 5fad7131-8f6d-4681-84b0-7736d2c68908, 8505 
231002 03712735-9acf-4691-9dbe-1c0a7e0aa65e, 8505 
84593 b6958ce5-d37c-49aa-bd6d-ebf4db3d10ac, 3919 
79156 744513dd-7a44-4198-9126-a17f08a97fe5, 3919 
44032 b251c625-b65c-46f3-81da-8fb4112d30eb, 3919 
132883 ab76f38f-7e97-4ad0-b4d5-fce28d41bef1, 3919 
375913 554b3e70-0a1a-401c-9225-22646a383cff, 3919 
33966 61c12624-f68f-4401-b7d2-bbc1c4aecd6d, 8505 
257303 75920e88-7ab9-479c-a2ca-40cbd5636681, 3919 
291298 706ac55d-4cbc-4047-adbc-1c3d8b8e28c7, 8505 
14903 5d55d407-02f1-4e6c-a18d-6a3ca13ca085, 3919 
185884 2eb78309-2333-4a8e-9b68-f696f25edbbb, 8505 
355207 93997497-a556-46b7-81ce-d586807c6b8f, 3919 
245361 40f17766-8a87-4f3b-a6bb-d790fece9c9d, 3919 
176693 2cfe0ea9-5c83-4b5a-8008-5d90aee250b4, 8505 
185650 db6981e2-bd3c-47dc-a8eb-ae2bb125566d, 3919 
228222 b7f20b22-ec69-42ce-8e9e-f508acd9b7c6, 8505 
93827 29c143d2-83c5-45b4-b582-0a9973d60159, 8505 
357589 854e2f05-8854-4c87-9d5e-40251f74212c, 3919 
21613 4a185707-a7ce-4b26-ab73-4b53b0ecf6cd, 8505 
58697 299f6820-ad4a-4e7c-97e2-42fc751cf7d1, 8505 
42687 f2073ed0-a815-4fec-918e-9fc02f5e8a8f, 8505 
131034 4c45bc19-ed90-4e69-90d4-770ebaf1f007, 3919 
290611 34090385-105d-499f-80fc-ea60461453e5, 8505 
289333 a40a9037-a5a2-4dc8-9090-f5673f9a6acb, 8505 
132992 7a77835a-141b-4f25-b022-f5a140d64d31, 8505 
6139 ad672a98-e601-4c99-9ce2-9cf06d33ddcb, 8505 
359405 bc723702-e33d-4b2b-aefc-66dc351f54ad, 3919 
258181 5ec3c217-8d4b-46a2-85ad-6e2a7aaba8b9, 3919 
24691 48282eca-4311-4cf2-bbb2-d03e81de62a1, 3919 
8260 f0716b8d-705b-44c9-8d4f-5276b70ad040, 3919 
207783 a7051123-1574-4f4b-9b8d-7a383382b61a, 3919 
87930 b8cb3584-ca35-4517-9495-b3a716b541ad, 3919 
208543 2f451641-63ca-4849-970d-453cb42931a0, 3919 
339239 f9816849-d200-4051-9cf5-b8f6b4ebdd60, 3919 
128628 c44a2d0e-eda3-4ee5-b624-6e352b54635d, 8505 
181022 d0724dbc-ceec-4cf7-a841-0a40b1339ae9, 3919 
136771 fbfb3b6e-f543-481d-8e1d-f776317560e1, 3919 
55736 dacc3f83-24bf-46e7-8d85-f1bcab01ed73, 8505 
221788 6b57f8b1-06d6-4299-968d-54a870b30b13, 3919 
65455 3d2ca48d-d7c7-4289-94b3-5d2f3251e886, 3919 
9520 5bbe9259-9575-4c92-9952-30a89d836be0, 3919 
271946 bf2b22f8-4949-4790-a3bc-3f61ea82f5da, 8505 
187758 d73b6450-a1d0-43f9-95c3-d49eac5b1456, 3919 
364021 c8791a26-ae7a-4164-89af-db70530d0b51, 8505 
95794 ca8676fc-2a49-4a34-abe8-3cbac9797a70, 3919 
240323 7e50046a-9866-4223-aa65-37b4e49a93ab, 3919 
403738 056f6d72-4582-4637-ab46-d32e78f9a8eb, 3919 
220461 2f9c59e5-6682-473e-9ec3-04edb8a3ef21, 3919 
228722 b6729971-f98f-496f-89d6-89e4e7b31dd1, 3919 
286021 9f1452e6-d85f-446d-92e8-70ae83768538, 3919 
366624 47db2a48-4ef8-4d9e-8843-ae626107bd94, 3919 
173236 4683269c-14dd-4bb1-bccc-98a7062cd2d2, 3919 
198205 3c6b94b7-71bd-4b3a-a4be-6193e49b5b25, 3919 
180713 53fce33b-c5b9-4936-9b0e-96ac1dcbdef4, 3919 
344766 41c387da-c50a-4a1e-8355-9750d3b86076, 8505 
146090 0006017c-182c-4ad0-9a2e-1ecd01d866b4, 8505 
384071 1950cb72-ebaa-41cb-82af-fb7ccecdf5d2, 3919 
56182 6e363900-7ece-4faf-8727-cc0bbbf32be3, 3919 
254168 c750599e-c1ad-4954-b01b-9cf59fa937da, 3919 
342793 1620cb3a-d804-4016-a9ea-61d5714c4d4a, 3919 
273363 b7b2ddf8-6928-4715-a37c-872797ab557a, 8505 
123195 c004dd2e-168c-40ce-8576-d798febd93b3, 3919 
325526 88d91927-42f1-4b20-a59e-6d6f88ce75ac, 3919 
118047 62df555a-56ab-48c6-a441-95e130a56c18, 8505 
266576 18aecb3e-1215-4767-9136-3a9439d3f072, 3919 
73665 e9613501-b123-4bd4-95ad-5dd9683d2d06, 8505 
102720 bf97b0a6-899d-494d-8f56-9c159e638f71, 8505 
116338 06a0fc0d-1c63-432b-9e09-e579dc5f1d56, 3919 
372983 c0323afa-94e7-43da-ad18-186c192c90e9, 8505 
251845 d3deb49b-269f-4808-8759-fd59994e5374, 3919 
242928 7bf06313-39a3-4309-b71f-d1977b4b804c, 3919 
13187 0cb04997-2cdf-434b-a839-96df51e76b18, 3919 
381124 4c5db61c-9b27-43b6-9e75-1438ab706932, 3919 
50310 ccbdb9c0-1359-41e3-8db6-c2dea1be5b27, 3919 
10463 0a811373-0e2f-4669-9f4f-1b18555492de, 3919 
256712 566e7a30-5cd2-475a-9f0e-8dba972671c0, 8505 
216778 99f83560-ed0b-4f84-9345-99e0cb8e602e, 8505 
236216 beab297c-b977-404c-bfcc-4bf2fdacab72, 3919 
243159 dd05947c-3338-4975-8f69-ab9f416fad25, 8505 
250091 89b996ba-dbd8-4284-9bc8-546d361774b1, 8505 
240413 732495e0-5a82-4fea-a53f-3bd94a7b4dbe, 3919 
61380 918a4562-c14c-492d-a163-43ad2356761a, 3919 
366756 cebde5ab-683f-4982-b3cb-18bdcd6e685c, 3919 
332967 f77906da-40e9-441e-a28b-f956720f8e29, 8505 
217851 2c4fd2f2-7400-46e4-98c0-0305b81bec55, 3919 
243727 204dcf2b-a803-468e-97a6-c3b62eae96fe, 3919 
267800 8c25a7ed-183c-47da-a79f-ec5f05598d5e, 3919 
9394 28c54c30-c62f-4c58-bf7d-320253b65cdf, 3919 
114129 78b39912-b2ab-4b23-8d2e-6b2517182d8f, 8505 
236516 2afc5f3d-3aa3-42a1-8a00-d459a5562757, 8505 
356279 7b7b8cab-7529-49d6-b3d8-99cd4659a31f, 8505 
110342 bf94d199-c9e4-4f1c-8e07-6bd7c0dda32e, 3919 
340850 3bee7b9a-902d-44e7-9fc9-a01b8721a47a, 3919 
278130 09e84af6-7be7-4cee-a30e-6cd0fa973000, 3919 
389572 919f42f8-21c3-46a8-8a9d-d89fe7124a7c, 8505 
104518 0ebb2fa8-dc20-49c8-8f51-8dcef6900058, 3919 
259420 f870fa68-fb8c-4bab-be84-69d5d2c68b08, 8505 
336394 bd9c3ad8-b0b2-4688-a4dd-5a436553b2a9, 3919 
85355 9f972a74-28da-410f-90d0-80a8ee625dfe, 3919 
324213 46e729e9-7bb7-40fe-849f-fe4e4f16cf34, 8505 
29538 784bef53-6285-4002-9434-f24028d03d73, 8505 
218276 8b32b467-c8ca-4cb2-8c4e-7c88ee96d593, 3919 
174817 6f245968-ea8e-48b9-8b5e-c3860510e82b, 3919 
82081 ee84cf54-9e30-4f5c-b7b7-f98b16164a13, 8505 
199732 23df4822-6c4b-4bce-923f-5330ca86113c, 8505 
264660 8b5ec565-ccff-406b-a27f-14bf52609575, 3919 
249486 277874a9-96cc-4f9f-abb7-3c4773ef20d3, 8505 
397648 6944f2f3-ee8e-40c3-94c9-47d865cbe3ee, 8505 
273965 58b50221-5172-4638-aadc-32cab4bfb927, 3919 
76009 e828fed1-9d47-478a-a67c-0300c6f51688, 3919 
244989 028e4f4c-4877-417a-afc9-16fddcf31760, 3919 
80108 0072b7f5-2de8-4705-a038-7abcebdc1ab0, 3919 
140148 69c3ce8d-d618-47b4-acba-00d8d68fa2bc, 3919 
103618 9bad8f92-1e26-4928-ba8f-a36364f9e6bd, 3919 
79711 6bfa83ab-fdce-4ffa-a58f-e833d143f921, 8505 
382110 a6777626-cecb-433b-a88c-f9191097f973, 8505 
397246 9757ea4c-8bba-4fd0-84e5-46aa3a490563, 3919 
288179 98f22e4d-250d-42ad-92ef-500f5c1e3461, 8505 
290263 bb8f0a99-53ee-45b6-9971-c0f7661fec66, 3919 
374913 40a0c549-0406-4929-9c9d-7321bf6236c0, 3919 
404197 640d70a1-ae90-405f-a466-11405d68cd7c, 8505 
300055 609651d5-350f-43b6-a354-8b234a47d9e2, 3919 
135708 5f506ece-e224-4b34-bbb4-0352fb660445, 3919 
13512 ee35c002-5e7d-4450-a296-53bf30d60dc3, 8505 
266156 607a7d14-97a0-450f-bacd-5ac8263ad099, 3919 
153287 e1c8988d-36e7-4df9-8b6a-aabb3df82566, 3919 
55031 db675559-df1c-4e39-9fd6-b6cee6cdb9f7, 8505 
46355 df891bb9-fd98-4fd8-b0fa-ddae8518572a, 3919 
262876 6c9b0139-895d-4968-b58b-9b15857d135d, 3919 
142897 c9d6162c-f98c-4b95-a600-6a4f47b1e715, 3919 
203949 0346c097-e9c9-4d90-9d7f-71be110160c1, 8505 
334997 2b153676-af1a-401e-bf80-f902815f5fef, 8505 
327542 af90b4cb-f226-4ad6-b169-877b541b8160, 3919 
61124 70309153-616c-4279-a83e-7a7849023b44, 3919 
224785 1b3f06f8-5f2f-4038-8a18-40af2949994b, 3919 
294226 c04b51f3-5776-4d78-bdfb-9aa87dfe2564, 3919 
314461 61d9e94c-9fa6-4057-b59c-2c5b8d994c0b, 3919 
183502 9d703a53-f7c9-447a-86c8-462712edc91c, 3919 
276499 1388eb46-f306-41df-8eb7-3466b54833c7, 3919 
165590 f27d44e1-5784-474d-b310-f73db8f9be41, 3919 
360025 9d244886-47dd-46c7-99ef-6e559e89485a, 3919 
62011 a77cd186-3f83-4809-b216-b973d6b9353c, 8505 
94558 4602307e-24ab-467b-81e8-382ed2865381, 3919 
132116 3ed7f41e-4328-4ea6-8d9e-330086174c89, 8505 
86469 4526e681-3a8f-46a9-b4d9-12e106f61786, 3919 
258258 6875795d-04c2-47a4-847b-af7808a983a8, 3919 
16969 0857025e-d7fa-4792-a173-2dd90092fe59, 3919 
173490 b96d4265-6411-40eb-a612-1d14748be23f, 8505 
337422 75886926-3932-4774-835f-73556eb4972f, 3919 
241359 97997ac6-6d3c-4029-8dce-51dbd4ed9f4a, 8505 
228224 c9bbb47d-a1dd-4901-99a6-0c3a33da23ab, 3919 
302858 f5deb08b-183f-41ac-87e7-2285263ebc5c, 3919 
383845 29085f51-ad52-4002-b8aa-18362605f6f6, 8505 
168517 dcfcc42a-0935-467b-903e-2a5e2868927f, 3919 
82883 0b33560b-018b-4252-a663-153947a898e2, 3919 
332146 a7aeb708-3140-4e64-b3ff-0d49c30dce6b, 3919 
337939 10e03b3c-9b33-4c19-803b-a5264feea11a, 3919 
246475 717d0d5e-8215-48b5-8112-5bae4c17bbce, 8505 
177626 75488d89-2ad4-4c31-b7e5-5792bc527b30, 3919 
126762 728674d8-e7c1-4e74-bb74-c22fc3972d3a, 8505 
326639 f4f191a6-9ce0-47ff-a2e1-533ad68a8c48, 8505 
22096 98af20ed-b0ef-4828-bd20-1c859fe150e7, 3919 
284649 e03bbd11-a27a-41c6-b6c7-827ac199662e, 8505 
58041 ba36892f-b014-461f-8df4-9c181c967d0d, 3919 
364064 0464dda6-02ee-4a8b-80af-3fbd4bb26ce8, 8505 
275415 d6c31185-1fda-4b48-b883-2d4bcb05afdb, 3919 
95848 29b48eff-311d-4c7d-877a-13183b47bb52, 3919 
351886 8c4d2c35-76b9-4847-bbcc-989eec499ba4, 8505 
265849 e72c802f-72cb-4ac2-bfd9-72cc19680581, 3919 
61111 a97d46d4-0a2f-49a3-9f7c-c69a2e2dc352, 8505 
103627 b3b3c8aa-f1b1-41e0-8f2f-e05d83d8204b, 8505 
211319 3a0f1a58-8584-4aa4-977a-b38e7d81bca8, 8505 
177936 e14a3b1f-3315-4f39-b9f4-6b53a3c9fed3, 3919 
242770 1c6981da-348e-432a-ae73-863ca12a4703, 3919 
282503 9b4b0103-33ef-4c4c-a835-054215379c19, 8505 
332421 99768451-e762-4a90-a018-7d5a8b3386f2, 3919 
253081 a0c2d2ab-1954-4cec-abf9-21e7fb05b9aa, 3919 
18760 561c1e10-6965-44b8-af63-8a8ecf87fe46, 3919 
136697 2d8063b7-cfc3-42d6-a798-e675ef61eb20, 3919 
309125 e686c978-44f0-4051-af3a-5bdb7b16da15, 3919 
254686 976fc2a1-d45d-481c-af8a-13aff7f1929a, 3919 
321276 749c061d-6b31-4fe7-a3ec-5a13f46e38e1, 8505 
34097 fa6a2bf7-4d1d-46f5-8b51-aa4c89347e8b, 3919 
130094 b76b909b-8844-41c6-99cb-a30dc9e6835e, 3919 
264446 0e29f1e9-3bbf-49f0-9bad-6a2b5f0593d1, 3919 
106294 122fe9d6-4545-45d8-ae5b-87332d9f7fda, 8505 
154741 64706f40-4c15-493c-b6e2-7879ed392ef4, 8505 
259401 97cadf08-e411-47df-9cec-67524d0d569b, 8505 
350997 77911492-f7c3-4368-8c9b-44d7279e41a5, 3919 
384928 cccd20a5-198e-4252-b444-de1b1423a8f2, 3919 
143140 8f35f7e8-fcd4-4c70-bab1-f74db1a40fbf, 3919 
148330 a0a0b4f7-d0f3-4b04-8ec4-89e0ed216307, 8505 
18263 ebc15b45-3a6a-4f17-9b2b-8a35f2bd8402, 3919 
302051 05917f3a-e381-415a-b826-9dd0a73b7c5a, 3919 
373655 f5da5830-b46b-45da-9649-78350dfbf87b, 3919 
81416 2621a83f-514e-4615-ba7e-4c775e501ec6, 3919 
271699 dab7e05b-2f34-46d0-b103-b9da4fb80be9, 3919 
79266 78c863d9-3d98-4acb-928b-0cc77ca01fe0, 3919 
19709 2e52bc56-53da-4102-aff5-24941e6ffd86, 8505 
169977 5564633a-a756-4c78-bce6-bdbf3115dc12, 3919 
5642 d85d9917-b96c-4319-a11a-0357bc371244, 3919 
16886 40341e37-e30f-4587-ae7d-ac6e55de8764, 3919 
243894 b6ca8a13-cc61-4ad9-811c-1b48a438edb8, 3919 
149830 a893e52d-40a8-45a0-9d3b-263203576523, 3919 
30474 b2a56e4a-37bd-4ee1-91f4-b5fea9e6f25a, 8505 
352646 a81a6c21-f1cc-4a13-bfef-fbb81f6302f1, 8505 
18687 ffe34f34-809a-42be-92aa-ee2f382ef28c, 3919 
245878 5ed5cc9f-7b80-4bf0-beb0-aa9a29ae441a, 3919 
372631 dd97ce1b-1922-48b0-bf61-708ee5e5e286, 8505 
326968 09662cd6-d4a9-46f2-a41c-34a66423d210, 3919 
252775 53816c51-e1c3-475b-9685-03b54d87bb18, 8505 
222655 504b027c-f50d-4d48-b22f-d21fdfb80b0d, 3919 
395688 056792b1-846f-4d9a-be4c-9b1634728c64, 8505 
226578 b4e0edbf-3484-486c-b394-20561c09278c, 8505 
74375 4a41aba1-3935-4300-9d9b-677c909b795c, 3919 
201541 286e37dd-cddf-4075-b12f-8b889a1bdc8c, 3919 
195204 c9b08bd0-118d-42b9-b87d-5b9b1402d6d0, 3919 
48229 fd79c5d9-f91b-44e6-abfc-c37677b8acc3, 3919 
64747 3f773382-9ca6-455e-a442-993f44acce65, 3919 
204373 c2523c87-1829-4fc6-a391-bdaffae6e56c, 8505 
354808 8f31906b-8678-4c49-869c-967b1a383274, 8505 
229270 d54181dc-0295-475f-807a-9b9b36903781, 8505 
389627 52e43846-5799-48da-9622-6c3c3cac1d93, 3919 
2623 f99e6c59-d83a-4e06-b3bf-ceddf81bd886, 3919 
257978 0633ea32-5be3-414b-9205-c8ec8d82c2bd, 3919 
81892 c4e9bc59-c87e-4a9f-b4c8-12d82904688c, 3919 
186847 f9d43399-ff5d-480b-a2b6-c5bdafe0a492, 8505 
102986 039fef38-f2a2-4834-972e-e0078604e298, 3919 
102036 564ac987-ce7a-4fa4-a812-c25de574f5ce, 8505 
319719 81ea9a2f-4df7-4ddb-8f7f-e37a90504e6c, 3919 
262864 a0f9c7c6-18b6-46d8-83ce-9d75e75f326e, 3919 
284523 568b9ce8-e088-45bc-badb-0fa16e719353, 3919 
143452 94616830-4e73-4522-a37b-08795befc78a, 3919 
378743 1a5ba859-eecf-47b5-836e-2494b624b142, 8505 
104906 e052f36c-c1f3-4494-a312-7f88265f7535, 3919 
136367 66da3523-d494-4ee9-be7e-ec8de9836310, 8505 
22526 ebfd10cf-cb6b-4499-9e8c-b062fe1dccb7, 8505 
102741 6f23d91b-f704-4b9b-851f-e5e0bb0fb196, 8505 
182451 91e3249e-ed12-4ab4-b537-2513ab0ce6f3, 8505 
168205 2b8b917c-9828-4f4c-9104-f551719766dd, 3919 
141659 9a0f6d06-7ffd-4baf-b63e-d52587640d2e, 3919 
126800 a26837a1-b6db-47ea-828d-547b3691bd2d, 8505 
16473 145eba22-c720-4540-9eff-09ea677a9a86, 8505 
301765 b945bf5f-444d-4f19-9a8c-c7fbe5eb4c69, 8505 
189990 ef216b85-d092-4e80-a217-d59a30ef3b04, 8505 
16102 ddeded0d-2bcc-4681-9d10-b0ac0a826bde, 8505 
307213 ec445a2b-82ee-42fc-b855-258a3fa6f9a7, 8505 
262836 0f25a15b-4062-41bb-a482-ca23619151a3, 3919 
159253 530d2ad5-3736-4133-9b24-209a2a3aa72a, 3919 
65534 c8e2af00-6b72-413e-ba76-3fbc7e06179b, 8505 
328178 caabdcf0-b829-4246-9bef-1f6281eeedee, 8505 
309098 7ea09477-094c-4d33-9097-e7e0689421a9, 8505 
5388 4090c06d-e2fa-471c-a785-c9d2a19968f5, 3919 
40172 385a65f3-9d0f-45c4-af57-4c051a9e566a, 3919 
140114 be0fbbba-b899-4adf-9687-7f96ae1b2b5a, 3919 
330648 22438df0-9333-4116-b835-9cb8dd410839, 3919 
347780 a0d0b30f-af8c-4c4c-b276-686520b7742f, 3919 
193091 40747297-ec29-4066-9f7c-91a8a1fcbf10, 3919 
398232 f7732181-e9e8-4f7f-9a5f-f8dfb425fbb6, 3919 
302218 8faa0a86-5575-4aa1-b1a6-52c0215075ee, 3919 
154868 b0becef2-5f18-46f8-8149-ccf8f12cd962, 3919 
154856 c96c6f71-6630-48f3-bf8f-fccc849d99e8, 3919 
78469 9c06cef9-6cc9-429c-97b7-65bf74b2ceb3, 3919 
373598 48c9566c-7726-4724-aba2-55c7e7cec306, 3919 
75738 7dc4bbb2-6007-4980-b3fb-ff5ed51e971c, 8505 
205645 53c66ef7-5a03-4284-9a7e-22417e9bd9d9, 3919 
315176 6c4f0a93-ea75-4a64-81ff-c0e838d01fa9, 8505 
302981 4a95e667-5dde-4144-83de-a5f497b97a4e, 3919 
209954 6acdeaf1-4610-4fbc-bb98-f6fa18bec1a9, 3919 
51630 e760efde-5b73-4a95-87c1-f63da96dcfb6, 3919 
396953 41c6dad8-573b-4267-83ae-ded28a6c24f7, 3919 
387260 cbd6271c-bae6-4240-b379-c5e983cbc775, 8505 
91221 082aa4f9-26b7-4e9b-bd4c-4269174793f5, 8505 
207360 cf30e885-79f1-403a-8ac8-c9aa4f6eff3d, 3919 
360497 983e8bfe-08f4-4cf8-9df1-f91093a9591e, 3919 
305814 eeefaae3-5401-4573-ba82-62d0e9cc5c08, 3919 
28135 4efb9cb9-b1f1-4a14-a191-98885adf3754, 3919 
375965 f055c3e8-dc0a-4458-8e2b-31c2a7d94d69, 3919 
194694 9141c7a6-6d72-47e6-b548-e7978a1bdae3, 8505 
275898 8e2bc32f-af54-4165-81c9-11478d5b8727, 3919 
153754 d32140aa-4bcc-498a-a684-63886d5b16b1, 8505 
135765 50e5c05b-b1cd-4392-9bb4-62b15ea9ecb8, 3919 
102533 090b5e79-f8e1-4c46-971d-ec4e644e37d4, 8505 
188349 6b74de11-5bb9-4b9c-a021-ddc68328f752, 3919 
334317 0aeadfdf-be96-4e94-8317-c61c854357eb, 3919 
168283 beeb5907-20cd-4c12-8a4b-2315389685f5, 3919 
285207 9524450e-c7eb-4095-af76-61a704ea324e, 8505 
328526 31998a85-fdcf-4de6-962b-0e5a213a7375, 8505 
43994 6c110f78-822c-41d2-bc99-adf91f14407e, 8505 
347099 45705425-cfa7-4c64-9e3a-5680d94822e8, 3919 
115456 f042eb66-a843-4265-8b11-e3f4d8cad6c9, 3919 
247093 93da3eb8-3329-4302-b719-4d5ded890793, 8505 
85414 c26798d7-a6fa-43c3-bbd6-393d65dfbbba, 8505 
39495 aaccc1c9-2365-4925-9226-9e8f6d1e7c42, 8505 
185108 5d783701-d115-4a96-84ea-2bccae91f330, 8505 
178229 59a2bea4-c85f-46b0-bc62-f4ecbfab671c, 3919 
190786 736c30fc-b114-4059-b837-946cfb6402ac, 3919 
228096 a98e1b31-4a97-4518-a890-fa47e4d6c78b, 8505 
326749 d0dfce5f-4742-4a7e-9dac-a40c7b49aa6f, 3919 
154330 5163751e-ad34-4f05-9c6b-2c2b32ed3e01, 8505 
371195 4ea9a244-9d8f-4073-9826-ebf636305ead, 3919 
380544 84397fb1-0556-40d4-9362-6ebf9b698a09, 8505 
314107 e54defac-aec9-4dc4-aec3-18b98e242f6f, 3919 
348591 2b14ab1d-278b-4ebd-9d44-c98bbf5718d7, 3919 
135288 218b59a6-ca16-4dfa-8721-c82a52b6234e, 3919 
206156 872551a3-ccb2-4f79-937f-0bfc0360b694, 3919 
403422 bd74607a-8a01-42f4-a1a1-30a47f721e40, 8505 
244228 57181d53-f277-401e-930a-944677656649, 8505 
314612 9b53ec66-f3da-4bd4-b84b-95ff75c47307, 3919 
269569 53f37a86-abef-4e93-bd02-f6d0ce319340, 3919 
223852 a253ec87-b452-43b9-9452-dbf26ee4ff40, 8505 
298624 a6fd0cf5-fde9-4925-af9b-47762c8ed341, 8505 
51722 390d1763-071a-42bb-89a5-d2dbbf94423a, 3919 
22048 ca34a78a-dc28-4ef9-b4a7-8f9dcb0bd8d3, 8505 
292935 33724958-ac9d-411a-ae8d-bac6d9a79eeb, 3919 
378077 abbd367f-6cf0-4e9a-a25e-d6e6c2f641b4, 3919 
39502 3a003eca-c807-470b-afc2-d823be0684c7, 3919 
237016 315c7e96-d23c-4667-b70d-51c8d353ec0b, 8505 
88329 7a085534-292f-4d36-820d-c35461c45c38, 8505 
267163 4513d9f2-bec8-4aa4-bbf3-22cba278fd31, 3919 
207648 cfa57e5c-bd5a-4f7b-baab-e698f091b687, 3919 
375267 ab73b0fc-2458-45fb-b177-7639ee43f5a4, 8505 
315089 79b439f4-8b3a-4262-9f69-a3b5d400286b, 3919 
311721 4b1444aa-b124-4af3-be6f-96213483265f, 3919 
108023 b0716374-286c-4a4e-8320-903a73583b0b, 8505 
49005 8332621f-1959-43b4-9e28-63ea27b6326f, 3919 
280121 c2a37fec-5f19-419a-8e97-8d7e9cd60fd6, 3919 
144209 f88518ed-5c08-4316-8674-5c170f58a5fd, 8505 
10115 0ac22cb8-0b80-4e58-9fa2-b254ad64da04, 8505 
237411 9f34d058-5fdc-4912-84ca-a2e0aad9bb63, 8505 
345885 37da03d4-0324-469f-b506-1670d5b463cb, 8505 
177129 26b3089f-2db2-4594-bf8e-2a5499dd8190, 8505 
312290 5d5bae63-5028-4b07-8eca-2a7149c766b5, 3919 
154158 5d9e7b42-b490-4b67-907e-26b952d49c0c, 3919 
305299 a2941e24-8ccb-46ee-97f3-76283f331cc0, 3919 
263772 98bc775d-9438-4e6e-b810-068e7fbb0dd4, 8505 
257656 f34fee1e-8a3d-45a8-924f-358dc28646db, 3919 
247792 9848721d-1715-41da-a531-5932439212f3, 3919 
331004 c1bc3e05-a7a0-46ab-8d82-9c2a0b63707e, 3919 
393701 68492528-31be-459c-bd23-ea216a5a58e4, 3919 
73643 cb549905-9c5d-483d-94f7-b7a7c498c910, 8505 
387759 47be157f-1acc-4788-b11c-4c400b4f22de, 3919 
187416 1819ab90-a63a-4fd8-8fe1-74433c7c1785, 8505 
274394 f5a0636f-81c9-4c2b-a8f9-f137af4a6a7f, 8505 
229756 0acc20c1-bd5c-4f59-8ccf-f48b44a9f063, 8505 
249388 6481284f-0f7c-470d-a780-d066b37eec3c, 3919 
232069 0613aafe-6f75-4902-9a4e-020aacbd43a8, 3919 
36774 d5c02f7e-6ca0-4eaf-9c84-801b05bf09de, 3919 
68684 45dfb05a-3843-4199-a5da-eab9b50b5ce7, 3919 
181039 73b412ff-2064-4013-ad66-067a9cae4ea8, 3919 
2964 8ed8813e-f8c3-4a05-9be3-723e0a939f1a, 3919 
306228 ce9ff485-c60e-407b-a449-95c4824307fb, 3919 
346524 27636048-93ac-4807-83fe-41dbe398094f, 8505 
220524 f3fc5d93-1ab4-4bd8-9c98-5e9e9cb8530d, 3919 
110603 b174a93b-5eca-4f45-bcc6-53a1ef336438, 3919 
132684 791e3b8c-e04e-4896-82b5-c4128dc20cc9, 3919 
203935 1e02ba50-836b-46c4-a830-135a140429f1, 3919 
133610 4a5032ae-460a-4dca-bcda-3fa669fbe55c, 8505 
274158 b5f53cb2-8663-4b4e-be28-c0521884a496, 3919 
303833 dca89639-e304-423f-8b17-a2ecff1a1325, 8505 
255981 e4d05e5f-16dd-4cca-88f0-a845a6a44144, 3919 
184616 ae0ce42c-79b2-4a42-993b-2f9081e64f40, 3919 
234834 e9a79eb7-f161-4ead-9b4d-113d77ac6574, 3919 
318507 d9fa41b9-10f9-4ffe-89d7-4717618bcf77, 8505 
203648 a820f19a-1d2a-4de1-bfb4-8bc33e7fda74, 8505 
157425 023594e7-fbb4-4e25-be67-1e932fb27076, 3919 
75600 3fb7924d-50a5-4da3-85c0-168d47f21401, 3919 
213911 4c56d6e5-2d73-4cb1-b9c1-b6fd41822d0e, 8505 
214961 512cf13f-2ef4-4364-83f6-087f06f3df2d, 3919 
103328 3d996300-d147-49a1-92ce-f84f8a78cc2b, 3919 
295603 ec7e3c1a-0d57-4ea3-9f3c-ae1aaaf895d8, 3919 
322160 5fc3c9bc-1516-4eee-b263-1938a2edbf6d, 8505 
15681 fd30464c-93bd-4db3-9eea-c656ef91e0f0, 3919 
278391 22ca2c32-fff2-49c8-9100-cd936370a799, 3919 
232270 ca6cf179-3649-4dfb-8ff6-9b1087845fce, 3919 
197256 98ef1f76-52df-4e50-bf55-ee24b8c49b50, 8505 
170048 33155832-ebc6-4bdb-8da3-c43948ac870b, 3919 
369827 5fdb7beb-800c-49c3-90a8-422342131837, 8505 
389587 4a5a8aef-e4fc-4397-a57e-e7bc58bc0d80, 3919 
19432 cf24ffbf-da7e-4153-af7e-8246e42da579, 3919 
114395 7d3819d9-e595-435f-a21c-80dac464e18c, 8505 
221946 f8dde8b2-8289-4bfd-87a1-e85c6255d4f6, 3919 
247390 0c56e7db-6930-4a57-bf1d-9cfb93ab03d2, 3919 
226232 f0a4a140-3b14-4c89-b35c-c746817481f3, 8505 
376396 52c5d4d0-2e7e-4b76-a272-b11c4ad260ff, 8505 
67976 65f19976-8963-4548-8d09-9f0b437b87ed, 8505 
139799 77b61c0f-eb02-47f8-8f20-8a5e71a43374, 3919 
306150 30992e5f-ca52-4c52-a23f-749f89181b93, 8505 
176168 20317136-8f94-4b73-94eb-5204b3c4b251, 8505 
203665 13cd647e-8ba8-451b-a85b-3ef6c1e07464, 3919 
305387 00280c70-af2f-4981-a206-a2df3ea15e5f, 8505 
68077 e2ab5da0-3740-40b5-996f-49812ec930f6, 3919 
132576 ec5deed4-2e1a-4700-94af-b25bcdb65bc5, 3919 
223368 25db4164-e536-4a9d-934c-3cd6558a75f9, 8505 
391711 0776fcd0-573b-4dfd-b4b8-4310e7f5dc8f, 3919 
385096 9a74d178-309c-4cb6-b082-18ac73ad913f, 3919 
167136 e8d14e67-d002-41c8-a920-7749632f01c0, 8505 
198672 8c3e0f52-7a28-4dce-9979-24ceb7f6367d, 3919 
254685 885e5e8d-4c31-4502-8c7d-c088e60d6493, 3919 
278800 a376d246-d753-46fb-bc6c-37c34032af30, 3919 
305082 47e000a7-4e2e-43da-9738-b7c8759d1de4, 3919 
48282 caee66de-e917-4ff0-afd3-d18545604aea, 3919 
20248 f1b3c0fd-60a7-4cc6-add1-832f948aa2c3, 8505 
47404 4c87bffb-741f-4239-b0fe-55773dd4a904, 8505 
132414 e1fff9f7-b7d9-46be-9eea-4c4c9db6814d, 3919 
181955 c62f5d45-e18c-4ca5-93c4-bb9d975d466d, 8505 
317104 1d39e474-ce0e-478f-9713-8b4259eb5d95, 3919 
208379 4521d60a-ce72-48ef-b460-4f3d7d6716c6, 8505 
272846 bed1b72e-a093-4b7b-aea8-03b3c4020572, 3919 
394685 de083995-472f-41dc-a417-15ff432a359e, 3919 
98492 86ff2524-8c54-4f87-8e9e-1ed47f164773, 3919 
389142 84d44f1b-1b91-4ff0-994f-273886b6c8d3, 3919 
397797 63090335-358b-4b57-b438-ad64cb4d6ba3, 3919 
34487 b482fa2c-04b4-4293-b79c-c1453aaa9985, 3919 
92626 b565101a-d718-448f-9a05-37abfe7dd560, 3919 
190668 a4e2eb36-d44d-4209-b2d7-5afbb7549896, 3919 
348520 94677bdf-8240-4e64-b4f5-3e94dee564c4, 8505 
81885 6d2412b2-7374-43b9-825d-bcc6e8ce54bb, 3919 
371691 61b89a4a-377c-43df-ac97-ecbaf658ab74, 3919 
275348 82d71b87-68e7-4ed8-b8a9-1ab9a688b5dc, 3919 
278180 587b49ec-c1f5-4ba6-a91b-a1691159fb30, 8505 
339502 cce48295-2a59-4d5a-ac0b-382164b185d2, 8505 
121417 c73f08ce-8661-4856-8124-06b757165550, 3919 
368743 8e055e62-1406-4874-9b72-929a6bbf941a, 8505 
305308 24b07b3a-5e39-48a2-b4a8-302eb73eb4d3, 3919 
209043 3cfe99b7-47f6-4ae9-94e6-38d711684299, 3919 
284230 a5fe3cb2-416f-459f-be67-d66cc9bc1868, 8505 
82482 be878bcc-fcdb-4959-97b2-1133008b36fd, 8505 
331693 2bd4b5e9-70bc-4b01-9e56-973d7c2737c6, 3919 
171844 5347503f-4f21-40cc-bcf0-188dec83abb1, 8505 
248218 03d08302-782f-4798-9219-ce699c20ae4f, 3919 
150011 f6f2f93e-f6b5-4db2-8846-16518e4e9bb1, 8505 
99557 900e829d-e728-4cd8-902d-44ad69275710, 3919 
386418 f788d8e1-494d-4fc7-9d19-adfa50b6e2ee, 3919 
232776 d3e45913-4813-484b-aec1-a2349746e1ed, 8505 
107538 0b51b771-2fe7-42ac-b35f-bd6cd03634dd, 3919 
394002 75daeea4-0dd0-42ad-b9e1-10cb7860e78c, 3919 
230857 33055585-c726-4efc-9259-7991b6606c2d, 3919 
98382 a3e24bab-7025-4705-b0a6-f4fe1e6517e0, 8505 
384457 ac430c74-fb32-4de9-b674-e295ba60ce2e, 8505 
179050 7f1d8ba0-d4c0-4c00-9cca-4a490796a189, 3919 
392516 13be717f-82a2-40b4-8568-9bc07c970632, 3919 
165498 f2fd44ed-6983-478e-b74c-6578ae97a727, 8505 
279038 00ef0f24-c09a-4189-8d25-5b77c70f1ed8, 8505 
152771 aebb15e4-5db4-43f2-905f-4eb055cd01a1, 8505 
98789 de4ca982-45a8-47ae-a08d-883109cd7528, 3919 
322360 64e669c1-33f4-47c1-af87-1ff9333deee4, 3919 
346276 ac97dbfe-7f87-4565-b772-f215787953b5, 8505 
392155 7e40d85f-d7f4-4eec-8911-a8a1b4722349, 8505 
152473 74a2f5ef-1aa8-4674-928e-80bdf46a610e, 3919 
340372 e3541afd-03c2-44ea-8530-97d9e6d29161, 8505 
392811 780d3a67-0294-46e3-958f-b902dd2be179, 3919 
105663 be7c522b-e768-4d55-9512-132e57043b03, 8505 
136325 3501c485-69ef-402e-a1a8-2c4363d8bb79, 3919 
235178 eff5e365-61c5-4cbd-a3f4-ffbc6c468781, 3919 
73658 94778fba-f740-4442-a80d-473931283cca, 3919 
364217 b4fca4d8-4e8b-4c4f-80f9-525d4f9265e6, 3919 
2507 10fa47c8-0ce7-4604-b4ab-d378bb1283c8, 3919 
234981 47db5571-327f-4854-a613-72d7550d3b2d, 3919 
66609 2b2bc767-760d-496a-ac98-cb7885251e8a, 8505 
278079 b50b0aa4-a4b4-44ae-983d-7fa81c61ed42, 8505 
161082 d61a8ac8-a917-4773-9a4f-305386e372fe, 3919 
400413 09112a13-d286-4165-8d17-a7f0232f4f2c, 3919 
227189 35c2f35a-31d5-4707-9a20-e6f88289d222, 3919 
302234 3e42a405-46cf-4a37-981b-f0b3df092e41, 3919 
87229 ce327df4-4412-4dd5-8ead-af3a71446bf7, 8505 
258519 e9b45298-426f-4160-a002-f2bcb6dc502f, 8505 
323994 88a5127e-8603-4188-b75b-123f24fef6a9, 3919 
19601 87cade34-907d-4436-b8b1-61667f8243d5, 8505 
292160 e6fd09ca-8902-49e6-b16e-62b1cdec807a, 3919 
150831 96f10360-8bf7-48c1-9241-b203c75a7c88, 8505 
92267 a5bd8f08-4769-4f7c-94a7-9d685a331a44, 3919 
23864 2caacd1a-5518-4275-b6de-d723d43a5809, 3919 
14211 5a3752d8-77d7-4511-a09f-9f6cf35a9238, 3919 
146412 e830b969-9f99-4011-b215-755043132ece, 8505 
33981 ab210f8e-8f52-4e0a-83a8-70391a36f8b8, 3919 
34856 d73d8cfd-9354-462a-a996-db32b1a475f1, 3919 
199648 28128623-8f85-442a-80f0-1f8608729abf, 8505 
174295 2c5979af-8209-4531-afcb-4f9b9a5f244f, 3919 
36714 b3d1dc5b-845f-462f-a550-df287cf4b5d8, 3919 
11512 f9e332e5-6aa5-4dfd-aed7-9ab3bce00620, 3919 
245149 6a7d542b-3601-4ce5-808b-519e57d9c881, 3919 
156931 bfff27ca-9adf-4d6e-bd58-e41caada23d7, 3919 
356944 e37390f3-7534-4273-82fa-08f27eb568c9, 3919 
276971 aa69744f-f812-47f8-b0d0-2cc4df0059b2, 8505 
199223 100e2fed-8a74-434c-931b-7184ff4a8fe7, 8505 
144362 6b8f22f4-b6b5-41d0-9529-cc531557baca, 3919 
189525 b6ba826e-3401-47c8-b23a-0199e68e6293, 3919 
111254 9a6055af-a1a0-4f62-944a-f22657d6be35, 8505 
106876 e20f9afa-30cc-4885-b43b-243ae95950fd, 3919 
235473 274ea21e-5880-4839-8c3d-5af2877fc88f, 3919 
381903 4ea9bb13-0863-42fa-8e3f-45a060970de8, 3919 
302277 f1621c7b-3ae4-4f94-817c-11ec8a219584, 3919 
277993 be968a1f-d09d-48fe-9bb7-e2f6dfcacd63, 3919 
371186 22342790-0f72-4ea3-895a-8c89833e6538, 3919 
395728 27967cd0-f730-450f-a50f-c4be4b3e7aa4, 3919 
319207 c3609bd2-c4b2-4767-a538-3cb31f28d459, 8505 
52155 bcf4f5b5-9d4e-441d-b7b6-2d310e505ff5, 3919 
450 809ad300-4a93-4bee-9961-c267c7838590, 8505 
237948 01499d97-4955-4f73-812c-604923962c67, 3919 
86361 464ea029-7fd6-41b2-8676-8daded5bc160, 3919 
169951 11d9b2bf-fedf-4fde-b1b9-2cbc087bd2ec, 3919 
386352 a1b0181a-9011-481e-8a33-c70a1b8147f9, 3919 
257822 b91f08d0-4b52-42aa-aede-90ff77d85002, 8505 
365324 2162d5e2-aa56-4ddf-aef4-d60da81f5d1a, 3919 
166978 5da1ca6c-f1da-4225-901f-cb926e07e1e8, 3919 
194569 2c8ba792-1e23-42f9-8b64-9caa1e5949c0, 3919 
366334 1f504712-f9d5-42b6-a9fa-9071e30aac5d, 3919 
41811 88015200-3d80-4a82-859a-2578314c8474, 3919 
77823 fcb4a3bd-7f9c-4cca-89aa-669a7b9f5078, 3919 
288567 29942f30-eb26-4590-a959-c26d26439b28, 8505 
65967 3e7ba9d7-bbe7-4523-a606-b7f82ee61bf3, 8505 
107294 99f6dc16-d3b8-457d-8c5c-06fb1d7ab622, 8505 
295536 0afc096b-4343-4b18-b871-4b80b5677be6, 8505 
395538 26e189d9-70e0-4d68-855f-9c1dfd271cbb, 3919 
96637 81f0320d-47ee-4a7d-a18a-380c916ce4f8, 3919 
264212 b24c95a7-0e99-436b-ae7a-e1488acdd970, 3919 
242098 605c29e6-c0e5-402d-a50b-2605cceb8fc3, 3919 
76485 aa02f8ad-4f6d-4b01-9f23-d14f4b6b665f, 3919 
42979 29a84b8e-c665-421a-a1db-08c9938937c8, 8505 
291610 6ca24a7f-c81d-4c45-bdc8-8867a4657551, 8505 
226719 cb187bb0-46f9-4c13-8f50-d510d9c95dd9, 3919 
307995 f88a0f05-522e-4514-8b6f-a277693953d2, 8505 
59631 e0359980-d8b9-44f5-a7b7-515b45620a9b, 8505 
181345 5acd44ee-4890-4ac8-84a0-24056161d9e4, 3919 
361803 2537a330-8555-4d26-92b4-4fb8120e24d3, 8505 
374086 19b57344-17df-4b5d-809e-13b99f0ab874, 3919 
54739 b818f798-1c6a-48a7-b1da-9fa23d569046, 8505 
147966 f432861a-a352-4356-9dce-3849f91d5602, 3919 
340477 81393448-34e3-48cd-b739-3bb112173357, 8505 
317993 965b53ee-80ae-4884-a41e-68453e125e9f, 3919 
3500 7b2a944e-53ef-4c4d-bc13-a2a1409fbbf4, 8505 
40047 1a518f45-8336-4522-b1a6-9b0c17963528, 3919 
30790 dfbbc455-2d07-4450-9998-55ab9a688429, 3919 
22785 8f71b27b-c346-488d-a411-85801e1b0fa1, 3919 
93845 46874190-aac6-43c9-be57-d9ebc15f18d3, 8505 
227996 1c8ab048-cf75-49fd-8cec-aef65522c5d5, 8505 
92893 e5f48e3d-09fa-4a30-82a2-055e21cc2c5f, 8505 
123985 5f354df7-5fe8-4d32-86e0-fd29cab7c1fe, 8505 
306988 c0b8db86-fa94-4631-9921-438621e1f5f8, 8505 
180574 fa33a47c-d018-43c9-9e4e-22db3a024c46, 3919 
254502 4ba1e831-d81c-4ed9-aa12-65c02063c8e4, 8505 
370294 c1051451-8036-45f1-8b0e-ed5ac8af152b, 3919 
98067 d1efcb92-009b-4ad8-9cd3-39f71c598b37, 3919 
105899 83fb944f-f23c-4730-ab3d-0ddf3afceef7, 8505 
306702 1661eca1-4099-4428-b43f-68502c2a8e50, 3919 
339175 484276de-e093-45cd-b6cf-4e4b7fe29e7c, 3919 
385154 3bdd1d62-060e-400f-8f99-af0663097213, 3919 
340357 86dcd4b1-8ebd-46f4-9280-f0d14863f04c, 8505 
32899 1421b285-45b9-47b3-b33b-bdc2e19db5ff, 3919 
308353 ea3d0fb1-03e2-40a7-a89e-1c3e7d2a0483, 3919 
137536 3e4cd62a-3c29-484e-baca-52e56f7b44dd, 3919 
301740 973869df-9130-405a-8466-02fc1497d705, 3919 
10549 ca41b790-5f32-4ace-8d85-db4467aec022, 8505 
127399 5145c9f6-727f-44c3-bef0-e31b5d388f46, 8505 
319604 5b3d9558-5b0c-4999-8f26-eb1eef920f81, 3919 
123644 e52de129-dad3-43b4-b323-cb3ed489fe04, 8505 
143617 b9804403-e90a-4b49-9032-ba472b193b74, 8505 
349429 be102521-e849-485f-a629-16f7018ac00d, 3919 
183088 aec35203-bece-4ada-ab1e-ef31eb056ac1, 8505 
326213 2c239f6e-a81f-41b8-b2d4-6d95ec096e16, 8505 
112676 93d9ebed-9433-4dff-811f-595ac5a8c897, 3919 
140637 bcc63712-70a7-443a-b0cf-288a1a31715d, 8505 
245070 a831b967-d0a0-4f00-9e2d-0308d0c83bf9, 3919 
286086 fdc22b01-dca3-42c2-b642-5f2b495436a8, 3919 
289588 ef280af1-2f99-4bc6-a698-ca7070a8c505, 3919 
323889 764f0c56-cb8e-47bc-8cfe-559297e89cdd, 8505 
374192 379f4f1c-5e22-441a-bf7b-1d5f304cd626, 3919 
208870 a5eca335-52bf-46cd-9a5a-8ddeb597c421, 8505 
37481 94783358-375e-43e6-a137-896823e63d4e, 3919 
149348 9799eac5-0a7e-48c7-8c63-b401013e4ee8, 8505 
396658 7819e009-343e-4fef-9a05-388c7c61168b, 3919 
38661 be907607-0408-46d5-bcc8-21170caed411, 3919 
118048 8b11a7a9-214b-465b-80fc-20a004e7f222, 3919 
217046 59f57f69-1de3-4a95-8e99-f2e5fb11c608, 8505 
36286 997eab63-2d99-4a18-b464-2988c76e798b, 3919 
178287 88651f63-e18e-456f-9ed9-109694b05553, 3919 
277936 3b4cc9c0-0ece-41ce-8239-9956b653fa0b, 3919 
374789 7b12609c-fba1-4abb-9b69-a11225b4ad7b, 8505 
248163 11562e33-d66c-4f5e-baa3-83456ff81988, 3919 
104713 4d8b7cd7-8f7e-45a9-91e6-dea34c00c6d8, 8505 
115132 778cf308-41c7-44ef-b1a8-86804ae386a6, 3919 
37432 dda771aa-506a-487d-bd75-1d4cd0bad9ef, 3919 
211162 184f96df-4957-4ee2-a1b9-39703293dfe6, 8505 
105265 31cb2a3e-f763-4ced-9f4c-da1df3fea1bb, 3919 
150546 5cc6e6d6-9fb8-4685-a46f-36a36716c980, 8505 
155124 5b227d1c-4715-4c7d-bdab-26b2b82ebba3, 8505 
392059 3b4c92ee-a69e-40cc-8229-73e0dc112638, 8505 
350760 7da06fea-a8a5-4dcc-86f3-81222ffe44a6, 3919 
139228 1e3213ba-1c85-4d97-a388-dc0dd170d49b, 3919 
40515 48562c50-07ea-497c-a853-058093e2bb41, 8505 
195702 d0aadf53-6921-45e8-8168-408f6b267734, 3919 
26241 814f79d0-63ea-426b-8806-4ddaf5b1e592, 3919 
389094 7cd7c123-e51a-4775-9f5d-ed743f06aaa0, 3919 
2819 53297fac-9ef8-49c5-8b36-35dc1339d10e, 8505 
8835 4586b8d9-2788-4031-bc1d-e050e74f0163, 3919 
261840 997ae5ed-3cef-4f43-86b3-ccaec640c389, 8505 
84544 119f2dba-f598-4af4-931a-f9d723ec31c0, 3919 
312225 190023fa-a0a9-4c81-a443-60e66ace671d, 3919 
151558 f38efc06-bc03-4009-b7b3-0ccc0603d6fc, 3919 
212424 24b9a218-0f26-48d6-91bc-0eb9fb1c573b, 3919 
251873 f3151b7e-20fd-4158-8614-d745e5b723cd, 8505 
130338 205c5046-f368-41f4-b726-0ac83eddacbf, 8505 
55295 f35c542e-97f1-44bd-bbba-a63b6bfd5c0c, 3919 
366509 b8da61c2-53e5-4f9f-bdb5-cf47369aecdc, 8505 
53688 7310e9f2-85ad-4f37-ba14-3d4b4f658cc4, 8505 
78987 67a09907-ffd0-43f9-b679-dd14b103df46, 8505 
366517 7e850f29-2b0c-4a00-ab77-a9d78488c577, 3919 
251579 5fa3468f-5aab-4704-84c6-4a7272b4e1c0, 3919 
78028 32683e0f-56b5-476e-b075-fd4fe35bbe3c, 3919 
280466 d6bb09d8-2138-4672-9cdc-94ba2de5bcdb, 8505 
147574 6bff1144-8d63-4619-a487-7b8f94a38536, 3919 
240547 bc5b49db-5318-41d7-9c01-5c5b50e01951, 3919 
209736 5af48239-6865-4374-ad41-f78b8182f585, 3919 
204785 d1e22d76-c794-4ad2-8af7-0e891cf0ad6f, 3919 
182339 6d46473a-fb40-444d-981f-e4483e61f069, 3919 
72604 e7f870a6-65de-481a-93b5-29e456d147dc, 3919 
92487 7f49c02c-dc9d-4a0d-b127-04adf6e25d85, 3919 
283559 c2811491-f638-4cb2-a096-3609864a2356, 8505 
147346 1f10c256-188e-438d-a1f5-3f610c73b1ce, 3919 
290466 c868fec2-7557-42b6-934e-75ad29368297, 3919 
303218 7eed8072-4c2c-482e-96a1-edc1edcbb49b, 3919 
391913 257b7d57-631d-4d18-91e0-aa1fa0b1126e, 3919 
245430 57d108fb-6f31-45df-a07c-152191552471, 8505 
127167 27a9e420-d36e-408d-a936-78e1a479e77c, 3919 
366060 a53daf3b-afc1-47d8-914f-c03bb9b23a6b, 3919 
308188 5c74b93e-6f25-4169-96b9-b7fc0407bf11, 3919 
301562 e1e29315-dc7b-4015-a811-c979922287fe, 8505 
247057 002db814-10ef-454f-80eb-b08960734bff, 3919 
228813 32847aec-c8be-4ec7-aaaf-7d32bec2126c, 8505 
236499 32c36725-7320-4583-b57c-6ec49f486109, 8505 
216535 f3c0f48b-0c19-41ad-811a-821135245f45, 3919 
379345 576db8e5-5bbd-4f9a-a570-874aef62365d, 3919 
269722 3e2defa9-70c9-4f91-ad30-2e9156c8025b, 3919 
242746 697c8a15-804f-471c-88af-4100a26cc6df, 8505 
190639 e536bb0d-9f41-4b85-85d3-6d88836c85ee, 8505 
109862 ffa1ad89-d631-4dc1-956d-efe09414b00c, 3919 
155463 9ba9c5ca-ffa2-4615-a0c2-f6107d6d9de9, 3919 
238484 792fc61b-73db-43d4-a89d-320a5d4d15a5, 3919 
108228 b859a74e-42a3-4bc2-a112-2e10733f2ba0, 3919 
191362 e1f8a5c0-6905-4625-9c02-f37dd326a4a8, 3919 
132990 8e0fb789-7b48-48dc-b3a9-a07f2a6b97f8, 3919 
315241 78ee70e0-481f-4c76-a416-227b7051746d, 3919 
40615 86c46f7e-f233-4b36-9479-e93b3e11eb08, 8505 
370724 3c1ae3cf-d7e5-4b67-ae0d-1895c8f7c893, 8505 
394868 2232ccaf-7685-486e-839a-c0404e9132f1, 8505 
227380 d0c897bd-08ef-4927-9a58-709f703639cf, 8505 
153472 84bb796f-7b89-45a6-a83b-5e69f97d3790, 8505 
151109 bf89c31e-f218-48ce-b69d-47705770e396, 3919 
363151 c2cb73b5-9b23-4ebb-b4ca-ef6cc77352c9, 8505 
81671 fe23e33b-ff6d-46b3-b888-53afe5481630, 8505 
264429 334c4e70-e0b5-4eee-82dc-0e96123d5f08, 3919 
249136 d0b56062-6a69-48bd-b8a6-861ccc7a58c1, 3919 
182334 e0e2857a-f884-42a1-9272-3b257700ad11, 8505 
233513 38a4edb2-13bc-4461-928b-b225c220d4e0, 3919 
2609 f51fe0ce-47ed-486a-a213-b263292526cb, 3919 
349852 cea216ba-12cc-455a-9e32-9dab270db225, 3919 
156682 903ed32e-c308-472d-aae1-b41c92b85082, 3919 
258408 14d623c8-4522-4ff4-8ed7-9810fac3e89a, 8505 
263373 f0e81a26-538b-40a0-b8c8-eadbab0c1bc5, 8505 
150126 318f4112-a8ce-4b06-8f2d-f27614af242d, 8505 
310554 83ef495f-95e7-47fc-84dc-89e618b21c26, 8505 
358054 db23f132-fe93-432f-9b3a-712f29150120, 8505 
259278 773d161e-ef23-4f85-a20e-3234996df40f, 8505 
58755 217cd07a-cbf9-407c-ab39-fe11a2f05247, 8505 
348934 8278e35c-729f-4d49-aa41-bed8a58c00e2, 8505 
147212 56ddc959-c72e-48d3-8d7f-d43d72e1be70, 3919 
221709 00d3b1e3-1c6e-49d4-803c-a775ec0548ee, 3919 
347110 19ad876e-9c33-4833-b9aa-e71fc7c8ce75, 3919 
87233 829e2632-a647-426a-9a65-bebb8539f3ac, 8505 
222658 128a98b7-9368-4ff4-894c-12e5b5b1369c, 8505 
241758 b3dc93e6-527b-4e49-958a-801516d4d71c, 3919 
79837 6662fbc5-fbc4-41a8-b2a8-0c9ea75d8c51, 3919 
179696 ca2355f5-581b-46c4-a3f9-d5d6b842a30f, 3919 
78806 366c6455-4f62-4d7c-bd3d-112154e8b422, 3919 
72848 58ff4401-24ba-48bb-8042-97a9fce85227, 3919 
264383 c6bc85cb-16f6-4153-a72e-f5f5369f2bce, 8505 
66367 0b117d9c-9ec5-4bb2-89e3-48ab32465534, 8505 
180600 4bec6bec-5e13-41b0-914e-9feada09fc6d, 3919 
326988 55df9c31-6cd8-407e-ad9f-fb592314c5b9, 3919 
252309 0784bc16-eaea-45df-9d3a-e0473af467bd, 3919 
256280 c1543993-760d-4feb-bb75-b3c3fc21a728, 8505 
377651 ff9f0452-8c4f-4c0b-b3d3-c2bb31225a8d, 3919 
330973 e51325a0-1355-49bc-9f4b-d7ff920603be, 8505 
310039 6039ae30-5895-4e0d-b23b-14686f448273, 8505 
38160 c5914227-8edd-414a-8787-91ffaf8bde07, 8505 
244429 1f9d82aa-3ed9-4965-b104-8ddef6c57593, 8505 
205736 d65fa442-72b4-45d2-b517-795024b79e11, 8505 
156835 eff81bc9-59e7-4600-9abc-05ba3b21f2bf, 8505 
95091 2bb96952-da0d-4f53-9ee0-2f78dc34a89c, 3919 
398559 c4504837-409a-4b98-8551-53a26b8dd9cb, 3919 
2742 2ab6b734-c3ef-44a6-b501-b85a6a0191b6, 8505 
35844 baa47f54-eea6-4f8f-b895-47af176d1d0b, 3919 
26294 727a5c14-ab42-4159-b8ac-d36ea105b174, 3919 
319549 3113757c-a9b2-41ac-92fb-fb74a41bcb8c, 3919 
27252 71c92473-5b11-48ab-94bc-177744170741, 3919 
315572 2787077b-972e-47e4-9612-08eb62ddc9d3, 8505 
152022 091ea0d9-114b-4330-a4d5-3d6007d91737, 3919 
250528 6cdd0824-f147-492b-837b-552bb8cf4c04, 3919 
327212 4ded2562-6b60-4983-863e-1eece7c418fd, 8505 
382035 b594a995-113e-4d01-9194-2873a222a50c, 3919 
392306 89f30ab8-9eda-46f1-8087-4ff2e7f630b2, 8505 
364721 927723e1-d3a0-4008-98dd-27ac2d016d45, 8505 
221303 4476fdc1-0dfa-4e4f-966b-dfba35e62b58, 3919 
48830 64a825c3-9ddc-447a-bf3a-5e5b0e694b0c, 8505 
4493 3a3e8c48-4f6c-4bb6-9275-af6109cb1fd6, 3919 
312095 69b101ad-b450-4a5f-8a2b-8e76453ced9b, 3919 
255967 2c333924-d96a-4f9d-94ef-99dda43bbd7a, 3919 
126425 c5e266bc-d275-4892-92af-c3a9eb7ee67d, 3919 
294237 2f97ebbd-f5d1-486b-bd7b-17e711fb7fcf, 3919 
54246 3dacfc7a-f615-4f6b-bc75-d9fb5edb6667, 8505 
251896 308da5e6-47e9-4e30-a087-73ac1f4643cc, 3919 
351220 2a769dd4-0bd8-4007-b322-b4a74b18a72a, 3919 
30447 96163a6d-df1d-4211-b81c-32e386f64010, 3919 
148250 a2ed24fb-0372-48f3-a25a-6b3732fdbbb2, 3919 
368388 010c4f1e-9432-4a6d-a97b-ef77cc37469e, 3919 
8697 62e60d82-b46f-4d59-883f-1ad58156356b, 8505 
155978 f2b61ec6-3456-4404-b70d-e922e52ecaef, 3919 
265263 8939a3c0-4cbf-4535-8688-59807bf12cdf, 3919 
375299 463d3362-c7ad-4765-a053-a1c6f7765871, 3919 
60082 08378863-7947-4752-ae89-4d41d55b48fb, 3919 
341992 c58d4a47-4c9a-4d54-943e-5dd852a68acc, 3919 
164544 c7ebbc0f-18db-4275-afd2-4574ffdf9b47, 3919 
125084 29341446-2964-4f67-9ddc-281c61e3e9f3, 3919 
180485 fd678b5f-a4fd-45d5-8c7d-ea0157fc0c8f, 8505 
379820 88b8557d-21f0-4043-a00a-aa44cf68a850, 3919 
26006 11550350-cf08-4a66-b6dc-e3ec82b26145, 3919 
98061 13cca145-bebd-411e-b246-69300428eece, 3919 
162796 90dd4000-c697-44f8-ada4-5954db95d095, 8505 
196903 a43dc8b6-a482-4d19-bbb9-e0b870e6ee0e, 3919 
305089 ec5b28f9-cf69-4cdc-b4a8-09b944f8a830, 3919 
98193 287da13e-a3f7-4022-8739-17760b713da5, 3919 
387261 531f2cfa-bd79-4e48-9ab7-b63528291464, 8505 
95028 9d54443c-89d5-4da4-b530-baa2110f4e16, 3919 
331123 6114cd9c-4e3f-4858-a940-b7e502d2c3d3, 8505 
26459 44cf52f5-4ebd-4357-a4bf-0f6b95411ab6, 3919 
46426 14442cfb-6854-4e13-817d-942bd55fa456, 8505 
71334 d26d10ce-d8ba-4354-ad3b-e682b02cff49, 3919 
39006 9057dbd5-2b7d-4964-8246-e34f554f281a, 8505 
404225 37a7e88d-1da0-46ce-896d-95906da8f324, 3919 
387058 301e5893-41a7-4ac2-a66d-66fe8a52eb97, 3919 
394883 c17f19f5-6535-4873-bc1d-c99e215e9a23, 3919 
21019 274fe6a2-f376-4f8c-9094-d3e75ee0dba1, 3919 
302712 e041650d-6eae-4412-8255-aad972ab8024, 3919 
68943 94082f95-d980-4c39-abc1-6b0a1e80e604, 8505 
318062 2c91c172-e695-4e2d-a5ac-bd57246e80d4, 3919 
239930 907505a8-e7d9-44f8-9662-d2f32f30f4ec, 8505 
250653 2957d43c-c0a8-4362-9943-3f912f9b72ce, 3919 
248718 3794f9f8-47ea-4926-a7ab-efdc4e039289, 3919 
109585 70c477d0-6875-43f2-bd38-899cb21b12a7, 8505 
216161 cd1e859a-6e25-4c22-9e46-24fea88682af, 3919 
401318 ed62ed3c-113d-4326-b278-24eaf1a94cd0, 3919 
148958 991f405a-4fbc-4bcf-97a1-ccf111289479, 3919 
20492 de249747-2eda-4efc-b3dd-17fbd09714eb, 3919 
11714 264d836e-5718-4daa-b927-7dca1c55b8ab, 3919 
286739 5c4e3b0f-1165-4de8-9b82-974a01c1b92d, 3919 
27000 cff61b8e-7919-4671-bad7-1c2e22051d96, 8505 
108784 fd252558-415a-4421-a201-7988965d3dcd, 3919 
214988 565d1bf8-a704-4d1c-9d10-50e1260b30e6, 3919 
201315 e02cfd8e-79cc-4ce8-be42-2d6247ad56bb, 3919 
101905 02e19e00-53e7-4538-b23a-6c5ed8e56085, 8505 
188065 e575bc07-81fe-47d2-9003-a929c2d06476, 3919 
286823 feed59ec-83fb-4a3c-b2de-c3e24c8321fd, 3919 
402842 012fff50-36b2-4166-b3d7-85d48c5874c8, 8505 
94189 d3ee7c67-5fa4-4188-8dad-ebecaab2a445, 3919 
18905 c09c0456-9ed6-4537-8f11-31db5f1670d4, 8505 
365550 7bce9c46-5f09-4aca-beb2-e9a56db86655, 3919 
79213 757c9ec2-eb3b-4000-a02f-488b264c1532, 3919 
273035 137a4252-b80e-44a2-8531-cfb5f7b48f7d, 3919 
342420 e3ab8a5d-0b35-444a-8f7d-2f2f2846d4cd, 3919 
268942 c7a63e02-c34f-4ad3-a445-03676b4ccc6a, 3919 
224645 4244f470-5da3-48d9-a1f6-f261db151e58, 8505 
202818 75b82144-e3d2-48fe-b5f7-569a8464dae5, 8505 
256241 8021b71c-43dc-4797-acb5-2fca970403fa, 8505 
193278 ff6f6008-e32b-4fa9-b36d-237c0ee48821, 3919 
161531 62cd65aa-23bb-4c8f-bbde-0075cfdf3a68, 8505 
337940 5dba0cc5-bb93-4707-8050-54105b4eefa5, 8505 
76726 23e3418f-09e3-41af-a640-46412f625305, 3919 
399422 52d0f3e0-cd3e-4cd5-9c2e-09642f14bf9b, 8505 
359273 9fa0169e-8fc2-4934-ae7b-717ab97137cb, 3919 
129634 a813dcb9-f20e-4be7-8fba-5c7212aeaf3a, 8505 
361176 bda5c707-760d-4b2d-8f46-ddf972803cf9, 8505 
284326 84352caa-5d5b-4275-b4e5-381a5e0674e9, 8505 
320902 e7ea0d69-2ff5-4308-94de-78a9101923ac, 3919 
26092 488d2e45-e1a5-4684-95da-200827fa4f93, 3919 
52377 e8d876f0-74c0-48d7-a0c0-71db17468b7c, 3919 
317440 74bc5971-82e0-4ac1-a14f-10518ad964f3, 3919 
314925 10192ec4-7e63-4a15-b3ec-00a82b4a9ad2, 8505 
318249 467bed9f-70bb-430d-a434-c75d6ea6b81e, 3919 
227991 44f2f5ef-c27f-4c35-a1ae-6ec8d631e5c0, 8505 
51981 7066b916-10ad-41c7-859b-56deeacd22fd, 3919 
235657 dd39989c-6593-456d-b5a4-701bd3d9e042, 3919 
351703 bd8e33c9-fdd7-423b-a95f-103c28614763, 3919 
242386 556c4edb-26e5-4d9b-a04e-fc3ff69e216f, 8505 
306085 65cba800-b435-4dac-94f1-821a658996e8, 8505 
228973 4f851b5c-d315-45c5-87bc-3b66bb2d4a38, 3919 
319514 0043ce3d-69e1-4229-97d8-721e55dfde8f, 3919 
39372 bb1e2c07-a843-4230-af7c-6228b9941c84, 8505 
248132 548e41f0-d646-4e00-9e6c-34c4cdf6169b, 8505 
208973 226adada-3073-4743-b0ee-51a7b7fdabff, 3919 
204033 5be73406-c3af-48ff-b941-d860ca6a6938, 8505 
178835 409b7939-0ded-4a1f-911a-9f6a73979435, 3919 
395122 bc1473ef-e01d-42be-9d39-e09c39f2bbbc, 3919 
54138 a2c66f6a-78a4-4e7e-84a6-18aa8e65a24d, 3919 
400147 4d12d260-84fc-42e8-bed2-a06f4674a40c, 8505 
88436 5c8f2248-aa87-40bf-bd0a-43a0c3ea6532, 3919 
248397 efbba9ac-cbd3-4d1a-b3b9-04719d0e1a13, 8505 
235792 b569b7be-7b85-4123-945f-5c3b25a35c2f, 3919 
3670 1402dd1e-526a-4f4e-b78c-c24446820ad3, 3919 
341526 7a0ee335-46f7-409a-995b-44be362977e6, 3919 
100013 ff683f5f-30ab-4ba0-aa5d-b5551db0f496, 3919 
318437 3d7d054e-37b0-49a3-92ea-ed948b41328f, 3919 
394867 769502ed-666c-4ba8-8c53-e386cc79bf8a, 8505 
312834 239daab1-f7bd-457d-82f8-a1fee724452f, 8505 
307178 6b16ffa6-0108-4066-a14f-03a3b9d3349d, 8505 
400970 ae332e23-5baf-47c6-b4e8-6ba900c0e21c, 3919 
243178 a0786c20-5a7c-4a5d-8be0-cb266df8592c, 3919 
175466 c2f3d3e5-a811-4ea3-bc32-54aeb047eb13, 8505 
363148 0e46d487-ff86-45c3-a006-4434728fd62b, 8505 
255565 dab909f9-19ea-4612-8a7f-c33772a6ee3b, 3919 
333004 bbe76892-c13d-47fd-9406-ce1a2df47874, 3919 
267678 c98d871b-c805-43de-8a57-c162eaeb1e76, 3919 
80058 5e028516-3ec4-456e-8e0d-906f899399f9, 3919 
173380 c25edbc2-c640-47be-8295-9b9134af8a81, 3919 
137313 32d9c72b-0c4f-4b37-95a0-fc102b41d50b, 8505 
1039 64b22e72-5b51-472f-9707-97611bc51dcc, 8505 
314195 1e2ed59c-4bb5-47b7-8ff9-4430780e051b, 3919 
106472 51a49d1c-8553-44e2-86ad-2aa1180e4dc3, 8505 
35548 8f18a047-6cd6-4378-bd06-7b59b31a346b, 8505 
362100 d8ef17a2-18b4-4e49-860a-df038de6c8aa, 3919 
85905 6cf4147e-880c-46e1-bbbf-106177de80aa, 8505 
122601 5c6c2ae3-521f-4e1f-83a3-2611f3ccda78, 8505 
118813 dd627786-7c5b-4c58-b0fd-8c87029b3960, 8505 
48693 00d5c7ae-e649-457f-8c95-41d42c3b39ee, 8505 
80959 de40e9ef-440d-4719-af8e-a73c7bdeed43, 3919 
21438 4ca1236b-deef-4521-aa10-509f4003c92f, 3919 
59594 6dc57c00-be4a-4cf9-ab07-f8f7831a8734, 3919 
40101 2bb3fab8-25b3-4337-b852-a9d6efa66ad4, 8505 
197583 b2bd68de-8ea9-4020-8e30-52f300ae754b, 3919 
62188 b488d8da-1128-4b6d-b3ab-c48e1fcad8bf, 3919 
227554 6d16803f-c024-4780-b3b3-1be6c2154dce, 3919 
389835 a60c1975-b932-4879-92ce-6fd431598b56, 3919 
280939 647f3c99-7e28-4518-a957-d8ee628dedb3, 3919 
109253 f4b3f8b2-110d-49eb-85e7-bc51c3f5adf0, 3919 
4547 359b67b9-1fc8-405a-83cc-d51febd6ce7e, 8505 
134708 429c6ef1-2315-447b-b1b7-b7a8bf2ef8b2, 3919 
302522 911393c6-bd60-4915-b152-0c11b8f2ac87, 3919 
110433 7b8be7c2-59fb-4f8a-b46f-eae91c432637, 8505 
82492 427a0e6c-39fd-4361-aa87-df9b781b3ef9, 3919 
261726 a478d73b-ea18-4d7c-b2c9-e09303001e5b, 3919 
237344 93959795-8028-4ec1-b25c-052b729f7200, 3919 
368856 9e1430ae-5fc1-40eb-8ff0-f6fc2bc23b1e, 8505 
362800 b9c89936-e340-40b4-b370-5adccf4a9da1, 3919 
152587 d1b70eeb-90ea-461c-aadd-28d8de632380, 3919 
48461 49bdaa9b-7df9-40e4-8db6-cee89f4ca53f, 3919 
403945 6ebedd05-d8c1-41b3-a960-ac79341506da, 3919 
213101 baa72ab2-0ff0-4b19-b08e-059b3f7f4327, 8505 
177749 fd8df022-be6d-486f-8fa0-123082def842, 3919 
156492 4c30edb9-e7fa-4d8d-aa94-e9027e30fd8d, 8505 
7084 ca81840c-6bbc-4185-bd6a-0efe3a8a3e25, 3919 
334031 eea78bad-00ce-46c2-9944-06b08748de28, 3919 
315953 2e65d186-b272-4bfc-823e-c670b973bdf1, 3919 
324437 a2d9bdde-2b2f-4083-b0b3-a55f30987844, 8505 
249773 bba553a0-9fd5-4ddd-b2ab-1fae0ad7e1a8, 3919 
223813 b4390d1f-8af7-4834-9da1-28015a35fa39, 3919 
368570 015f0290-23ac-4037-9881-50cd771d4f23, 3919 
244876 1696dff4-9f14-4903-b6e8-4aac5a48264d, 3919 
92627 f97b59f0-185c-490f-973e-7361b57d65a8, 8505 
140985 4926f67d-ed1d-4d1f-a29d-e169d7e48e7a, 3919 
197168 dc530ffe-0b4e-46b4-bee9-4d8d01916f54, 3919 
271713 7774dfc4-1f85-4f97-8ca8-0b0f79170aba, 8505 
197208 6ef33706-9288-4819-80c1-b9ec9bbaef9c, 3919 
46296 1a95230d-9aac-44fe-ac26-743f5ccf3daf, 8505 
225158 d69e0723-7cbb-4993-8607-5952a2dc88ce, 8505 
183305 f2d18b4a-d4ff-4580-bfdd-e80d59ee74d4, 8505 
130046 08960654-b462-48f1-aa21-26332538d07f, 3919 
265816 c08672cf-9e7e-4c66-8aa6-fd98d6efc420, 3919 
15278 cad3095a-4daf-4cfc-8ad4-5d20289b4db3, 8505 
372327 66030c5a-f3f6-4a0b-97db-11c847c35fe8, 8505 
137159 7ee41c55-d717-4c31-988d-8ad7d7e3843f, 8505 
357549 3cd0ebc0-914f-442e-b5bf-1da6327bb406, 3919 
40231 0579f3ed-0b7f-45b4-871b-f3023c293375, 3919 
335914 c72a57e2-5706-40f3-ba47-e65463972152, 3919 
75910 5a39ef71-56ca-4cd6-9127-2b1b05ce9a38, 3919 
148155 2960ff18-22d8-41dc-bdfb-b9e27fe51c17, 3919 
306545 cfc79e06-6d9e-44db-9e7c-ff7a68c2f146, 3919 
105307 46014c70-06e9-463b-b459-eeda57210678, 3919 
258172 422bf83b-db45-4c2a-ae5d-414fcaf893c5, 8505 
397162 6f465a5d-90ee-4679-8cec-43157f2b4ece, 3919 
66532 bb7f9d83-8d26-4688-bbc7-96130cd2a06b, 3919 
22814 d6a40a45-9c3a-427a-b794-a75f5ca1a822, 8505 
123979 8bd4bed1-6c73-465b-9798-0ead9b0a5fea, 8505 
42333 17982715-70b7-4f7f-9654-6d0f4ad6e9a8, 3919 
53937 fc9baebc-0975-4179-b7a2-30400816da11, 3919 
119549 5f52c944-a390-4e99-ad54-c22bbe11e9c9, 8505 
236373 9ea397c3-dfd6-44e0-bebe-9800fdba1943, 3919 
160119 ea9805cd-95ee-4801-b633-6376be6f7d05, 3919 
321275 a8b2dc5e-5588-415c-abab-365b576cae48, 3919 
196894 716a5734-9fdd-4e82-919a-ca1fe0fae734, 8505 
133477 d591634b-de10-4eb0-82ce-8b6b650cc160, 3919 
159442 21d42731-1b91-4fe6-a91c-7b43623862b2, 3919 
227438 c9274e41-c9bf-48d3-9715-4a42fba9dc96, 3919 
38138 1a1c0e3d-f11c-40ac-8ee6-7fbe7c8aac34, 8505 
114848 36791883-1131-43f0-bd51-527cc9df1668, 8505 
395054 227d54bb-31b0-43d4-957a-5763e363d220, 3919 
117411 14d48688-9582-40bc-b404-03465a770e41, 3919 
317571 5634ceff-bff1-4409-b944-5e3296f20856, 3919 
277271 c172ab47-5173-4863-a4fe-9305cc9d9410, 8505 
262291 21a04f37-1862-4238-8dce-c17198224ba7, 8505 
86088 9e092977-b872-47ea-817f-81220da2f50f, 8505 
265483 48ce979e-01c7-4faa-ab13-b72256f9c6d5, 8505 
334229 8772e6f5-7019-4b5e-8680-01a35fa72aa2, 3919 
394815 f029030d-43b5-4af8-9bfd-453c947f2730, 8505 
7420 d88d2fca-a5b5-4f23-836d-1294077af0d0, 3919 
124322 8f8b678b-b6d2-42df-a812-4ae488dae1da, 8505 
347763 972c9d96-ddb9-463f-8927-e4888ac709ab, 3919 
209182 6a41a310-025c-4c88-8f15-b542b476ab70, 8505 
223087 cfefab51-d905-444c-b9d0-92593e868b66, 3919 
108365 9f4152dd-f0f3-416f-b9f8-16306cfa8212, 8505 
187298 ec4b80c0-6e91-4adb-9285-d1788ad0699e, 8505 
232790 3ce6c525-0cf2-4087-af6f-9ec8f4ad43ea, 8505 
233871 1e3fc31a-b4f0-4b45-99b3-ad21011ac175, 3919 
352267 13a63649-9c5d-4030-ad1f-e2922d490077, 3919 
216732 ca2698e7-5d11-4280-9ddd-f2c6141b534c, 8505 
305906 a15c2080-6f7b-474c-a357-858689aa5902, 8505 
254236 6e976c8a-7a32-467d-b59b-c96a8e8da5d4, 3919 
286738 6d4b0c0b-4c8b-4fa8-9d35-ee7910d5c92a, 3919 
105292 02104b51-3a3b-414f-ab4d-061cf2b2ed76, 8505 
351883 27dffac3-7567-47ed-95b2-b340c17d9a14, 3919 
99568 557c6cfe-3e5f-44f4-ab30-7abe02498e6f, 3919 
16873 306428e4-90a6-413b-a475-97d27b20a539, 8505 
194764 73fa62da-537e-42d8-99d9-67cf69187c19, 3919 
286445 3190cbc8-fa71-4cc3-88fd-61c340b75959, 3919 
337769 1b2c96de-1e90-41af-b728-e6fbce1b86fc, 8505 
137652 2c7cbf3e-cde8-4c83-9d13-707993fedc0f, 3919 
303141 02641a23-8560-43b1-bb07-5644cd062e01, 3919 
231712 9a90adcd-21b2-4e43-8507-03d345ce19f8, 3919 
372506 5dc992c9-c476-481c-8806-7d3519fb0345, 3919 
160281 6d31682b-75c2-492b-a401-99804243e533, 8505 
29529 68d2c219-fc77-4883-85da-66690847522c, 3919 
296637 a2c2e811-ab7f-4110-9050-a56e08fa3bae, 8505 
53127 4dbf3026-9a26-42c2-9fc7-c1eb99e2d0e0, 8505 
248744 bae9b47e-0b9c-447f-bdeb-a2c9fe3e1e7b, 8505 
259377 1f5ae541-8a67-4e0b-b293-e22cf606837c, 3919 
112958 2ccf58b6-468b-4f1c-adc9-361c5ae0d454, 3919 
372635 0202a6ed-362c-4302-aedb-e342ea909418, 8505 
138866 d36f5420-e76f-48bf-af2d-02ed798804d3, 3919 
284745 bac01c22-9361-4ec6-bef9-02ead600b8d1, 8505 
181895 fe02e575-daf3-419f-8fd9-aa480580540d, 3919 
199518 7c6f7287-f4a4-4b93-a88a-437fa3d558f9, 8505 
171870 ec6eabeb-8ab3-4818-a4e3-0eb138960c53, 3919 
196391 61816f92-8cfd-470d-89e9-7705384a8d61, 8505 
278513 513606e0-7555-4254-afb1-8227b11b45b4, 3919 
19591 25fbd42c-a405-4642-bb63-a2e47f55d5ec, 3919 
345501 6eeab177-1f02-4d61-a1ed-5870e4e6500e, 3919 
86294 1e9101fe-3409-4944-9367-3a481b99ffc1, 8505 
396176 a5ffaaae-dd15-4a0a-87fa-670be57bed61, 3919 
379104 b98b276c-bae2-413c-9b61-ce3c23aa3bac, 8505 
301774 fdce32c6-0c97-4e7e-814d-cddd358d64e1, 3919 
300848 711599d8-771d-4be7-8d3c-52df8fa625d0, 3919 
257439 a916f495-fb55-4ec2-92de-5b5a01ead08f, 3919 
366717 96110bb1-6c70-4623-8fe1-3c22b563c188, 3919 
305912 0e18d432-f660-49c0-a972-08c59da324b7, 3919 
85951 b94d3ba3-fc0f-418c-9e39-4422824413f1, 8505 
378893 a544fd33-b709-420f-a2b5-3ac514c36da4, 3919 
282098 8f04c070-6317-4a7d-8713-a171548b8704, 3919 
226149 780c738a-1a49-4330-8896-daa2e9e8479f, 8505 
185397 8b05eabd-af25-4c32-b814-07f930b43cf5, 8505 
205294 11ed87f8-29ec-47c2-82a0-68e27a0be93a, 3919 
311905 fb0a5a84-fb34-4d39-bef1-08282293f815, 3919 
65127 f7947204-6faa-4d73-9512-92aa81df08f1, 8505 
367813 4aa75552-d3ae-46bc-b940-0e0f1c6f1cff, 3919 
6698 406f6167-4667-4fb3-b012-d181d36ad745, 8505 
100945 058894ee-0a30-4cb6-9b5c-d4e5542235aa, 8505 
245388 f101b17c-db6c-46cb-82ec-8a9c0122bb84, 3919 
400643 e1fe1982-5b88-400a-8a83-b0890b7331bb, 3919 
352849 be2f0c8a-f3d1-4ca2-9a2d-500e3b0225bd, 3919 
62945 ecf4bf15-0774-4475-8b7f-44eac2efd219, 8505 
226867 6e4ca3ff-3d11-408f-892c-ac0f7c40c703, 3919 
116148 cd20562b-d3cd-498a-b67a-a3f7f9f5ce92, 8505 
220351 8b21fcf7-bca7-4fa4-94a8-e19fdfa79b43, 8505 
46273 44018817-8e36-4ec7-adcb-27a9e45ece6a, 3919 
95045 0fea12c3-228f-4be4-870d-73942d1ca351, 8505 
319693 9ae7fbdb-cf3e-44fe-94ec-436b845459b4, 3919 
353413 65dcdcdb-1c51-4e63-9951-0d16f8a09e66, 8505 
183084 494ed5ee-9983-4259-99e9-4f67019debc7, 3919 
325581 edd1b699-de68-40d7-815c-7a408f0a5061, 3919 
257372 30be0eba-ac9d-4a1e-83a2-618ed82f87da, 8505 
329612 b7515b46-1a4a-4bdd-8f50-5f277e4cf2ef, 3919 
100672 28195094-7991-4295-b4f7-600dfb28db45, 3919 
281231 9387a433-7956-4bb1-974d-105938b6e047, 8505 
68005 5fa47a28-7476-497d-8b6e-96892d50ac25, 8505 
287688 5cb2e2a1-5f09-4e93-89e4-7a5cfb44d702, 8505 
21700 cc195aa7-a147-4ea8-9732-103d627d7f51, 8505 
91425 ad34d55d-a22d-4b39-a590-33ace0beff44, 3919 
30918 08735061-956d-4fdc-8cc9-490276140364, 8505 
362720 cfa1ee00-aaeb-45ba-a5d1-11a01537d68a, 3919 
198562 0093ee05-6c8b-4695-87d4-6c5800b2c03f, 3919 
143265 0310129e-ca41-47c4-a63a-eb10f0f523a8, 3919 
173837 cf556fcf-eabf-4498-b0e6-5fdb82dd01dc, 3919 
238575 d42ed425-1ab2-4e16-9fab-ed45bd3088e4, 3919 
317930 d30e9b24-4c12-4568-ba65-dc3a8533af00, 3919 
117713 4b4e5a50-452c-43e9-a23a-37097922643f, 8505 
149649 6d75245e-30ff-4b80-839c-ba5df1a2a880, 3919 
294863 2b898eb7-d06c-49e3-8ee4-ba181ac1c5db, 3919 
183686 339ffe86-f15c-4c78-8f91-164a801b02fc, 3919 
311748 77e254ab-592b-447a-98a2-1003930b0ee0, 3919 
172986 d55db771-71c4-4064-b905-5b658ba95eca, 8505 
1653 6b4bf34b-6690-4f0b-9fc7-049d34cf9c0a, 3919 
184201 a3bc24d3-7023-4bb1-97a3-fd5594a97e10, 8505 
250976 3e046f67-33e5-4e5d-b62e-a058c9c0ac78, 3919 
269016 aab61e2b-718a-452f-bac9-4c137686d8c2, 8505 
317823 cd79efbe-b01b-45a5-b1c2-8b582a769677, 3919 
80891 6c23d6b6-f942-425d-bbe9-be8f1b4fc640, 8505 
200785 24e7c4d6-b563-4149-acab-5cea0ee576bd, 8505 
153624 56ca932b-5667-4ce7-8e5e-1f1fedb7d1e9, 3919 
283783 0a7cd8af-f78c-4b3e-8c6b-9c1b04adeffc, 8505 
255013 7fef8ff3-c314-4e5a-ae77-32244680a477, 8505 
270670 d79c4974-60d0-41a2-9509-b13ebde4b60f, 3919 
232693 334a72a1-15d4-4841-a692-b48c430ef1d1, 3919 
160565 3afa2e8b-ba2f-4fa5-8f6e-06b02dc49a12, 3919 
155534 a07d8d57-f35e-4c99-b6a6-5ec0f18c5756, 3919 
4097 d82498b6-8635-4ac8-a163-40fde5af9b28, 3919 
351715 c3923b45-ad1a-44ba-8675-d017dc4cf7a8, 8505 
78419 cb02c034-0de3-4cbf-b7a0-a337c7126a60, 3919 
35080 923b0e74-14d0-4aaf-8eab-7838a4ee5bab, 3919 
221366 c3ac689f-adb8-421d-bc4c-55371130c18a, 8505 
242469 2c066617-6ef8-4c43-8d2c-e9dbedf6626e, 3919 
358653 04ced0c6-8491-45f6-98cf-5f9cbc786afa, 8505 
140872 22d63743-eb12-450d-8de4-2836ac7007b0, 8505 
33431 231643c7-77f5-4330-a52e-0acd5284ffd5, 3919 
155926 4f1c936c-2fbb-4880-b77d-b27573a2736a, 3919 
322868 6186eb25-cbb8-4d02-944a-92b7e742b15b, 8505 
362752 4cd750f9-0605-4e7b-bc3c-81ae70f31771, 3919 
304551 97ee6c5c-47ba-478e-97be-b9279e0fabaa, 3919 
28642 7dae5ef8-787e-4d66-b3d1-dc8dd77a8f29, 8505 
156181 612faafe-8c60-49e3-9dae-b77b5b7ccbb0, 3919 
66665 53428d3a-c628-4a51-af53-e9a40a196432, 3919 
7187 cb610285-8515-45a7-9a55-c2d676619b08, 3919 
54093 dd3289e0-f892-41d5-8fda-214e562de12d, 3919 
94226 0c98d955-d23d-4383-b595-7a16d69a5cd7, 3919 
174431 cc6d2930-a0d5-4ee8-a168-14750de669c5, 8505 
204914 85a27395-fbd9-45bd-a43a-6e21ae204787, 3919 
273709 fea92363-142b-427f-bff0-64704a91ee77, 3919 
94910 67c4d356-b7ba-49e2-9a1f-c0b42d776754, 3919 
390018 801f8cb2-a2ba-4e5a-b790-139abc74050e, 3919 
359806 dc3b4d15-36eb-432f-afc0-d053c13c431c, 3919 
226706 e3b233dc-600f-44cd-8520-6ad09d942a2d, 8505 
61687 bb5ed89f-6a92-4113-a34b-b856e4cc3c74, 8505 
381031 34577228-d680-455c-822f-180973827cf1, 3919 
66140 296b51fd-fb08-4191-b454-72b137c5f7eb, 3919 
18753 d8b02b3a-a3ef-4394-900e-52e9aa912e36, 8505 
395521 c4177ed3-cad0-4a8e-abf3-1d775b62f131, 3919 
106211 eeb76345-6f7c-4b75-92ad-77f5b3ab2f4a, 3919 
220064 6fe422b1-d44c-4456-abfb-e0dadc7e5564, 8505 
39055 aa3d135e-9c0c-411d-b906-e258b18b0747, 3919 
193800 7b7306eb-2734-4d08-9a1a-b385995d1f0f, 8505 
287281 7390dfe8-f124-4f9b-bd1d-d72f41a82344, 3919 
46565 469d7f63-44a0-4bb5-9d85-6e1cdce39d81, 3919 
220439 98f2d694-fa2a-4dc8-b379-e370f7f31a36, 8505 
378366 87c19ed0-d156-4f68-8f75-b3544bc0a079, 8505 
193117 c0389056-2c8d-4009-ac03-6d237ed61b05, 3919 
59246 8636413d-90e2-416e-82c0-5780115e86a3, 8505 
40392 5591c6fa-1920-4f6c-9715-6badb9e0e6bf, 3919 
221923 32d0878e-9334-47c5-b1c0-b7762c2bc86e, 3919 
366608 862599c7-5d3c-4b2a-9d0d-b21b22579f03, 3919 
369414 92b5fc61-b057-4ac5-ad20-bb21d2f5b738, 3919 
62884 c472811e-2956-4ada-9e08-a33422be6815, 8505 
61599 8beb01cb-d405-4404-bbcb-7c932e06dcc6, 8505 
185617 d948c7eb-5c2b-423e-a48e-326a6b9eb76d, 3919 
368965 52812d57-2a2e-4b99-913c-5c0df5e0162d, 8505 
17857 156d8fc4-9e27-4fd4-aed0-ce74869b4bec, 3919 
77538 1b3e26dd-2ff4-4256-bdcc-4537120831ff, 8505 
381180 398f6da5-4553-4f86-bab4-c60c0356142e, 8505 
178534 882cc18c-50bc-409d-aea8-2e0005593933, 3919 
31781 33a379dc-c6c6-448f-9319-378a4abbb05f, 8505 
262138 faf1e25a-96a0-45d1-b568-348e61fad93a, 3919 
222079 b820ab51-c02e-48d4-8065-c869bb23d611, 3919 
103175 f0bba14b-f6cc-41cc-9c0b-66c9bb5a214b, 3919 
96141 a8e6a687-77b8-4229-a152-7b56400e1cda, 8505 
311838 b8798547-0510-425e-959c-f2d24ce750b9, 3919 
37109 234473f1-27c2-45af-8672-f6195b86ac16, 3919 
332597 947c1fe5-8a6b-40f4-80a5-a4668fb84076, 3919 
90936 f89aef01-9c65-46d4-b76c-8d5a44398ce7, 3919 
134713 7189a89a-6e6f-4e6e-a07f-38c2512607cf, 8505 
326133 e9bc23a4-4405-47b3-995c-5f8f97e32952, 3919 
123058 8248d36a-2fe2-48aa-ba90-2fcd1e04ec7c, 3919 
330331 d34e767b-02c5-421e-8365-ab857c75ab0f, 3919 
197064 7bae9ace-c446-4a1e-9dc2-05f7cf4bc8ed, 3919 
233196 e5785df7-37bb-4bc5-b7e9-362d6698e25e, 8505 
58320 1a247477-a0e1-4601-88f5-6e53debf3745, 3919 
338422 ce2b875e-31fb-4db2-91ce-abd6944de3da, 3919 
154745 0ae4a9d8-2531-45d3-ac61-d7beaeb9a5df, 8505 
385607 4be8b3af-16b9-4d89-a4b6-998cafdf5e72, 8505 
21998 9e1363a1-821c-4962-9de7-0ae60d2bb12f, 8505 
72565 0e95afae-9d3c-49b8-9cab-1cf9f3d37a2a, 3919 
307449 9510efdb-49c9-426a-9e1c-6b0f895b95e1, 3919 
49623 e02be75a-380b-4ce5-8c83-2a516e7b82f2, 3919 
343089 e848d2e8-67c4-42a0-a1a3-6b6d8282f1f4, 3919 
82189 d072c14e-7186-404d-a5f2-c2f44c9646b2, 8505 
114109 38ff0b67-d1a0-45f0-9092-bb2c8a6bda17, 3919 
5977 4c7a0fb4-8bf6-4601-bd5d-0f5d96b4f610, 8505 
232102 c56db7f9-ecb8-4df1-ba50-ed4c55023b4e, 3919 
80697 e284ae1e-ba86-456a-9111-c1e0d633ec94, 3919 
396588 a8a3e8d1-33f7-4461-94ce-26464d698925, 3919 
144361 abb5df38-6e85-46a4-9617-e1a8e4eeb16a, 3919 
11022 6c0c16b1-d020-4b5c-8d7b-da2b5107f67b, 8505 
122186 a465311b-dd1e-4691-afac-27ed6f7e804c, 8505 
278659 a28fe4ea-c6bc-489a-9543-0a2d3d9d07ad, 8505 
201258 19338670-0e62-46a4-9622-a3801e6f7630, 3919 
223474 d647cecf-0803-49cf-8f14-5ba56b387b87, 3919 
404120 2d18afae-0e92-4f98-a008-9c5fa7ca5fc7, 3919 
186484 737cab7c-b7bc-40d6-a5f0-dbb6c00f2969, 8505 
213197 b82460f9-567f-4172-a929-ac68c94e0567, 3919 
362913 ff34f122-068f-4310-948d-5cfec347cfb2, 3919 
402365 1b17ae3b-ca54-4640-90cb-f6e4c45d598f, 3919 
210704 2c0ab28f-db26-4189-aeb6-f518bef4738f, 3919 
99511 4cb0c71d-3c5b-4371-991d-5e9d71b0914f, 3919 
63396 a95ad268-3566-4549-bdd3-889b272f3b48, 3919 
145985 b1dec8d2-5875-4c0c-9c02-8aff7661ec97, 3919 
118462 3dd27a15-8086-4d7f-ac08-f8431306cd8d, 3919 
272443 e090a705-1bc5-4eb5-9160-24c121628d51, 3919 
223303 8e4829da-f475-4bc0-9f7f-b8ac767f6280, 3919 
4249 bbb37e9f-faad-48b8-bfe9-2ba8dd56e084, 8505 
361418 38717c33-5353-4389-b7c2-8687ae644a4b, 3919 
144652 5d290ef4-1490-4e44-83c1-318ed424ca67, 8505 
34535 0e67db81-8a2e-4eda-97b2-4930f04d6d56, 8505 
27748 f337a90c-37b3-40cd-9e53-9066a7bddcf0, 3919 
94943 9446809a-5336-4ab7-850a-27ec11ce454b, 3919 
202029 e2a23103-e038-4fcb-857f-bf0ff57dd1b1, 8505 
379240 1bf2f204-efc2-4662-a391-17f2e0410352, 3919 
385238 d8937bdf-f5b2-4ba0-b12f-cb04ad2bab14, 3919 
257132 525ba1ca-9609-4aa0-a0ac-b66518892894, 3919 
76783 eaa51d2e-13d1-4679-9691-93f822caf6a3, 8505 
317623 07f02f74-23ca-45ea-b7be-dc09dadb1a9a, 3919 
294526 f8bf24f9-dcb7-422d-8cb2-f943e41401a9, 8505 
92564 9b44b496-6ade-4502-a972-72fd1adec3c9, 3919 
185962 dbf3b8c4-1f93-4041-990e-5d9440365d7e, 3919 
270256 50b9e659-32de-4cd1-a701-2deb3ebc292f, 3919 
39288 f723d6ef-9b1b-486a-b1be-d43bd7639e4f, 3919 
92056 458064ab-c77e-4260-b64b-92f18aafa66c, 3919 
82156 a7019d64-763a-4cf8-a3cb-b9c6514c984a, 3919 
363697 87094e1e-bafa-4f9e-96ee-1bc7a413632c, 8505 
160489 35d5f890-a2bb-4f99-8316-1a8b958cb9be, 3919 
232126 344efd82-11e7-4764-8635-cb9c88037d40, 3919 
162936 cc03858a-a9ef-45e6-8a42-f062a58b5abb, 3919 
165688 7aa6187b-6716-488b-8353-3817718283b5, 8505 
245273 bece1316-21a6-40b4-98ff-3d0d92833462, 3919 
141966 7258baf3-638e-4fc6-bed3-d1471a747bc3, 3919 
150069 dd4cb49d-e92a-4d7b-9d01-5bbba1a04020, 8505 
95153 4e4fc3e6-f455-4586-a563-edae8e85a7a6, 3919 
88688 f14ef31d-e09a-4bb1-aae5-34dd37bbb61b, 8505 
131720 40492836-9023-4bf5-9638-b15b7e84dd99, 3919 
338043 8092cb53-453b-4766-a376-1a7087dfe88a, 8505 
190974 a603e45b-8d26-4306-a85f-9fa78b0da9ce, 3919 
151884 c5bb8074-90cd-4547-8e78-3e5a3aee3d42, 3919 
149369 a527fafb-d208-4eed-88f5-d0c16a8f761b, 8505 
45517 a5d34695-1dc7-4498-a644-a3b123e37a1b, 3919 
379065 dc593263-737c-4328-b26c-5feacfbf412d, 3919 
51494 2780d51c-1b90-4346-b522-0bdefbf4ff89, 3919 
77469 f7c29d9f-bb1a-4a94-a6e4-f36ad4933699, 3919 
304043 4281e387-be87-4f28-8f36-a235eedc6135, 3919 
228547 99307c0d-b689-4bdd-8dff-0f70e5a8b5d1, 8505 
869 40205b29-be77-4f4d-8ae7-6b33b796bc82, 8505 
116257 37b44ba8-48b8-451e-8471-403c525b0e26, 3919 
289197 f047c2b3-00e6-49b8-b924-946591fc4f43, 3919 
187509 0bf5a7f1-54d3-4bcf-96d6-848e303e3bbd, 8505 
158093 11c79105-d19e-42e5-a482-3d58799b268f, 3919 
138413 7ae52c8a-61db-45b1-a9c5-7f1ddf790083, 3919 
143555 279cdd1e-4bcb-4c2e-8039-42d7ea74738c, 3919 
373615 ed8d453f-da03-45ec-80bb-b3fb8c3100e1, 3919 
185674 74753dd2-0674-4efa-b92d-33765bbdc2bd, 3919 
40701 56bd861e-8122-4f07-a550-76fa6508d1cb, 3919 
65467 d0b520eb-3e45-46d7-ba95-e7170b6a451b, 3919 
210673 0c691a93-388b-4651-a141-a80e10e123c6, 8505 
114084 3ad661c4-3a24-4b7d-ac6e-ecc6ef2bc1ee, 8505 
264617 4f831cdb-e20c-4a8d-8216-f1f2e0e042f4, 3919 
279264 22a3c3ee-bb3a-4934-a731-1aee34315e95, 8505 
385725 8ff363ad-e508-4141-b53c-73ce2cb86979, 3919 
240632 9a360864-d567-473c-924e-c694d665279b, 3919 
107346 3575e48a-c73b-4548-9e66-8e61f2ee3809, 3919 
300245 74048bf9-de83-44c5-9a0b-ed04e63f0b1d, 3919 
126916 4734b2e3-1615-4707-9bc2-9a44e2b92aad, 3919 
79772 a074b74a-42a6-4bd5-966e-bbcf7e4fe742, 8505 
90181 75e2801c-b8f7-47df-bcfb-03cd8f21e6de, 8505 
216225 336c002e-c38f-424d-9225-025631683d8b, 3919 
348816 d0099f50-f971-4dce-989d-5e026120cb1d, 3919 
68457 15fd950e-c7cb-4261-8be3-c1bf3fd62f66, 3919 
47033 d048db4e-7903-48dd-a34c-877c29de21ff, 3919 
21625 bfc1c62b-27a9-4ff4-a746-0f9ce81bea6e, 8505 
133837 c4cf3965-4448-45aa-a485-fa796302e412, 3919 
247981 9bf23fcb-0b2f-4c63-8254-ab6401f7037c, 3919 
185931 666d80e3-0de4-4fb0-9d4a-9b4672297e6a, 3919 
333686 56645483-d5e8-4e5d-9ec5-6656a86dfead, 3919 
259837 88abdc9b-6c59-43e8-b8b5-e10e977c8035, 3919 
42993 e3a058f6-3325-46c6-8731-cb1fb6142c06, 3919 
77605 c60cc3e9-64e7-4d61-afcd-87561c6f66a4, 8505 
136398 692ee878-0f98-4b74-9c51-8f5d2418d3fb, 3919 
393081 981a6d60-efc8-4661-abe7-e5e4ca0bf35f, 3919 
350749 cb798ebe-c28f-4d15-8e53-09c80a344dae, 3919 
213895 3d824ee9-764c-429e-bef8-29679b68162e, 3919 
347324 f69de2dd-f035-41df-a944-d4ceea497e7b, 3919 
202679 834475e1-37fb-4bb7-910c-0d1c1259c36a, 8505 
235425 e0aaaf6d-8cdf-4225-bc0d-764da57c251b, 3919 
372901 e0ae93f4-de63-4d1c-a14d-1c462c8c4958, 3919 
52064 a3832b4c-6f75-43fc-984b-9cd9ea59f387, 3919 
124679 129fc0ab-c616-4ed1-999b-90492a09a415, 3919 
296514 620fffd4-10b2-4281-b8cc-3fe2bd34d277, 8505 
347270 f3695d34-96f1-4e1c-ba3e-1ceee3ec1b89, 8505 
254055 10dab7bd-55d5-4109-834c-43afd506c313, 3919 
301277 01d743b2-76b8-4b2a-9a95-cc280e1b4c45, 8505 
196491 50c0a118-04c6-498d-b577-5d65a284a417, 3919 
336761 98e01c3e-653a-413f-838a-67755523f267, 8505 
187906 dc55b71a-aaf1-4444-8135-8c77f5c7594d, 3919 
149387 bbd928bd-483e-421c-bc52-0f3f9c048b6c, 8505 
213100 cc182999-0b96-4922-acbe-67544f97a75b, 8505 
326271 097c6c62-2b72-4552-a4dc-3163dd1f86e4, 8505 
380628 4a7336c6-c6f2-4c65-ad5b-b12e85e42852, 8505 
61008 6cf19af0-a8c0-41bc-b964-c3dc08dba56a, 3919 
39797 11e0c822-d917-480e-b469-6d7d3dfd7094, 3919 
179950 a6497140-ae11-4713-97a5-ba93a410a807, 3919 
332653 e8a5a959-5e82-447d-a721-6d49bfac02a4, 8505 
304260 2dca4433-11cc-48c1-a0ae-48188e868d13, 8505 
208194 335eace0-5915-4c87-9d4a-e27e8f3dbb06, 3919 
7920 618343c0-2f20-4381-a10e-4862f36d5947, 8505 
305564 efade002-16b6-4350-8ce3-d2f7c036a545, 8505 
161383 673e516b-3690-4744-ad5a-b2cb90ff2f65, 3919 
46412 3dc1f9d8-0f37-4b9f-ba97-c6f2be691e22, 8505 
93156 d7a960db-abf8-4352-b29a-9cfe88e1dc54, 3919 
153579 c11d8c18-20a3-4960-9219-813ab14ee59d, 8505 
323762 8a8b6880-a8a6-49db-9430-520788c96634, 3919 
184049 57f2da53-fad6-4ea2-855f-27821cb5802a, 8505 
201832 b38d1d23-d8c4-4e31-8a16-a83f4b127815, 3919 
28532 611fb7e3-f934-4a30-8a24-e603a8eb916d, 8505 
92437 85527226-6650-46da-bd13-ecf7fc3cd7f9, 8505 
250247 6f604125-8b76-41d6-af51-7f7243fcf6c9, 8505 
68430 1ab1c9f7-098d-4886-bc8c-6b9fb215e872, 3919 
356823 be6bf619-cb73-4244-b148-43315342fc52, 3919 
76492 64468c30-9ecb-46a4-8ff2-c87b5f58f5d2, 3919 
72267 ba1e9c05-de68-42f8-8734-bd8594b9c256, 3919 
314839 ce3caf5b-52d9-462d-88e0-1ec31b6421f7, 3919 
323315 dc9f1a0c-1675-4c08-b8e8-2b4f8bcda138, 8505 
293070 9cd0f12a-168a-493e-b4fd-763ab6b57e7b, 8505 
151323 8d4999a5-3df6-4912-89f6-f6115ee52f15, 8505 
94962 6e55957b-4022-4e7d-b9e8-61222af45356, 3919 
220097 963394f0-e727-44b4-8340-7461d4736fe9, 3919 
120163 b54d6ee9-41b2-4c9d-9651-6eda1e9df140, 8505 
15381 f0a8a024-8750-4875-afd8-e3099ae5a1cd, 8505 
196972 0b75e892-7fe2-484e-8471-23b55be32af2, 3919 
169002 5d687806-5594-4106-9b50-ce1f5ec89b7e, 3919 
310018 dea9940d-8a78-4205-98a4-399ed6a9016a, 3919 
88483 a0304c3c-8737-4622-914d-01771e36822a, 3919 
202518 5c2ad0bb-0206-44c8-9b29-1e8e4e299e8f, 3919 
64367 76e41d2e-7f1a-4c0b-bce0-2336d898973a, 8505 
166055 de6333a0-fc9a-4f28-8913-b646e1f7382c, 3919 
70358 5f745f98-7dfb-404b-a191-0baefda87b2b, 8505 
368805 bb61375f-3f96-4076-8681-a16d7e138901, 3919 
63681 ad888bc6-19da-4e4e-a9a4-439afc62edc4, 3919 
255688 f6588bb3-5cb5-495b-aec6-5269561f044f, 3919 
41140 1ee4daf0-5ff1-4e85-aa0b-4b08c2c443d1, 3919 
248571 d976644c-e855-4420-b5a4-2c7dc6f8ea9b, 3919 
133521 ee116818-6ba0-4193-a267-29f66f3e4672, 3919 
215666 7f4eb8d9-c34e-4874-84a6-f4fbbfbb68f0, 3919 
47130 9ccb457a-cb42-46eb-bd4c-c081c2ee75f1, 3919 
103319 d1f28f7a-f79b-4c1f-9d55-e5110c46b497, 3919 
92950 a8d4ac58-107d-4f26-854b-da9242d7d32b, 8505 
396715 99ca1728-73fd-406e-838c-79a1c2078182, 3919 
261722 63991ecb-18ef-475d-94a6-0d3fe3157e12, 3919 
192115 fcc09dd4-bd9b-4ebb-89e9-073082ef50aa, 8505 
373105 5c2c34ae-cd7f-4733-97c1-4fede23dc983, 3919 
172871 7e743db3-a314-4bbd-9c35-00f01addf06b, 8505 
185827 073212ff-235f-43ba-8669-7d36280fd61e, 3919 
324727 9f32a00f-b410-4c3f-a3d5-c88e782bc5c0, 8505 
42325 48cf9ff3-01ea-4ded-853f-22b43123950e, 3919 
267008 fbca0401-5d00-4932-b8fe-e82ea095bf4b, 3919 
81857 8367b689-38d7-40f7-80b0-d4b8609ce162, 3919 
130302 4156e3f6-62c5-4b09-a689-dde8992d0d1e, 8505 
227095 30e982bd-8b0d-4737-8aae-c912693cc358, 8505 
198189 04723623-a8e3-4ee7-9f16-004bf2833867, 3919 
396342 aa0ff8db-e783-44f5-a5c8-a457bb8ed60b, 3919 
128430 25186e3a-fc3d-4ef3-b343-420a673caf00, 8505 
110927 0f6ef1e1-ed14-418a-8af0-595254202a9f, 8505 
374544 4aa91604-6aab-4301-a14c-e87720268a63, 8505 
117120 74454256-7677-41b7-b895-fb7f837a5ed0, 8505 
36042 bc1b6e27-2cb4-467c-97bc-81fe21b57be9, 8505 
104330 9730c1fb-6910-4ede-b6fe-2071182651fd, 8505 
231897 a5af50c9-75dc-46a8-bfd3-bf85c8a0a735, 3919 
19016 a5ecc6ea-0cec-490a-b6eb-c3143da34c3c, 3919 
387096 606e65dd-7fcb-4527-a596-9de71440e5b2, 3919 
359485 18f50b61-9d45-4261-9bf5-f44b85c8ef0e, 3919 
296773 c70257f7-0907-429f-a924-7bce639e79c8, 8505 
22749 30266cf3-860c-46d2-93a5-8e2e7ebd05cf, 3919 
116278 885f2910-3f1a-4602-b4e6-ff096236b996, 3919 
138930 8a3f601b-299f-4d0c-b2a2-703abb08e64e, 3919 
93278 157d91b6-ae5d-4a21-b4c7-3edf07a23932, 8505 
218820 d07c2309-fd26-4e98-ac00-1f355af18fae, 8505 
239540 9f1e6534-bfd8-4406-9292-2fd15276011a, 8505 
162036 da53f8df-10a5-445c-b1e8-de8e29d471a2, 3919 
102647 ed98e80f-3c30-4c8a-a43e-eb307c834ab9, 3919 
404092 031de37c-e620-445e-aef9-a42d3c111906, 8505 
298484 b01919bd-797b-4ab4-843b-609800dbb8bb, 8505 
69663 814095fe-e8e1-4316-bba4-f540220a452b, 8505 
193825 c15f626a-ab92-48fa-8666-259c4a6d63a8, 3919 
112373 de24251a-a407-493f-b19f-5413254aaf2d, 3919 
356012 eea0b477-0c8b-47d2-aeb2-b9232addb69d, 3919 
228118 ac37f958-e205-48dd-8447-43f2314706f2, 8505 
186201 1e499bcf-ab05-48da-8e01-9d7b09adf021, 8505 
340334 2fa1466a-794e-418e-b279-9c85b58a6802, 8505 
47770 66b008f9-f547-4d1a-a492-5a81678fa9c5, 8505 
255430 f1341590-1648-4c9b-978b-e7533b118aaf, 3919 
12966 56b22374-20ba-481e-82c5-bd06c13c4c3d, 3919 
149318 d9a32a42-9860-441a-ba95-2779170c8906, 8505 
17073 6b2910db-b74a-4b7d-ab85-dadf63028466, 3919 
44080 e2a3bd96-77da-40b1-a089-1e7f0661dfe6, 8505 
98157 e1053959-0a41-4caa-ac92-05e08a4b3ffc, 3919 
11051 ce0cc3a8-bcd9-4f22-b3dd-444b641fef78, 3919 
278565 acbcc216-a247-4cd9-b085-31b5c116523d, 3919 
40669 60a7561f-7593-459a-b452-8dcf74ec762a, 3919 
383923 e6509de4-e359-4fd0-9862-2df4d889767a, 3919 
243680 49b96ba7-27f2-413f-9041-26139d6861e1, 8505 
395571 6b15b72b-c60f-4695-8842-828bb8a3eb62, 3919 
364938 22251ef7-174d-4dbf-8ee0-f835908c6c7f, 8505 
129842 a754b17f-34fd-4c7e-8913-381a2f9acf03, 3919 
280491 76a73dd7-51ae-4189-913c-be9730f3dacc, 3919 
254078 caa70194-e7ba-4200-82ca-62e903de1f0b, 8505 
248250 f2e87d91-fbe6-4f31-accf-b8bf15d214f5, 3919 
342051 0eb73880-e7fa-4061-a15d-bd43c8ce60e1, 8505 
141538 5efac36a-9e04-4e9f-81f1-69e7874c201b, 3919 
91612 281e63c9-4de3-45c7-b99f-12145ae66a9e, 3919 
379392 0c599121-c4a1-453a-b914-ccede3f351fc, 8505 
315750 da9fcab7-242b-4ef2-aebf-44a85a4fe446, 3919 
264259 684deaed-a2ba-411e-a4a4-d4a6a7cc6c9e, 3919 
244641 adc9c7af-38df-4f29-9a65-69336cb7284d, 8505 
168140 1f820cee-9c1e-4247-b3ba-20f5f4e5a6ce, 3919 
402721 40a08f42-eb89-49d3-91e2-3a76645b4521, 8505 
351098 3e55d915-f1c6-46aa-9a22-08a8e189acb3, 8505 
34504 ef17f815-c404-49ed-97e4-ff8bf756ba2f, 3919 
254090 7c887364-b46a-44bc-87f0-3aaa6c8f2b80, 8505 
31212 51106276-f2dc-4b13-a9ee-193ad4d2a828, 3919 
338794 51bac5ce-edad-4a18-a23c-7dd5a8bd3a70, 8505 
109875 d866e812-7622-40e2-83c5-bccb1b9f5611, 8505 
285498 922882db-e45b-4933-b73b-8b6f6ce03f34, 3919 
353647 273a79f5-f297-4648-9cc3-0d8192379462, 3919 
389456 5cf97cfd-39ff-47df-9923-7d1285457505, 3919 
10252 e53ea9d1-8ebc-45c2-b99a-0659e6fdb1b7, 3919 
131490 34ce3499-6e6a-4768-9ef5-aae60acab6d2, 3919 
391203 530d353b-9dae-4c24-91ef-d8252c9f90a9, 3919 
210720 9f2b585e-6d20-42cf-9915-ab3662c59c7e, 3919 
233834 f0ec9043-ba38-4e98-bb0d-8db7627d1170, 3919 
252206 12231ab0-1176-4a61-a6e9-087de0829866, 3919 
368818 b7ebddcd-4f44-4336-88b6-00b20da2c811, 8505 
383833 413de8d4-43de-48a2-b62f-7d0d6d3c3e70, 3919 
268755 2289c7d0-a63e-40cb-b368-fb1244b66fbc, 8505 
314314 52188725-cc25-4c3c-a993-63b9d8038d66, 8505 
36972 9008494f-06b1-4165-9add-fb445f6c47b9, 3919 
394701 69feb71a-0d2d-43fe-a9d4-f8374a476feb, 3919 
382122 b8d182b5-2bf1-4dfe-ba22-0cfe112f3d6f, 3919 
76707 9f093a99-6886-410b-9608-c8ab60c7c065, 3919 
271427 2a3ddc10-57e0-41a9-9cf3-fd84dc17be6c, 3919 
354490 0500f249-7780-4c76-bdcb-c7e0e36d7d19, 8505 
365296 e6986eee-c1d9-4bc6-9eac-485cb6ee55f5, 8505 
43251 5ae87e57-3d42-4279-b132-5f744c97fc90, 8505 
357997 ff08ab8f-f11c-4e4e-a10b-60bf3a6ccec0, 3919 
168873 830ea2ee-8ef5-4ab3-9ffa-499818751a3a, 8505 
15339 a703a4fd-0e5e-4e6e-9a29-f3a4f43544f0, 3919 
14586 47d98fc7-ffeb-4c99-8344-f87bdb02794b, 3919 
108330 bf2bee3e-4d5c-4760-aa33-c9dac65e8e56, 8505 
14436 9007953c-77da-464f-9c07-37c5299de321, 3919 
68104 10cfb1ec-acaf-4760-997e-287ad8f4419b, 3919 
249429 3387370b-f193-48a9-b28f-385009edb712, 8505 
98927 3dd9abd4-19f9-41fd-b8e9-5261c2ccafed, 8505 
162658 32ea9fa0-c97b-42f5-807d-efc2a24b34f4, 3919 
322189 f064eefb-8b6f-40a6-a4e2-9d530b9fce63, 8505 
162850 29ed7f95-8a35-4af2-99c6-1a085c5025f5, 8505 
308363 9f2db3cb-226a-4e98-80b0-d5fe7d2ec89a, 8505 
392680 946441da-c916-4984-a903-1d07a0246404, 8505 
323120 3281d6ef-c08a-4ed2-a6f1-9cdc28df1529, 3919 
196029 42ee580a-0437-4f30-850f-486074e95c64, 3919 
256109 6e16cbd0-0e97-4e15-8eff-f72e83f31778, 8505 
83146 42392952-aad3-4e2b-9f8a-88e8335c11c4, 8505 
85277 72159a70-b4ec-4bff-9905-ebf4c34ad11c, 3919 
256188 df6138c4-bcd4-4384-9ec4-e844d2065a67, 3919 
550 97780d96-608f-490d-a83b-2c10166a4b26, 3919 
291637 c06b08a3-d023-4ced-aa51-d48da838a060, 3919 
148055 5eb949b7-8c0e-4796-a32b-957e18662503, 3919 
138038 b7fc6424-de7d-4931-8b0e-3f053278d0e6, 8505 
165827 6d36dbf1-13a7-4816-b70e-b0a079f1c25a, 3919 
203616 56330b9a-bd73-4a96-b48d-b73f9e9c8187, 8505 
269427 9c38b9ba-92e5-4c5d-8ca9-daf6f44232ab, 3919 
186065 2c22ca3b-b4c0-4df0-a5a2-9f4bea961e61, 3919 
331294 0770c796-89be-4be2-86d4-332e99a072fa, 3919 
123266 e18da973-dfc7-490b-a282-6fb67671940e, 8505 
100991 19b22893-7850-45b6-a339-aaa1dc083fa8, 8505 
61452 2801655e-4604-46c3-b3da-e09331dc3c29, 8505 
269516 9a3e9571-3417-4ee3-bcee-adc514367d03, 3919 
228662 eb1139c5-3228-4397-b0fe-9cc4e27b4d3d, 3919 
365833 5a4a2082-a70a-46c0-bd3e-2020288cf58b, 3919 
330093 aa75a461-4c70-4232-bb4a-0718802a2fb5, 3919 
260145 83deef1e-a714-4329-a8af-4405ff485094, 8505 
164596 1e14d8b7-cdb4-4d24-a818-4001ddefc146, 3919 
368000 1861641d-7a44-436b-9609-d58e3b79c3c0, 3919 
369433 01fb6cd1-ec91-4a82-a8a2-96544c02eaa5, 8505 
301693 e0bab337-feb4-464e-bbe5-0135e95f6af3, 3919 
229323 e91d3152-8461-4902-aa19-87fa402108aa, 3919 
91696 b0934065-0ca4-4343-b96d-3c4c0ece129d, 3919 
146699 b7b3fd77-a440-440d-b3ba-b0386bd5e736, 8505 
224680 7e0b4bd3-07ce-4d66-8d8b-f9d7b9f8a003, 3919 
361987 34d59859-83cd-434c-9c45-114a42ce7fac, 3919 
189522 d761cfad-4e9e-471b-b91b-dcb5300dcd0f, 8505 
335043 2e544cc5-1b61-4683-9fcb-283e8a079a7a, 3919 
105926 e8702e48-d80b-41a8-a246-2a3cf9fd68e2, 3919 
262979 82b3c4cf-1f9c-45ff-a467-d307572ef2bd, 8505 
260428 c35d4ed5-0dbc-4e61-ae59-709ce1690a16, 8505 
156170 73cbcecc-a667-479f-8f56-548942acff91, 3919 
383814 76a31aed-2d25-4246-b2f8-0cab10f4c48d, 3919 
142583 973a78b5-f128-40f4-91c9-8b1ef38f46c0, 3919 
11389 125c7403-da76-4baf-a273-e7a99c5c7330, 8505 
25696 e9486dad-914c-49d2-993e-cd3444fd972f, 8505 
93519 6cbc3843-40c4-40e4-9d68-4af10fdae98d, 3919 
149718 eb945d64-84fe-435f-8b80-bfe98ad50047, 8505 
98463 e11cdae7-aec9-4800-9e83-eac5ec810b88, 8505 
355334 5ebada86-2185-4f6d-b352-a0dc2b971909, 8505 
79573 63df9831-a6e6-4049-bdd2-f10a06bbc862, 8505 
193753 1f83d57b-adf4-44d6-b8f3-44ba149be7b7, 3919 
369637 d7a05ed1-9c95-4165-8290-d700f2dbf046, 8505 
396407 715663b9-ee36-4da8-9692-d8fc9b119372, 3919 
123411 36f7210a-1e83-4e8b-8584-8a64a6d1bfac, 3919 
32028 e311febb-f0cc-461b-bfe5-e7a9298b1b71, 3919 
173491 0e53aced-3ed9-40c1-a97f-a65fe1fb206c, 3919 
229380 666292ba-05f3-47b9-a019-95c1eb626558, 3919 
164842 b72bccff-4c1e-4d41-9a0e-fb726830d96d, 3919 
367320 477dd7e6-86cd-4316-a09f-b94f7ee02060, 8505 
160914 e463aa14-650b-4b7e-9382-768ce92fced9, 3919 
329118 790916af-bbce-4521-9702-67b02e066cb3, 3919 
362020 82a7b484-4fbf-498d-8ed1-d7e532ecaf70, 3919 
377866 8cb95002-b67f-4306-8764-8eed01274b18, 3919 
356170 c92e4e53-4441-4bcb-9388-1adec846e1ab, 3919 
391597 51649267-e3a2-40f0-ac49-f3c3655e064b, 8505 
212615 ec95ec61-c9d7-4e45-b1d0-9b32f8b4a684, 3919 
164031 f30b20ed-68b5-47d8-84ed-9fc7d607327d, 3919 
352723 b1e9d557-843f-4ffd-b610-48c3d6af2eb0, 8505 
342754 f97ed83b-581a-4e61-beb8-85428089dacf, 3919 
188147 99642e08-780f-4f45-8e53-d6ec21c6b69c, 3919 
331877 466d412f-d886-4579-a67e-37c60926f844, 8505 
320814 1ba1dfed-3bb8-4432-a266-446db8052ed4, 3919 
239188 9e3032f4-476a-44df-bfcb-68015bcd5d39, 8505 
99529 ef921a2e-d4c3-4b04-bfe3-52a8c55842a8, 8505 
393040 f63e4987-1955-4da5-af05-92f87a2d73cf, 8505 
304529 acfe7d06-4d77-49a0-b9a7-6784487d6844, 3919 
259958 d0a82bb0-18b0-43b2-a93c-eeea26016967, 8505 
149493 339f470e-cdc0-41df-82c6-d792004d4f53, 8505 
208082 c7bee37e-250d-46dd-a25c-244a7a4ff5a4, 3919 
45456 6d6bfc7f-2b2a-4547-8bb6-1e9e204ab2f5, 8505 
280958 14718bfb-c601-4ff6-b5aa-940811df5d47, 3919 
3841 ff688806-ea70-4eba-a10f-703f381034e0, 3919 
365077 7bd020de-6a9c-40ca-858b-f9e37c755cf8, 8505 
276614 b1fc7df6-7b60-43d3-8ffd-3434a5106ff9, 3919 
52540 a4efcab7-9d64-4039-b5d8-82e7d2c7da71, 3919 
296081 8da1e7b7-ce3c-4159-865b-d1419c5515e4, 3919 
68083 b803413d-b554-4ab5-921a-804d056b3505, 3919 
134389 02350755-d8cb-4dda-a349-7c34b1732423, 3919 
171338 6a32c30f-9544-47ee-b3e0-11485134dc75, 3919 
304149 99283ba0-3b25-4b01-8ff7-e9e80773af8f, 3919 
189212 c9235e38-740a-40c4-84db-b5377aef9673, 8505 
397699 3c98e0ed-18d0-470a-bc45-8cfc0d39ec48, 8505 
218907 a73115ec-ed87-4a79-9ebd-83041cb9c0bb, 3919 
205777 b7556c99-475f-47b5-ab58-0264ce12529f, 3919 
73443 9a7530ff-533b-4265-8957-6f45987a8c63, 3919 
285149 f5c80185-8aaf-4186-bf29-049fc3f919a1, 8505 
13232 2cb934f5-513e-4a1b-945a-55981f3071e4, 8505 
63547 1adaea03-e382-47a2-ad11-3c8665838ffc, 8505 
285953 572cd2a8-d1bf-4abb-9365-6759a3a8f737, 3919 
316775 19de8578-1b74-4003-a090-b1190f4a6719, 8505 
258673 a5595550-5d12-49b5-882a-8648f9392213, 3919 
389428 634dd198-0519-4d15-83ea-f4cce4df2f76, 8505 
400192 0e82418f-22b3-420e-8780-3eff331bb552, 3919 
24738 1bbb78a3-edff-4fc0-8634-fecb7f312529, 3919 
329357 0c64b6ae-342a-43e8-acb3-6b436d63efce, 3919 
388631 464e1218-679f-4244-b88d-b0f39fe3b8f9, 8505 
360836 1437345e-a6b3-4d0f-9d28-4b8499278908, 3919 
304509 9b64258e-f2ff-434d-bab6-a88d68f77041, 3919 
235831 81344dc2-374c-4faf-87a9-98a4ea388881, 3919 
372474 2541ce3d-5a56-4975-b8ac-69377c465683, 8505 
283274 9af9f31a-351e-451d-a5b0-58d2c60bcfd8, 3919 
375214 7e26725d-7501-45d3-b399-65c4f61b99e8, 8505 
313708 1e7780b5-79cb-4672-b2e2-353314dbb2d5, 8505 
193033 b581a1e0-f48c-4036-b338-c6fdf61955e7, 3919 
303969 a5d898d9-ad1b-419f-98fc-f07dbfbf0ba1, 8505 
128344 3017005f-ff82-4c76-af6a-1de81b52c526, 3919 
118817 09161e38-adf2-4a79-9eec-f7644d637a9b, 8505 
98989 a74379dc-94bf-49bf-97ea-ce043d7156af, 3919 
164665 8ddfdad0-ef4a-46f2-b90a-1913e55d3443, 3919 
372790 766de307-2397-40f8-88bc-de463204e544, 3919 
195872 4943687b-07d6-4592-9b7b-5536434bc592, 3919 
81083 b3529df4-240a-400b-90ea-c59186f47d50, 8505 
125596 bc902961-7340-488d-b4bb-e45c3921d1d1, 3919 
302574 19eb4669-4328-48dc-91aa-368a47909baa, 3919 
394168 f2b6431f-c39d-4a26-b2b2-ca245f89ad81, 3919 
97347 f1b8b348-505a-417d-b303-487efe7ded94, 3919 
8912 8127603b-7cd9-4ad3-a09a-8e0f1b0ddc18, 3919 
9336 e95f5991-d702-4d5d-9c90-087a7e112ee9, 3919 
92829 799ff008-ba1d-437c-9dcf-50d5330c8646, 8505 
336522 56977864-8c43-4b77-a97c-a38260321c67, 3919 
241478 402c9f79-912a-4664-a7b6-f1486e8ca55c, 3919 
259158 f3f1235a-a40b-41aa-953a-c19c7b24feba, 3919 
395654 f6f220d1-b3b6-4e73-8f3a-fc1ea2db0958, 3919 
41818 2fd75aac-bdb3-4f1d-be85-3ce5aef840a5, 3919 
248803 5821e648-dd1b-462a-86e3-a62f8ed0ff5c, 3919 
186388 5b71ba6c-6920-4d50-8f51-66bd3ae7365b, 3919 
240905 aea3986f-87de-40ee-8cb8-42f4e4bde4d6, 8505 
253885 0562a904-134b-4026-bacc-6ec69ca9f9b6, 3919 
342213 c8485660-4fae-4f82-ad88-047e9ce9343d, 8505 
219507 689d1347-505b-4fc3-b7ba-f3678d070845, 3919 
142089 1226235f-21a3-4a2d-88cc-1f6bd28d8d6e, 3919 
178499 a2a443d7-8fed-4433-896d-2f06180fa111, 3919 
108493 1e11957e-b1fa-408d-954c-720de804ea25, 8505 
252850 9ea10683-d6e7-4d01-b69a-dfd00281bbd2, 3919 
304760 0bd9108e-0b69-4f11-b110-d2a68ab95926, 3919 
288864 337ce0f0-f858-4201-ba7d-e1851f448bfa, 3919 
20112 21205061-f7e6-40bb-87af-3e65825e8c48, 3919 
165170 f9adde48-ab84-4f5d-b7bf-a16c72e63c19, 3919 
205044 efdbcbf9-92f4-4ea2-92c0-36a194512de3, 8505 
113880 cce5e84c-cd4a-4e0b-9223-e1e42ebcc3d6, 8505 
267010 f6a17d9b-7bbd-4fd1-887c-885b173ee48a, 8505 
155807 228f83e2-0b6d-4612-a426-58e265d03046, 3919 
120886 8988814e-e83d-4734-b6ef-cbfd369a5eb8, 3919 
157003 c3768afe-9278-4b27-8a35-c3dc8ee1f3c2, 3919 
15329 6aa4029f-dcc3-40a2-9c5a-00a33a93db35, 3919 
239189 a624471e-f6ab-4a98-b99e-c176bd29f9fe, 8505 
274000 3f3df772-14b6-40c8-a538-b25d55e5b244, 3919 
18027 0754cda6-8ee9-4820-b5d3-53e8a67246aa, 8505 
279353 f73c8ade-6da4-465b-9f32-798de6957a83, 3919 
335948 01b1acb0-21f0-4271-bd72-4c3d843d238f, 3919 
352789 6016610a-5873-46f4-a402-f2a9f961e30e, 8505 
127174 1124c1d1-75ca-4590-92d6-1c95ce5332d6, 8505 
126514 c7de2c75-8cfd-4054-a69c-e4f257b3b69e, 8505 
248839 5f466465-0078-4c75-9cd4-a76de974c664, 3919 
226393 2ad49b0c-6ed1-44ee-86d8-945459144c91, 3919 
370567 754bba16-1754-4b11-b92b-51b40c835427, 3919 
219075 85092a2e-3ff0-4537-a521-3f97444955c5, 8505 
152711 6a064db2-93a5-413c-86a6-63c25c980652, 8505 
114116 2549480d-74ac-4312-b561-7e6898062bda, 3919 
87035 e499dd21-dafe-4ef3-9ebf-1a6df01f6ea1, 3919 
193391 058851ea-3a6f-48b2-a5a8-38ba05452dd2, 3919 
363406 565db472-0554-4b1f-939f-fabbab5efbae, 3919 
110333 7936cd0c-92e8-48cd-b08b-4623e761afb8, 3919 
155489 3593756b-bb04-4d29-9ed0-72f27486ec97, 8505 
158020 e9d54b66-21cc-4e80-9ba2-3dc63cc4466a, 3919 
197505 99094533-eb5b-43c4-bc32-9218d8e98837, 8505 
26327 81262bc0-2e9b-4dd3-a2b5-0e8e2869f7d4, 8505 
77284 e34f243d-792a-40ec-b52f-7aadf1bc6bc8, 3919 
89273 62ae198b-186a-4218-92ad-0a109be931e4, 8505 
165135 4922dc6b-eabf-4d49-86bc-c653fe45d55b, 8505 
371534 40518bf9-3649-4233-a85e-5021febe41b3, 8505 
94296 6c5ab0cb-4da1-48b9-9c38-9cb70f6e1d09, 3919 
137920 f0e563f6-41e4-405c-81c0-c361356e1e70, 8505 
284040 2d188bd5-9385-46cc-89f9-9c50606aa558, 3919 
310619 6d279db9-8cfe-4157-9664-9edc016d3988, 8505 
261989 c2884ab0-39c8-42fc-bde0-0c3a6c0eedfb, 3919 
129790 d21aa326-e559-4073-be91-13e917c58541, 8505 
223821 682b9044-273f-4976-83c7-1672e6109684, 8505 
74051 dec39cf3-33ec-45d2-808d-478a119bfe1d, 3919 
183756 ecc8ecb0-d623-4520-878e-743c379fc432, 3919 
255920 9a17b07a-900f-493b-bc50-8bc70e2d7852, 3919 
73828 b55f8160-f289-4364-b40b-9a9bbcf69d75, 8505 
286090 e129dd90-5b9a-4791-ad92-0c6de68bf985, 3919 
43520 7aaf05e2-711e-4d48-92b0-304e5f78d6cc, 3919 
303510 6ebb20ca-08d1-460d-97c9-e6143b514e50, 3919 
229355 d19a215d-44d4-4ffe-92a8-bc8e85d1e09d, 8505 
95367 a271a4b3-000f-4372-bd42-6e9c4625afc5, 8505 
220333 39bc421f-4643-49f9-a58b-6f3559be37a2, 8505 
378462 7e15bf1a-4c5a-4bb4-b64a-660b78a99a21, 3919 
311860 6652060f-16ff-4a52-aac3-542069fabc05, 3919 
63995 ebc3b856-933f-4b3b-be3c-b533ad47a131, 3919 
261487 f975d901-d7fb-4b0b-a18b-16b21e4f9e21, 3919 
107791 2d4b0425-19ed-497c-baca-809a1ccf92c8, 3919 
322138 2f266df3-1082-4eeb-a8ee-f984df48cdaa, 8505 
551 9cab60d2-0a48-4b7e-ac3e-e26b4abadd83, 8505 
218522 1974e64a-6599-4f32-90be-16f8f4e0fb7f, 3919 
226347 62b793f0-8a28-4b9b-9ff3-fc88e2ceba2d, 8505 
139840 3f166d99-fe59-4891-b119-f7c7fb9dd141, 3919 
15198 36497a50-2b0c-49af-8c95-3527d6d79c97, 8505 
206854 fb43418e-1d4b-4850-aed7-6f084d395e6f, 8505 
180023 efa91797-a99c-4c4a-b615-f55289708204, 3919 
239745 3fd666d1-f1be-4413-ae1b-3626fd9944f5, 3919 
116590 71f2531b-00d4-4cd2-8939-b180629e4154, 3919 
372112 5a4d3154-a957-4899-8412-931adadbc1bb, 8505 
130750 af5a1a20-ce6c-45e1-a294-b28c2a0385fb, 8505 
162468 15547c46-2fb7-4769-bd4a-d523d1ec8fd8, 3919 
313220 aa211b5e-6eb7-4b24-9593-9a99de0a3ac5, 3919 
72994 d643d4b2-f34a-4586-ba8e-016e16477190, 3919 
245943 950acc84-d439-473d-8a12-e477a8d41d5f, 3919 
2499 18dcfd93-dc5e-419d-9384-3d6de1698c81, 3919 
125094 3d66ce5c-3c70-4cc6-acf1-320b38498267, 3919 
300461 6ce7656f-502b-441f-ab9e-8b12be891969, 8505 
390780 286a615e-3d1f-40d7-a9d6-ae226740883b, 3919 
306441 1c0c0f7f-e477-469e-be6d-86614dbbe955, 3919 
368644 4fe4fdbe-02f3-4771-ac8d-e0a66068e3f3, 8505 
137821 a3244309-b4f0-4bb2-950a-2d312b103077, 3919 
290646 aaf12eeb-579d-49d0-972f-0d4a48ce35c9, 8505 
173866 f0fe1280-2721-4550-971a-40b050353063, 8505 
61238 b4721449-a93c-4b24-81ca-a72901fe97c2, 8505 
232760 6820589b-5dc3-493a-9e57-0c321401a244, 8505 
88820 56b0c9b9-6523-4cd5-b8ea-1b4995d771c7, 8505 
214794 37a44181-03ba-41fb-8684-7ca8f333aa37, 8505 
318617 af052729-3942-4ca6-913c-dd0087eba3da, 8505 
297982 36635344-21b3-4d0d-8516-afe9162ff809, 8505 
391459 221d7fbd-7a7e-400e-9708-37a070b0e062, 3919 
228738 000270f5-1e6f-4283-9053-1eac103755db, 3919 
178239 a61e6462-157f-4991-acdd-9ea87604ebb1, 3919 
35500 a4585431-f100-4f39-821b-b11b8bdcb29b, 3919 
1190 080c663d-c8ad-42f5-9f41-9230a68b1f7e, 3919 
273267 a7f31946-edf2-421f-a3da-a8390625f75e, 3919 
378124 7efb1a60-1f2c-416d-bf54-531608eebaa1, 8505 
114228 d29b920c-c78b-4573-b177-ce6535832b06, 8505 
115012 1cd4f42e-9ba9-424d-bb25-2306e87a08e7, 3919 
110794 0b64d217-8200-4082-bb68-d129c650500e, 3919 
395547 24e40db5-a094-455c-86fc-ee9644842a80, 3919 
334958 245c2637-faeb-4e49-a38a-a28b9cd34db4, 3919 
289724 53606cf8-82f4-47e4-be2e-79de34f92d96, 8505 
213234 1c9cae9c-7ae2-45cf-b8cc-af9f527703db, 3919 
395568 40779e8a-1fe1-474f-a038-c1f8e084e2ae, 3919 
355965 23d3864b-67b6-45b0-a9e8-1346026caa54, 8505 
86708 8b4868cd-e9aa-4920-9c3a-dbeee90e704e, 8505 
136274 edd01442-2b67-466a-989d-ea0a9d4b11bd, 3919 
317678 542d3500-01cd-4627-ac1c-b814b95696c7, 3919 
63012 0653ca56-1411-4a06-8cb3-04039a2f2461, 3919 
225584 1bd6d4f6-4358-4a23-9808-970b28130058, 3919 
181757 69c5bc38-5910-41e4-a6d1-6641ed31ad6d, 8505 
42736 6a39b922-bf9d-4f9b-9590-d05078d2061f, 8505 
185856 d0aef3a1-8391-4c5f-ae22-1d2705dac5d6, 8505 
280501 b41763c1-4f49-46ef-b0fd-927e656aa9c7, 3919 
283140 be865d44-88fb-4188-be8c-ce6565bb7174, 8505 
108445 a520c899-4abc-451a-9265-bbd8fba5c135, 3919 
110766 cd990144-e1f1-44e5-abe1-f3dcb81a28cf, 3919 
255355 6c46cdb1-6b77-4d44-828a-44baef5e2e7c, 8505 
135043 ed40b78c-f2ea-472f-9fd8-70258d1f2f22, 3919 
151450 4cfabfc7-08b1-453e-bdf6-4e30b417b8a7, 3919 
90073 08358168-def9-46fc-a870-33d012df5332, 3919 
304403 e1b50e46-65ae-4d37-b0e2-60358bd219d5, 3919 
383915 c2ad7034-9be5-458f-9a4a-99164e1aac43, 8505 
371985 827a1371-b55e-4f43-89fb-74408bb40a47, 3919 
392484 1e253bcf-f9f5-43d1-b8cb-07f0c1190998, 3919 
57738 37e48914-9e4d-43de-a5b9-d67e38dbda65, 8505 
91862 6be1a753-73df-4b93-9cd4-4f78ea19a35a, 8505 
131963 7344db91-d1cf-44f2-8654-d088d0215830, 8505 
158310 9271a250-60bf-4fa6-aa44-c07cecf420bb, 8505 
257998 389e00a3-fb3e-455d-a2e1-3a0522ae86a6, 3919 
33900 00d286d8-9b67-488a-bd62-a9466fbd6c67, 3919 
91473 46fecc5d-38d0-4b25-bd9f-2831e4edbfe4, 3919 
228293 6b809642-b7dc-4601-8046-41ee60ffc46f, 3919 
359369 54235326-e12a-4613-a5df-757eb90df941, 8505 
102856 b30c7548-9bbd-4364-a585-fcf5e7e5aaf4, 8505 
96578 074117bb-13a4-4f6e-beca-03c8a03bdccd, 3919 
377642 221cbdf6-565f-446b-b3c7-eb1d35f04e6d, 3919 
153875 d1cd979c-4b6f-469b-ad63-a6c62cd61f3d, 8505 
345685 f7e3695e-8ead-475a-93de-4e527604ed57, 3919 
168989 a6de30ae-87f0-4336-abae-677fb0079532, 8505 
44597 5dfc93b7-05c9-4b3b-9878-87852f66b6f0, 3919 
395469 98b3072c-5bcb-4170-814e-ad51b2605f7f, 8505 
352229 6e30bf30-8c57-482d-bd82-343ceea8333a, 8505 
222488 5c359601-1427-4802-96af-5f36c990e949, 8505 
338401 2cbdfc3a-ba3c-4b9a-a928-0975299daef4, 3919 
153247 0c30f67e-0964-46cb-9c23-6e07344315c8, 8505 
240439 10110458-ae24-44ba-86f4-124cf80b40d7, 8505 
133443 ac1e4633-fc21-4c13-95d3-6aa777c29cef, 8505 
165869 5d73bc15-18c4-4321-85f4-06e4dcc30054, 3919 
307608 10b5a96f-7c1f-473a-a109-40847ee642b1, 3919 
158822 75d920bc-281a-44bf-b5a0-5176e57b897d, 3919 
377332 0219969a-9f74-464a-92f7-740f4863dbc2, 3919 
185628 b3d6a08d-318c-4620-960b-d96f5693c9a4, 3919 
271653 590eb654-faa4-49f1-81aa-16585ce4c2a8, 3919 
77395 2bd6381d-3ebb-4160-95e8-6d06a3280f01, 3919 
227942 4b1569d7-60e3-40cc-9250-30144770d1ab, 8505 
171099 0f17053f-2cfb-4ca4-b84d-c96e8579a151, 3919 
119677 6d0df18c-2eff-465e-ba35-22a902710446, 8505 
135060 3ed47ebd-d90d-45b9-a8b5-d8c9b0e3a12f, 3919 
174241 797c154d-ece6-4dd2-a313-66cb670fd9e3, 3919 
195826 66a0ce11-11c8-41ab-af96-68a83180acf4, 8505 
81036 b7ce61b0-ab12-4b93-9f03-c27d0bcda7a1, 3919 
230908 15bd164f-10d4-445e-ae89-44dda5f4584a, 8505 
320718 8f40114d-d524-47fd-9939-8b78a86f10cf, 3919 
269834 fbf5795d-0d8c-4cec-938d-98915689715a, 8505 
217121 3e33cfc7-d576-4bec-a127-480728b2109f, 8505 
96452 46924aec-5e22-4b0a-b3d5-013b1d983afd, 3919 
353780 0b8f7be0-5aa7-423a-8f5c-1d25650a8f5a, 3919 
172091 848b661f-2948-4f62-8a3c-55efe995bfe3, 8505 
87568 e6b63432-3e9b-4aca-8698-1e4abb212d20, 8505 
96292 b87020a6-7aca-47a2-b5b6-f9f9e9cafc95, 8505 
213835 15eab084-7efe-4ea4-b801-aa3d63ea9d9b, 3919 
328054 3dfb1ef1-2352-4fbc-8656-25a5c16e0054, 8505 
275795 0511fc00-bce9-4ce8-b807-9d62835317c4, 3919 
176947 a3c559ef-eae8-4e89-b306-9279623d3eba, 3919 
89787 ac788647-fdb3-482f-b068-3e34e19d9611, 3919 
287815 247f7808-7c9d-40b5-9464-c132dbebd5df, 3919 
309276 5ac7aaf1-7b2d-4f60-8c8d-14d39b50c8f4, 3919 
193355 861a52e4-259f-44b5-90c4-e9d0c6ff3658, 3919 
50476 3dba7067-12f1-43d1-a441-c72570fd54a3, 8505 
190741 4585eab6-dd59-4cd4-a642-a163874ddbe0, 3919 
52905 0aeebe50-33f8-4add-81e3-d00e90eddc32, 3919 
36659 898def2d-da09-4c86-a0aa-311cd0701b7c, 8505 
54100 7bf4226f-9848-4368-a42c-da9e6b59f48e, 3919 
378793 0b7d4617-339f-4b94-a72f-7d29fb4d5fae, 8505 
48417 c6ac6a20-0550-4a8a-bc15-933d26e57df4, 8505 
392284 1b801a0c-39a2-4879-a74f-13ac3d5f03c6, 8505 
124399 036ac3ed-9448-4d06-bda3-0cf858893447, 8505 
275101 97ca3112-5dad-49bb-b62f-06b3f5e65440, 8505 
58495 6ca7112e-6b61-4981-b186-b225e1d5eecd, 3919 
136549 1de4ad58-1572-45eb-8cfb-17d736b27baa, 3919 
56698 77871266-30b4-4057-9b53-370e57acb3c7, 3919 
113679 01cb8a7e-8424-4ca2-ae5f-32a76c48281f, 3919 
145893 bcd06d5b-14e6-4352-9f82-8ea03f3276c8, 3919 
268253 4a6379f5-f285-430b-873f-510a076a6f86, 3919 
222599 0bc0ab08-95c2-4f39-a256-d73240dfe5b8, 8505 
187803 d90542bb-5c61-4ffe-8f17-7eb06fdc71fd, 8505 
310040 4d879123-c06f-443b-96f5-f712807a15a4, 3919 
252682 c664fb5f-1b65-4057-acf6-862b8065e984, 3919 
244902 1873f0c2-4249-4427-b8d7-ac138bb8fec6, 8505 
393068 b5449ee0-2355-4f76-8cbc-de41509e69c4, 8505 
357536 99c83b38-77a2-4ab1-b648-46e3000cc175, 8505 
211064 a075dc1c-4e0f-421c-8537-fad9313f7107, 3919 
353051 afd04e9e-7f34-4c35-9ad8-776000d169e9, 8505 
218638 cbd3c7d7-8b85-4850-9764-25632f75eb7c, 3919 
399145 aa503275-7905-4ede-b3eb-4d45b65ec67a, 3919 
359712 2449f301-f46b-40a5-afc8-5635f31e8d20, 8505 
72666 6ac789cd-1006-4c31-ab1c-8a0a85d67560, 3919 
19911 45f069d8-587a-434a-ae5a-4435af7526c4, 3919 
85337 92ef06b8-9009-4574-8cf6-e2725319bd9d, 8505 
362051 19ab9278-fa79-4844-bd61-0657e18c4402, 3919 
366677 7d032fcf-6438-405d-906d-ac425192ca04, 3919 
51315 d62292c7-318a-404c-8414-d7e7d7427e84, 8505 
318199 18044783-337b-4793-b57f-241d57e5d078, 8505 
74930 72ffe7e9-fa2e-44d9-b871-d0ccf071e287, 3919 
185609 872b5c11-ffad-4b99-a68b-483c9c97d90e, 8505 
343966 7cb0586b-5280-4a8a-8a6d-88fce74f1474, 3919 
324261 524d87de-5eba-4687-abd1-6a8343d042ec, 3919 
72531 efe4e9b1-4954-4e53-9c4a-248fbda6a63f, 3919 
76659 3680e943-442f-49da-adc4-1f0a9bd4ceb6, 8505 
49420 b0e6a09e-54a2-4f96-80ff-27abff1976c3, 3919 
237113 8e4bfe78-5ba3-489b-b7d4-85179e77e284, 3919 
79278 b305a60b-2bcb-44ca-92af-2d09db236e53, 8505 
135586 19cc2658-bcd2-49b9-a63a-677233a8ed68, 3919 
338413 f708d4ad-7a5f-40d5-9816-7a295ccbb32a, 8505 
225308 5e04c858-08f4-4a1f-a62a-23b27ff83b31, 3919 
246833 f69c3ec3-b129-497f-a04a-715dac1dc681, 3919 
258838 ca1cf754-8106-4309-a1e5-dd90bbc9ca16, 3919 
358013 313bc3e9-b0e8-45e8-bf3b-4ced9fb35ce1, 8505 
141158 729d9437-57c0-41b9-8b76-ce8e5c3798c0, 3919 
132436 d1f35b3d-38d4-4723-a307-aec5ed7980f9, 8505 
162287 7915a7ad-b68f-4023-9940-fb4af69298e8, 3919 
122953 19607c10-eff7-43ae-8621-f5a00faea486, 3919 
365206 d497b6ed-7776-4c56-b5a9-a1a55e8e15ab, 3919 
139029 0c66f23b-a807-432d-9899-7b2ebcc31583, 3919 
268959 e4a257ac-f45e-46a7-abed-5992f038c0e5, 8505 
87834 db20efef-d74c-4df9-8846-defce1fd2b47, 3919 
350016 1f0ea2b5-5381-4a46-a811-e013724480ea, 8505 
309349 2463cb75-801e-46e1-b536-4356fca433a7, 3919 
205322 9f49f59e-ac03-462a-94b5-78848a58c111, 8505 
224486 2e1c7baf-e57d-47de-b3f5-582607cfbb3f, 3919 
380726 b3641a0c-1195-4ae6-bc1b-fa6c98072ddb, 3919 
64516 713251db-74bd-41cd-9636-0f48c4a688b5, 8505 
175349 9cdfbf48-133b-4779-8d23-85b8f2498543, 8505 
206980 036d951d-40a3-4031-ab72-a586c1d8a0bf, 8505 
383406 98c33717-0627-458b-a903-1214b51996a3, 8505 
53944 136992b6-ec3e-4a4a-8f6b-1c385e4a89d2, 3919 
377898 93759c1e-419a-44b8-9b3a-4ec5d5fb27bd, 3919 
364435 71a2e673-e23c-430b-962a-a2e366940455, 8505 
220691 15eda6c6-c84b-45d8-a7fd-24a59b0b90c7, 3919 
120991 0d91ffc5-83f5-4e57-b9ce-8bbe1468b436, 3919 
155754 680bfd3c-70e7-4935-9fe3-df3fa342ec9d, 3919 
165696 c514e763-5065-4694-95aa-1f117e40887f, 3919 
207263 b1e85122-a48b-4059-b1bc-5847a28cf5e7, 3919 
403745 0c653328-7e13-448b-bf78-46b7bd0d01e4, 8505 
400682 f52eadb4-dd77-4b2d-ad83-b23595fa2c50, 3919 
52072 352d78a2-9d01-4b9c-9e08-415c3da23976, 8505 
403202 47b59aec-db53-4abe-ae6f-f6504e9d4e08, 3919 
164483 f2e61fc8-630c-4974-8c12-1462fd548b3e, 8505 
144181 34a53e6a-de53-47c8-9524-f08eda95744b, 3919 
379442 7c86a20a-dae8-4153-8fd6-f14c8d5c815b, 8505 
69293 1eab331e-804a-484b-8fa9-024f4424700a, 3919 
189189 0e6b3b57-efc1-401e-ab59-92b447ac8153, 3919 
389585 ac95616c-e5da-4d19-94fa-729fb6a4c7bf, 3919 
144673 7e878097-b181-4270-87f5-eed3b5a37a49, 8505 
51485 1b6fec14-e22b-405e-a09f-233203b6b024, 8505 
244990 62198135-7d33-413a-8f18-dc58cc1f6fe3, 8505 
373431 5e2c5462-0f30-45bb-b5d5-1d72c516d3cc, 3919 
298347 57e31685-7e74-4d59-a30f-c2aa42d24ba0, 3919 
60702 68122f13-83d7-4d10-a180-37387072e5e0, 3919 
360528 730b4c0d-1a3c-43d7-99a2-939ced7c9590, 3919 
74166 8e313332-b95b-4319-abd5-1798a7e7c10a, 8505 
56085 d4960e0a-466f-4cc9-a610-28d46c08ca27, 8505 
338048 5c083792-c52f-4926-8c6e-c82ad3bd6f06, 8505 
136352 f98a007c-330f-482d-b2f5-86e703ff332f, 8505 
108257 707767c5-1775-4aae-9b27-0fd950154b53, 3919 
72744 d1f0a555-8238-4a29-8fd4-5930668a9472, 8505 
187722 a8e6112a-d254-44c2-a178-389838bcee6e, 3919 
288467 1c476ab5-2b01-468b-ac29-f1ab935c1fbc, 3919 
373500 b523ede2-6885-4a78-9e95-b6657d4d1fd5, 3919 
145509 2192dd28-0db4-4c58-9ffc-772440a339c2, 3919 
30855 fdc9b3af-c017-412d-ad37-1674f9bd246c, 3919 
373547 6864831a-03da-49b2-966e-dbc9b078113c, 3919 
207695 8cf0c177-3124-4201-a265-cd4aee62ed2e, 3919 
197388 9f0e1ab7-6b21-4b0b-b52d-ee034fa60e25, 8505 
204021 ef7c0ed2-b33b-4522-9556-b728855055ba, 8505 
261456 5ea21b60-ea86-419e-8055-4665c9570a47, 3919 
31906 eaa76880-5238-42e9-81c3-52fce54ea3cb, 3919 
131367 7ca89c5d-94a5-4f1d-853e-154bdbd6cdcf, 8505 
206164 20aefb91-435a-4d57-8449-87053890e0ff, 3919 
342966 35ff7112-9378-40cc-87ee-495a08f6031e, 8505 
369489 80f38c0c-234f-4fd9-a808-f4242c3f8655, 3919 
252167 ccb92e7f-95a3-40a0-9938-bd4bcefefe8b, 3919 
124353 0a57f3d5-066d-4117-9e54-31c92cfe12de, 8505 
350834 4a110ca9-fbe9-496e-ae32-cdf7f5882517, 8505 
45526 c60341ee-f232-41dd-bb5f-aab59a95d6cb, 3919 
305919 1ff85997-becd-444b-a76e-40c433d59513, 3919 
96650 cafd25f5-bb9e-4471-9c90-1c19499de0d8, 8505 
107072 2a04cec0-4e99-4e62-bffb-da93a2113312, 8505 
204367 8c42eb82-bdc0-4c68-931b-7105d3316bbd, 8505 
36944 e27df2f7-486c-4568-bd8c-3270d5c68dec, 3919 
300671 6df64c9b-ed3d-4f99-97d2-1a764466a66b, 8505 
10376 4462d657-5bb4-4c2d-ab29-f62f3fbd5ae7, 8505 
319750 32e8b8df-b2b4-4281-8f83-0ec4ed81f3d1, 8505 
71792 19e78367-748e-4995-81f4-6947be5ae6b5, 8505 
328304 ac3eb60a-afe2-4d7d-834d-c0fe219f80dd, 3919 
42871 2d711f98-c826-4abc-9bc9-b05a35a84fb2, 3919 
193699 fd7d50cf-d81d-45fe-99cf-f1896c183f23, 3919 
284413 7ab5d3b7-bd09-4d1b-ba18-478c6bf67f5e, 8505 
397007 0dcbbdee-cdac-49cc-ab4c-c879f9093cff, 3919 
81922 273d0965-3805-4035-b947-3eb4df13ae13, 3919 
232446 74cb7892-3fae-4d2f-8637-f0ee896ee7a2, 3919 
196036 ae46dc85-770e-47a5-8ad3-48c82362c222, 8505 
352012 ef057f15-69d3-4b75-86fb-07dbeae161ac, 3919 
114015 7002f5b9-831f-4643-affe-c5555d61544a, 3919 
88700 b1afbebe-cb82-42c9-b4c5-9937721f5013, 3919 
163965 32149aac-6d55-49e5-88ee-fe1a0bc2d48a, 3919 
387785 b2d00867-36dd-46e4-96c5-a8c6d4e6e7cb, 3919 
328744 4a3f94c5-0fbf-43ef-95e5-9cf9111ae619, 3919 
12817 80dd9cf3-a587-4bc2-8dce-a18f95d26d15, 8505 
55549 766ef711-1264-44ce-99b8-6f1ba3a26675, 3919 
282379 66371ea5-28c8-43ca-aebb-29d4815ff38f, 8505 
192962 33652ae2-973c-46b7-9ad6-3c6fca39f242, 3919 
52410 648dce65-9978-4134-bd59-6d69cc6f28f0, 3919 
209359 fb6d0e17-0cca-4368-8390-8f6fd175a0fa, 8505 
227984 f856498e-18de-46d3-a268-86d1de5bb886, 8505 
95441 b8f15022-fb2f-4a8d-a745-740447440852, 8505 
15229 31923310-4a0c-4b78-a471-67a5347d35f1, 8505 
160791 a5b27ee5-41aa-40ae-98ef-426387afded0, 3919 
324550 8049b932-585d-4145-aa7f-684dd902bf86, 3919 
16515 d519a265-3e06-463a-a0d2-5f127faf9890, 3919 
57261 e4ef62ea-5a92-401b-ba5b-49058618c1fd, 3919 
335467 95615e47-3b54-46ff-8163-a167484732d2, 8505 
179821 98e08a83-0912-4fc9-820d-91f76b996ac9, 8505 
346183 d7030563-3660-429c-8e57-4be2a33f5d0d, 3919 
100614 5d4de8bd-1859-4dd4-9cb3-4d5b6e005b4b, 3919 
362430 7e5ab480-2ffb-413f-810b-a49c03dc1711, 8505 
163456 9c01c9a0-c154-4ce9-a35c-bb1757f198ea, 8505 
128376 28c96669-465b-4d5c-8b51-a81e763783bc, 3919 
55933 af130a1b-5f23-47e8-9006-e07236bfe855, 3919 
135963 bee213c2-33c6-4713-aa62-21bf4dc19903, 3919 
313321 46ba3e23-9418-4901-bfe1-48bfb742c64e, 8505 
373152 21f4bc93-1466-49ea-8abd-a8a0e86251be, 8505 
152546 2d8a2bc9-0f88-41f1-8919-054c0599130b, 3919 
385283 6469c3d6-f2a6-473e-88b1-4fab63af782f, 3919 
131635 e8f26e37-9a42-4b77-a04f-1e5503d9675e, 3919 
245499 dd41eee5-67ec-431d-881c-046479c51d06, 3919 
345625 b1efe635-0a89-4c6e-ac21-f718188c374a, 3919 
117692 80733819-e6d9-4511-b98a-d419e0141f0b, 3919 
186234 95783962-ae10-4bef-a971-4d6745bb3146, 3919 
221669 d75f4a1f-d6e1-4d1f-b2f3-aec2d9f5f58a, 3919 
371872 f0ab0e94-2618-41c4-84cb-7b1a13995880, 8505 
223951 a694ff78-a3b0-463e-8e63-83234d3e60c8, 8505 
310339 1c2b4d0c-0792-4a60-8ee1-8ba776f90f79, 3919 
172643 5506299c-7e22-4bbc-afea-b654f80ae444, 3919 
91359 10f0f095-d981-4c6f-976d-f428a7ac3dfc, 3919 
35012 5b64a156-39f1-4824-b4b2-39c68f0de0f2, 3919 
19553 95332861-91cd-4c4e-b1fe-a2d3e6d42085, 8505 
372000 ed4c01fb-d6f2-4442-94a9-1f86f36bdeff, 3919 
234561 790dc37d-71ca-4ce1-91c6-675c7f95002b, 3919 
387611 bcdd2764-f813-4eb3-af77-b55a65b739b0, 3919 
246717 fbff881b-5e67-4c3f-aa79-93c4925121c5, 3919 
79814 d6350fbf-3ced-480b-9135-3dba34d9d9eb, 3919 
111427 35887b1b-1a65-4698-adba-60425c713eab, 3919 
889 03f97947-b464-44e9-a719-6177344c2fc0, 8505 
302855 77aa8ba5-db09-47fa-8be3-e2dfe6328857, 3919 
235232 7469d412-5dc7-4fb4-b0da-eb9af7cb1f7b, 3919 
211072 4c5777c2-d49d-4c06-9c9c-2310df918bbc, 8505 
124634 153b57e5-1c3c-49f0-a4ef-ce1cb30cb9e5, 3919 
271878 10fe6529-5e45-415a-a55d-e500c7e5a003, 8505 
48390 8d838650-e51a-468c-8a3a-a88af8b48e72, 3919 
381591 78e93984-aba4-4950-bacd-0acb3a5848d3, 3919 
351753 2befbbd8-0b1b-4276-8413-ba5f22589a33, 3919 
31238 d826e408-352c-47e5-8456-4755ca714702, 3919 
361908 4a916632-2024-4901-a7cc-fd254e0ea8b3, 3919 
109220 fb847f17-3528-4be6-83ee-21a14d57226e, 8505 
374685 324fc887-c4aa-47e3-af97-b72fbd7b3336, 3919 
184701 4ef12d22-99b6-4ae8-9763-b518f54c1ae7, 8505 
19752 89862c50-cb7f-4cfb-95f7-f39e05b7c1f8, 3919 
310232 6044e73e-9565-4141-ab99-b923854dbe13, 3919 
327954 a954bf74-78cd-45ac-9451-5881a52d4018, 3919 
80221 5367e606-78ac-4c07-8786-9c4ba5feae68, 3919 
169669 bb9d8121-7fe9-43fe-8148-90bc4e7f40e8, 8505 
321886 1a966e37-1719-4801-b887-6d7c5b012ff5, 8505 
397384 7ce5032a-7664-4a4a-90df-603f17cb4e5c, 3919 
151853 e828ac8d-9c64-40a3-b073-49dd6adb8e54, 8505 
168718 aba0cf77-9a50-4672-aba7-8d1e92a86c44, 3919 
357019 7d0d46df-dcaa-419c-8789-3703437ffde6, 8505 
179440 e3e9df5b-301b-46c2-b725-f8d5444db08c, 8505 
85398 35984484-3262-454b-a7f4-3aa266dd28fd, 8505 
201678 21a86b90-b468-4538-94ee-ba5c216e4ae5, 8505 
40468 e3c68e16-de6d-414e-9abd-eb71aceb2be6, 8505 
384271 d7bcdbff-dc71-490f-aeb1-a1e44e252524, 8505 
333455 2b633f3d-3932-44d4-b9d3-33164b6c6049, 3919 
87825 b1e35b1e-f099-497f-8007-26ec699ad37b, 8505 
279506 914b634c-aef2-4988-9c28-fdf168cb677d, 3919 
375296 f1593fd3-25db-4bac-b092-e3e1ec457ca4, 8505 
125951 d0b4208b-cf36-4901-9a6b-9c6c9e9d2bdb, 8505 
314588 e6607fde-8ecb-4ff2-a312-f8a61c60dc29, 3919 
304453 1c7291a0-dfaf-4e98-a590-a76c79ad3e0d, 3919 
308313 9983dbfc-d84c-43ba-a392-341420e82af8, 8505 
45257 00d74d0e-10f5-4de0-a489-bdd6ea03a6fe, 3919 
314959 c428f6f3-bbef-4cdb-8d58-ea0653da9a94, 8505 
267986 342fd1f0-00b2-4a39-ad6d-8c026210cec6, 3919 
235820 1440db69-f61d-4f4f-b785-a57dfae42e46, 3919 
291731 1539432e-da40-40bd-8910-9a62cb988bbd, 3919 
147414 424092b5-9b0e-4431-a993-c3d9d3277511, 3919 
11543 be99ecdc-03a1-4834-a3c0-5b30139338a4, 8505 
371505 a413d413-4724-4a1c-af75-74fead055fea, 8505 
20923 cd224bab-77bf-4615-93d6-bddb7dd9cbe7, 3919 
146110 02c0582b-daf5-4c89-b0d4-e6d53aeb8a67, 3919 
289128 ca7ee761-f768-4410-9151-61b7a828aa9e, 8505 
85265 c240bbb8-eba9-4bbf-a666-eba391ad6ad6, 3919 
235212 940d654e-325e-4e80-9992-32ef4d85c43f, 3919 
169422 5d4d8e9a-ebea-4f2c-8426-6cab8ced0b91, 3919 
283818 4e13077a-e4c7-4526-ba82-1f09bd7f8aab, 8505 
139553 6c3ada60-67c8-4ed0-bc3c-dbfa4a6c9400, 3919 
338997 b98d4d7a-051b-4b99-a71a-b74506496358, 3919 
114566 12e31790-8ec1-4e08-b3fc-25ec0b1a01c7, 8505 
190740 3a358eb9-b227-4437-9af7-23289fba51c5, 3919 
116858 55edd0ac-007f-442d-9e37-2e38428b6b9e, 3919 
309565 1ea8c055-9f8a-4148-90cc-3849a0c2448e, 3919 
178054 40e983af-c461-4c89-bf3e-f6b783b338ed, 3919 
389085 e59e1bda-b8c8-4675-9110-db3123a69882, 3919 
256782 3663680d-2e27-4de3-8ae8-c25d7c56d7ef, 3919 
342250 c7076ecf-970a-4355-abba-eb33cc81f50a, 8505 
184404 bc0de75d-dcdc-49c1-8fdc-d9098ffdf295, 3919 
334966 9b1d7de7-92f7-42a6-9db9-e2d7dac2405e, 3919 
66102 5e66ae23-0ee8-45b0-9618-001d63260f50, 3919 
254146 89109d43-305a-4bcc-9323-20c62297b31e, 8505 
293022 1399a0a6-5a58-4449-acd5-5666ec3c2ae7, 8505 
289687 2911d7f4-4ff2-4486-90e7-3d662b4301b1, 8505 
79528 9dacdd3e-ea5e-4a28-ba4c-8e23ce820111, 3919 
381036 aef1fd34-95fd-4d8b-a061-95d42ff694f6, 3919 
6775 fad93a87-a4c5-4a31-a501-ac6b00ed21b5, 8505 
299651 f49b4a57-4ab0-499a-b1c5-2f0d6e394865, 3919 
129004 0dcd9e39-a3e1-4783-b86a-d1a8d09881bb, 8505 
317119 9f8988e1-0866-4aef-bd41-8de1fd285780, 3919 
114774 efe8c179-45fd-49a5-8dea-5f8be1a42bd4, 8505 
60356 37935d2f-921d-469f-ab21-9257f4509533, 8505 
400858 49da5ee2-0eb3-4d71-b235-88c947042d31, 3919 
139538 be7a0b2e-ca02-4b12-843f-f54d2c198b50, 3919 
116112 50d1c6df-8da7-4423-bf33-55be9fef9fcc, 3919 
134482 c0fdf02c-694c-498a-b285-7b238acaf530, 8505 
250533 bc21448e-aab8-49e1-a0e6-ef132fd74ff1, 8505 
208492 9a1ef01e-b387-4a0a-8159-84ad1d30d095, 3919 
227680 1d09d940-2dc6-4d6e-adf8-6045f5fd77bf, 8505 
216509 374044bd-e912-4dbb-ae28-33f7dbfdfbf3, 3919 
312267 873594af-da5b-475d-b7f3-be17a70735b4, 8505 
339334 0b0c57c8-bd48-44fb-bd7e-4297ac323a23, 3919 
131120 1498fe0b-dedc-4990-a69f-2fcf9c9d6752, 3919 
115558 5d40cad4-92a3-48be-8b56-b35f2df193ed, 3919 
241637 8ddaf751-2539-49a0-a7cc-c442a27743c1, 3919 
149218 8577219c-2b4e-4de7-8e2b-6d958a25265f, 8505 
87984 914403fe-97be-44e2-8f72-6fdfd558eaf7, 3919 
125237 0dd16271-5dfe-49a6-97b1-af16976bdd9b, 3919 
78245 42097fc4-d03d-48be-b553-18bf22deb714, 8505 
79203 8d4c2ae6-a208-4de3-8ffd-5e4d780d9b26, 3919 
298977 eb846ac3-d56c-40e8-b2a7-0113eafd4def, 3919 
395882 e723644e-f57c-4d3a-8bad-14836ed6509d, 8505 
271917 8f21e64d-0a6d-44de-836f-7dfc88794863, 8505 
110552 01cbbb9b-bafb-4d67-8271-9b8fbe3b1f96, 3919 
323710 f8b6253a-a139-4297-b3ae-a2d1be3c9478, 8505 
50165 9622b8ec-2b6d-409d-aef2-bfebf6ef3fb5, 8505 
147294 03d48c6a-0ba4-4e34-8847-1438c5e10f46, 8505 
80894 44967c75-4099-490e-8464-24fe9579fcff, 8505 
22666 68203f57-eff8-460f-8529-6bc914601086, 3919 
296591 c5c4bbf8-fd7e-4896-815e-a67629ec994e, 8505 
359452 e95a4db4-dfea-49d6-b8a7-25f2e9a44cc4, 3919 
206945 16cff479-2977-4645-842f-424dee1fa100, 3919 
362774 5649ae66-0a2a-4a87-a7d6-394745afd51d, 3919 
137267 871f9d76-5d4f-4dfc-9caa-72a5bbae84e0, 8505 
363473 f5709b9c-aea2-4e5f-a875-546dbde9edb8, 8505 
18240 dff7ba68-51b4-4b81-bb8a-b08c557fad89, 3919 
200550 007e84ef-5d7d-4b00-95d5-5eb8ef752e83, 8505 
35382 964b2774-517c-4e37-974b-6c02087e4999, 8505 
246551 fb504081-184d-4f8e-b352-df8134d553bc, 3919 
112646 5b6ad1e2-6f30-460e-9fb5-11145082fe7b, 3919 
10749 d64fc84c-a7ab-41cd-8e24-5dccac6f39d4, 3919 
279790 214983b5-6ba4-499e-b4bc-2b76a2e4e26d, 3919 
309670 eeaf3e0e-790f-4064-9499-efd748e67058, 3919 
145269 808a0431-d468-49da-9de0-54995d97c852, 3919 
177512 fa255bf2-346d-4471-9194-dd7c6cdde588, 3919 
52750 42cc29b2-46ba-41c7-8215-eea9015d44cb, 3919 
238642 0a2c89a5-c971-4057-87fa-dd6388bc7bce, 3919 
320014 e73134ff-adf0-48ac-ade3-0f5e80769fb5, 3919 
50153 794182f4-c976-44d4-8ef0-fb47cb5455b9, 3919 
74929 318a1676-84d9-4e2f-a64e-275c5c7649df, 3919 
196369 efdc7974-28b3-4911-a096-e7c3bc1ce307, 3919 
308775 48961624-14b4-4d9d-9c37-eab7f7b1b05c, 3919 
334527 82a62e08-b79d-4fc5-9180-4e5ffe4dc008, 3919 
118283 b8633141-723a-4fb4-81b8-484dfb4d45cc, 3919 
218309 34d136d0-e34d-41da-8f79-d62dbb21ff0c, 8505 
178180 b3de4d95-2c46-4d30-9c8a-097dd62359ee, 3919 
203779 2fa7fea2-868c-4076-8aed-7086940d872f, 3919 
35770 305e0a21-486e-4a95-b8a7-d05d9e4e5b0d, 8505 
222129 66f0e50c-80ef-4f96-80e5-7a39c673077c, 3919 
232721 f086dcb3-02a9-420b-a1eb-4f9f2def7820, 8505 
310585 b8b05a58-e39c-49d2-a749-457a92bfc909, 3919 
171484 df7a125c-467b-48cc-b3aa-2af61ca6120c, 3919 
81596 db99953b-5fa0-4d34-ae7f-d747a54abe91, 8505 
298905 41b2545f-14c7-45d4-91ec-23cb951b6704, 8505 
351315 5a9d7b51-dca9-4404-bdae-7586c9d0a3ed, 3919 
356654 765d2147-2c9f-4ea1-8d6b-a12058d51b43, 8505 
79538 0afecbc7-b13a-4282-bc8d-8dd54df3d7da, 3919 
290793 5cb85f8a-c403-4a38-94c9-f2bcbd56dfa4, 3919 
62310 fc23ec5e-da93-4ea9-93ad-919e68f97707, 3919 
399745 ba228135-0443-45bf-808d-bdc082b277a7, 8505 
271411 31e105b9-56b8-41e6-9075-abd32fad5c47, 8505 
219310 5ac04e7c-a4c3-44b9-84c8-2a849df17ff4, 3919 
361135 690707da-67f4-4765-8249-2a6c4114a36f, 3919 
20171 007119f5-7578-4d22-9c11-c41cb096896d, 3919 
264484 5b60a4a9-89a6-4c2d-b1b7-938953082e58, 3919 
3204 320e7e7e-ec70-4c3c-8821-7c8f743de9b4, 3919 
393974 dfb44e8b-9471-43a6-9e5e-1b4f57bdf851, 3919 
282877 c51dbe54-76c0-46b3-8df4-721b8c78863d, 3919 
261426 b4dd3a14-9d00-451b-aa5b-3f0bbfabfab3, 3919 
100446 c0fdfaeb-8658-478f-886b-aea0584bdcc6, 3919 
49346 8f3a1771-eb26-4339-b58f-2345b095ccc1, 3919 
8105 8719522f-f6dc-4179-89b0-8b33f2beb593, 3919 
75636 1c72fb9f-3672-4712-b5a8-9b4370cd386e, 3919 
61165 3fb81e1f-fc1b-40a6-83b0-cb47f6a70401, 3919 
109287 d2a91c51-a2b1-458c-9ddd-062ed5c702b1, 3919 
233208 7264d40f-2a35-4aff-860c-6e2761812db7, 3919 
88091 91340e22-ad69-4845-bcd1-3f457a8fcc7d, 3919 
72868 e94a3334-695d-4d78-bc69-2e4397d2ebd5, 8505 
220090 c38360da-f8b9-4161-bd74-b237eeda1607, 3919 
139518 d2ce934d-b514-490c-a3de-89322c8957ff, 8505 
207291 0b5791bc-a60f-433a-adb1-1988d578d0bc, 8505 
208500 8d18a120-c6e9-4319-a019-3891c60b0f4a, 8505 
124470 7e2e932b-50ea-453a-b2df-33e2306600e8, 3919 
397147 6ae946fe-99fb-4bb2-a378-8786d17b730a, 3919 
160657 03f471e6-f307-4aa2-a14f-7d7c25bcd6f3, 8505 
307441 9bcc4258-f68e-4a3e-bce5-5e393651c4de, 8505 
259601 cc1f1284-7ed8-4178-83d4-5adc75cb4324, 3919 
180229 f7d2d540-e0b6-44bf-a6d7-867557c30d6f, 3919 
19445 1ccb699f-d9ca-4829-a64c-48a8db54f828, 3919 
232158 e798a882-19e3-4760-bbd3-b2b715b0053c, 3919 
282387 5f5638f5-f23d-4133-97a3-d03d1ce4db41, 3919 
252838 1ef34b88-640e-4b6c-91b8-4d110d1b071e, 3919 
193238 990bb40f-3c07-46fe-9d30-277f47916758, 3919 
347405 30561084-81a9-435c-8197-af55acf33233, 3919 
315213 72cc2193-dedb-4209-96ed-fd8206e04085, 3919 
20715 2097fd80-8222-44df-857a-d276ad5fefd7, 3919 
230778 6035ca89-1073-4a63-a111-77dbd82e9636, 3919 
274311 283b0c07-66eb-49e9-8572-363f1a2d8dd7, 3919 
42003 a092bd51-3f43-4c68-8ba8-879a3652cb9a, 3919 
10836 5cbb4468-f854-425a-bef1-d590d480ba3e, 3919 
28567 b41f4566-1e4f-4d6c-9dca-cbc99d5feb72, 8505 
288332 37b2c0d4-5d4d-421e-9014-22b32cb96f8a, 3919 
110654 f708b44f-90f7-41d1-b7a6-2c01b08861ab, 3919 
141373 b26127e2-705b-4c8f-a54a-8c468af8e124, 8505 
290529 deff94c2-7729-4f31-9b59-d7c977b778f9, 3919 
297526 b22bf106-fe0d-4fad-b7f1-d567d3a0fe2f, 3919 
232149 58d0e491-e9d9-49e0-8ec7-6e2f3b198330, 3919 
309911 44b84736-d11a-4c5b-a250-410c77be2742, 3919 
102638 fa185b98-614f-4469-b397-a9e3c4d8d314, 3919 
135040 5e79b930-bdbf-483f-8dd3-7ef42313fe07, 8505 
55653 c2bd01f7-86ff-4fa6-95a8-f3cb7bb76caf, 3919 
202405 543373ee-4b84-4c07-829c-cd4d6a4a0546, 8505 
24267 7a736227-dd3b-4ad2-ad9e-bd4abd562d41, 3919 
293599 1a43ef1d-e352-4e4c-a6f9-013892eb4ea2, 3919 
71628 6c72d290-001f-4053-8db6-577d3b461db4, 8505 
248950 1cecb1ff-4126-4d30-a4bc-4fe7a4e3aad5, 3919 
12199 ede6c1ee-9e4b-4792-b35c-33fb385f9e5a, 8505 
401089 81903372-6172-4fff-8879-1b4528919883, 3919 
116171 13f2fa8e-4021-4711-9dd2-09496db0fc6e, 8505 
374518 6a753ca5-1383-4421-b9c6-0893524f1c98, 3919 
144714 54d900e9-18e9-4a2c-bcb6-976da667414c, 8505 
277300 499b6537-403b-43cd-bec1-7249a8ffa2e8, 3919 
292107 55f123c5-6172-4803-a124-04b5a5b64e23, 3919 
108132 57c5d135-7c25-47c6-bbd4-0c84a075ec80, 8505 
13709 ff97f229-8a2a-4e0c-a1dd-c6b3923f0d12, 8505 
121021 c4ab13d8-3a43-4779-a5c4-38b7d0b0729c, 8505 
35996 520c25a7-60f4-4c23-83d3-a59998f7b04f, 8505 
237924 e52c55b8-9cfc-45bd-b390-c8441237137b, 3919 
95167 91177b1f-c712-421a-9b7c-64f049ebece1, 3919 
85413 71a67c86-aa1c-4e2e-83f6-267a12ab40ab, 8505 
380190 bb64f67e-1a37-47a9-a693-dc22b485b58e, 3919 
240209 cf92ac1d-b898-4d0c-a750-77d7d3616953, 3919 
243503 28cbb844-a5e7-470d-afde-8c1555bdc424, 3919 
361597 35fead14-dd8e-4d02-8d11-e72b3252ce75, 3919 
345020 25c84607-4906-4b66-bb98-6fa65cdf2824, 8505 
68462 13d03f0a-86e1-48bb-9f4e-7a150d9ad8c1, 3919 
116190 e6d0555e-535f-4902-adb6-c71f986c5b4a, 8505 
29050 e9bd6e7d-1f13-4978-901a-0129f86902d0, 3919 
375560 611d7b83-532d-450a-9189-6de9119782bc, 8505 
266389 bc5970f0-b634-401e-b478-90dd9e074f39, 8505 
200916 ed6a4ace-9241-45e4-bcb5-9a9a258f8fe1, 3919 
87659 13768401-9fa6-4ac8-9924-5278bb65e726, 3919 
255122 d38ba588-0f96-4415-8c8b-33151c313cdc, 8505 
132955 701d05bd-b7a1-4b97-a377-14e973911828, 8505 
136770 af138c63-65fb-4ca6-8b87-6250816e5398, 3919 
53316 a58bc2ab-64e7-4b15-bc0f-1a60059f524b, 8505 
44333 7c715c03-0b31-471f-b2b6-63c86dec05c4, 8505 
135347 117fe285-3575-4b9f-8bb0-5fd8dd72c581, 3919 
120798 ee26db16-0349-4413-8123-f13289bdadd2, 8505 
320953 fd1de0b6-c4d4-47b7-8d7a-664993d94d9c, 8505 
318947 c63e0fbf-8957-47e7-98ee-1236fc24e21e, 8505 
201679 dc50202a-e7a1-4e38-b36f-f212286f0342, 3919 
358317 7b64caea-f1c4-48bb-aecb-34ab45a06d85, 8505 
165469 7fa68d68-0dbb-47e3-b94b-a10f1dfb9277, 8505 
266245 7c92a255-5b12-4fda-820a-d4c0f40bf831, 8505 
369223 1078554d-4f1c-4326-b2a2-a16079a96842, 3919 
73599 c7aa03ae-cec6-42a4-9516-1b481c36af0b, 3919 
298423 d6c70e8e-7c42-47ce-858e-ab9336a53250, 8505 
314484 31c84611-5d07-4e3a-9835-156dc4bb4103, 8505 
314176 961af8d2-a8e1-44fd-98e6-e8f020aa79d0, 8505 
241423 54b267c6-8a44-4d70-b09f-fc16a3e6c274, 8505 
271508 f96e755d-ff20-4967-be8f-a3085237bb1e, 8505 
215141 ff8f2d19-dd39-4c56-864b-346b3d799dc2, 3919 
56904 bf1cf166-048f-4007-a07f-1d9085acf806, 3919 
115622 7258de70-39d9-4196-915e-cbb02932f3a0, 3919 
162006 e18160f3-3830-472c-8561-2ebb78dfaef7, 3919 
149819 4e7f054d-5269-4dac-88a9-cbdd0fb96fcb, 3919 
115940 f3c7829f-249f-4686-aa7e-830deb24e3e2, 8505 
119367 1a5e744d-9938-4b40-bc98-277ee42d5d3b, 3919 
296874 1677dedd-66e3-4131-bd23-9d42b30d58dc, 8505 
373909 62e9cef1-68de-4f3e-9f29-93f40317c602, 8505 
131945 d9041b9e-d934-4959-bdcd-78bc92b49f37, 3919 
31810 49961c59-b435-4b97-8f28-ffe0adfc50d6, 3919 
384698 77cdf36e-7914-4828-acc8-ad084911726c, 3919 
115041 67140fec-a277-44d9-9ebe-d81af62bfcf6, 3919 
206847 4d43909a-2f9e-4a3f-baef-8162f3a6aeaf, 3919 
161412 f9217e4d-944e-45e5-abe3-372d9e6139c0, 3919 
282937 87d6a2f7-dd7d-4708-b2c2-d3287b6f2f14, 3919 
378354 b8e0b5a9-1198-4912-84c1-86ca34b1c232, 3919 
279118 006e6b88-519c-44b7-87ff-48d218d1a2d8, 3919 
306556 38ec34f5-4911-43ea-93a8-325853733beb, 3919 
140235 f0a9ea62-5548-4db0-828e-fe294dd7d25a, 8505 
231896 3778de77-6b16-4879-acd2-b369825259a3, 3919 
356682 4732d02c-3dc7-423e-9ead-d15ec07a6241, 3919 
344701 f6c759ae-c31f-4a39-8043-1d06abfd2a11, 8505 
184443 ac782018-095b-46f2-8205-66fb1c6ba51c, 3919 
393239 795707e6-55c2-4fdd-84c1-103511a770a7, 8505 
72766 90f06fe4-9b7c-4eb4-b846-e2be17bd9b80, 3919 
204402 0b908d97-5ea8-45bc-9ced-92e65d9c3921, 8505 
71040 21242e0c-1c96-4163-8931-dc2e0e42f809, 3919 
26581 ce077c87-421e-46b1-abf0-40eb34fe34ca, 3919 
81184 0adaea58-359c-4e73-bebb-aa5d54bc6baa, 8505 
377594 95853acc-7f9e-4474-a255-a4759cc54749, 3919 
36342 2e9ec632-4f17-4148-9291-97f31bc8ca00, 8505 
188604 e1aba74d-40bf-4b6b-b190-043b7aedba0a, 3919 
117497 8fdd1482-9d51-4d76-b594-52b9fede932f, 3919 
204500 cc751034-6067-4f40-8eeb-5b714c2f4b7d, 3919 
276685 b61aa55e-aadc-4222-8af3-1b0d37683f12, 3919 
359956 7e1bf2ba-1a82-424a-97df-07087294e498, 3919 
313144 5d364563-907b-473b-8dc2-f444e91cf144, 3919 
396687 48b0abe9-62ae-4433-a0e6-f513980b7d27, 3919 
381290 9066fdc3-7f2d-44d0-ae32-812f2ff6e99a, 3919 
82356 46872c1e-33f2-4d7b-80bd-4244608597c1, 3919 
374981 0c2d6e45-9fe8-4c25-8abd-b5e41b7ce1b7, 3919 
310204 baa018ee-49c5-49fd-b9bb-40f147b82476, 8505 
272633 1ff12a16-2f6d-4ab7-8fd8-911c841ba6d4, 3919 
161162 49693632-01ba-4cb9-a942-afbb6421ed6a, 3919 
34034 13ddc30c-ef99-4de3-a0d8-cece4e2bd059, 3919 
345240 3e45903b-5968-4c42-b6cb-623e5fc09a31, 8505 
296691 3d35e5ff-6623-48b5-9e5d-79962c049149, 3919 
107818 419f21b7-a41d-4e3f-a8da-e6204006ae91, 3919 
315277 f2b4fa23-ccbd-4c03-9c92-1b70e209819d, 3919 
339133 b99c671b-6a5b-4e68-b833-08545cdf1aa7, 8505 
313113 b093968a-21e4-46ea-9845-edc75399f10b, 3919 
129440 bd95198f-7574-4397-a472-2b2da0fb23e3, 3919 
203126 149e0485-3cc9-4d14-8a89-d25f3eeef5c5, 3919 
165081 976aac21-f96d-4dcd-aa80-230bbf9edec4, 3919 
172412 be9265f7-49db-4968-86c8-7bf02f87d904, 3919 
327833 43d35a09-0255-4243-9f8f-89ea3cee814a, 8505 
115174 b0e2a30d-a828-40a3-ae56-0aa198e24de5, 3919 
18362 a21ae500-c622-4d55-b27d-2b6d7759b6f5, 3919 
303019 38cf8f9d-6271-4d79-8b61-8262d1129d26, 8505 
293508 6f14789d-35b5-4815-96d0-379f61d9d9c0, 8505 
255910 4566b469-ed6a-449f-b998-7a654879a4c3, 8505 
385743 0720cb6f-a5c2-4d12-a222-879baba3b161, 3919 
59773 94b25797-7282-4109-8da6-817e29bd591b, 8505 
392602 a2813a09-5e2b-49a5-b417-32bf74a0ec66, 3919 
54804 59dfcd15-2a4f-4e49-a137-101ca744aba4, 8505 
401547 b4506b5e-db76-455a-8cdf-68b8256c3051, 3919 
244452 e43aec1b-b251-4b4a-97be-80b38b5ce5ff, 3919 
168928 3f9fedb5-1972-4865-a9be-b85fdf178219, 8505 
175494 93d142bd-18ec-440d-a020-faaf782c7b71, 3919 
280624 252b384a-5a1c-4b2a-9f56-e57c3cebec79, 3919 
300914 d97de52a-1e37-47d8-9e31-a67dfc9f6347, 3919 
214976 2615db17-39b4-4c4b-8673-e0881e8e81d0, 8505 
281651 b670370e-4be3-4d9e-bbba-f7afe82d111c, 3919 
125030 5c5eb417-4622-46b3-a3dd-4bdd5d2f2996, 3919 
1896 651b1129-8834-44c5-b996-1889259e945c, 8505 
11464 344b0002-b6ef-4cdc-ae8f-aa38337f9c3a, 3919 
189057 d46c28cd-b6d8-47b1-ba66-310752fa9f39, 8505 
358418 8d648612-3fcd-4fc6-9c55-8a9be1cc6a27, 3919 
110827 f4d7ddee-6070-49a3-9dac-89e163725ca0, 3919 
273572 516d9988-0065-445c-9eac-be6d98362dea, 8505 
29742 22697497-7793-4486-9c29-40bc8c57a65e, 3919 
115482 49e1a730-7314-4eec-a0a3-5b14e07baf0f, 3919 
77566 2f253f2e-8b0f-4430-99b7-1a555d4f81f4, 3919 
80487 c932b052-fa83-4c72-8fce-67e564daab66, 3919 
105254 4345e0d0-06b4-43f1-8f8a-9b0677d30746, 8505 
311933 d0090f12-9b01-431f-96bf-7be50d19ed3b, 8505 
266789 9f0ca712-b7ef-4a2a-9928-e6ead6554b0a, 8505 
92030 6b0e8899-c6e0-4128-9abd-b74bf7deed94, 8505 
374186 d121c710-8ec5-4e25-a2fa-cfa5c9ea121a, 8505 
180956 a0642742-4f5d-46f9-a3ed-2295b536df21, 3919 
266425 03873218-2b13-43fb-b1cd-8c233a17413c, 8505 
266095 aa1f3482-c35f-4583-9e08-29720cd2bebd, 3919 
221132 bc77ad19-4845-47d3-b76b-5adb4873ea90, 3919 
152109 ba85c18a-2c9f-4ed7-9cce-dc4c05fefeb5, 3919 
238034 9275ee92-c24a-4611-a9ed-07591ac6e138, 3919 
323643 fd726ed4-9a0d-4697-b03a-90a07217b39b, 3919 
192421 e89e97d2-1bb9-4ca8-b147-d0556fa2002e, 8505 
24816 b3821ea4-de35-4e05-b5c9-b6e3412463ce, 3919 
317100 d2496cd0-82fc-4892-a79c-94c40fd938d4, 3919 
159866 c627924f-02ad-4b2d-8f0b-e7b6d33071ad, 8505 
215061 df20bca7-683e-4974-b340-5632a032092b, 8505 
33948 afc60bb6-5eb4-4f8b-833d-5d81574ec282, 8505 
193556 56415d84-ed50-4403-a6f6-2eebe0ac0ba1, 8505 
255882 83ed0674-b2aa-4b07-be02-34d3b9397287, 3919 
160861 528c4ab9-daf6-495e-bcb1-c55e717a8d48, 3919 
52954 9386b83d-4928-40c3-aaf1-bf1915d82833, 3919 
251862 7edccf2d-cba6-4b58-8960-5941a7fb8711, 8505 
379096 27439a92-c07b-459d-b59c-3f4021413545, 8505 
82398 2522872f-c8ac-404b-aabe-0bb43678242d, 3919 
395582 f7f7c7a0-3e28-44b9-b63a-e9db7ace668e, 3919 
165877 91842cc6-2cc1-4aea-b448-71e23651daa4, 8505 
72838 8bf22a4a-c50a-4ee8-92df-68ee4a994ef1, 3919 
361551 218b9357-c331-4ab7-91fb-7f317ec0e2f5, 3919 
84047 46e116e5-128f-4260-8096-457502e10e7b, 3919 
149985 ef86e52a-e07f-470a-b86d-c7974587bd25, 3919 
248200 19a80783-36d7-4c32-9e65-d3e06da54d7b, 3919 
382237 00219bb3-70a9-4913-98cc-35fc248cb2a8, 3919 
287115 393d799e-d306-4ead-87f3-288a00196180, 3919 
399013 7850434d-b640-4daa-a332-f24cac61583f, 3919 
57850 9e62f828-c8f6-4fa9-a527-5b86519f5ab1, 3919 
170881 c8337da2-5006-40cc-bbd5-03359958148f, 8505 
66083 a6e4d889-db0d-4777-853a-a4d720032002, 3919 
233 2f71a06a-7dbd-4206-90fb-6a08524c6fd0, 3919 
181420 0d519035-70c1-4c0e-8547-9982f2e537ce, 8505 
131311 5a4ae2c6-c794-4d40-b2fc-b0bcfa78fe41, 8505 
22551 e5d9a92e-7690-4a12-9f4d-3144592456e1, 8505 
204282 165a3f4e-7f3d-4c9a-bac2-b29935c344d9, 3919 
42987 2610479d-6709-4c0e-a0ff-3319d41d952c, 3919 
318531 5f9e0508-6c58-4e98-8b19-de318acca90c, 3919 
101146 de6d0979-a7b9-47bd-afd0-c34c345443b7, 3919 
401123 9f45f0e9-63d2-437c-9be7-5f78c34a2332, 3919 
85356 1b988442-0f14-4a3c-95c6-7ebab87548b9, 8505 
198650 5058aeee-a6ab-462b-97cc-886cff1d5e6a, 8505 
104541 d90c0cb9-8d97-47ce-aeb7-76d909739d7c, 8505 
217404 a9c79eb2-534c-45c2-9280-eaec829a4674, 3919 
18108 934dad83-9094-45c0-9679-0cb5aca967c8, 3919 
169988 eae9e51d-3a2d-4473-ac4c-2731c10a38d7, 3919 
58542 83e05f0e-c0c8-4939-b8f5-11c19cfcedf7, 3919 
96003 5df4b757-c1d2-47d6-87fb-178f4f921555, 3919 
346706 3c83ca58-7f43-438a-b2e9-777a3242953a, 3919 
165254 6bdbcc3d-614f-4000-b660-b7956d4bb4b8, 8505 
116150 4a83c190-6315-48e4-ba65-4bc13db3cd07, 3919 
60571 6777b134-7663-483e-a8f4-8013c9351767, 3919 
84717 5e0cf4e2-5549-491d-a1ba-066f57f791fc, 8505 
397874 4e1b2a84-ceca-4e3c-8dec-b07d058a1cc4, 8505 
357947 3c3e654f-47cb-44b6-9cf4-eecebaf49c3e, 8505 
266911 0fd40528-1222-44d8-8b32-dbbab0d0f934, 3919 
65066 c7d577bd-5ebc-4a27-ae57-2ffe40fe397b, 3919 
278069 84f1d677-24ef-47e2-be8a-617e3bb9da5f, 8505 
38026 554451e2-9560-407b-b269-064f8124aa12, 3919 
94828 f3709c48-dd75-4557-9e17-b9126db7130d, 3919 
158743 7c468252-48b8-4648-a3e1-295e5570bd0f, 3919 
213850 022a5f6f-2843-4a83-ad57-dfb80f56cd9c, 8505 
129504 35db2227-6c48-4545-9d9b-d0439999bef4, 3919 
281526 fbd902ba-2de0-4abb-969b-7f866622cafa, 8505 
202947 d5970227-c878-4368-809c-f14357ae198b, 3919 
42926 7b0a1e8e-afc5-4ba1-b004-73ca6dc61797, 8505 
26398 0ada0c5c-e58f-4622-b05a-14cb498c8680, 3919 
259398 29621e34-d397-4557-a8ba-13002353811e, 3919 
232262 bc0d8d6d-681b-4a22-a8f9-b414c058f0bb, 3919 
266798 db09deb9-573e-45b3-a5b4-d935d14102bf, 3919 
259473 b845cee0-a3ae-44ec-89af-dc551e2f5050, 3919 
287622 83d11ad8-e73b-4764-827f-711e7fea0729, 3919 
84145 cd3d55b1-9c6b-4ae7-aefb-ab61ebb0a1c9, 3919 
109791 b03a63b7-972f-4635-8583-1e1ac2309bf9, 3919 
395579 14f23e39-fa29-40a4-bcad-70fe5d414af9, 8505 
286689 d78c142a-744e-4084-861a-9ffe1b9e39fe, 8505 
256496 8f7fa1f7-2c70-4848-bb84-bd63e55528a2, 3919 
254335 697399c4-410b-4fc4-b218-7d458d865497, 8505 
359571 c3adc507-d161-4668-aaf0-aef139e2ab2c, 8505 
274990 73882932-3892-46e6-9c05-1e60d6d94fd7, 3919 
96118 e0c832d7-38d8-4afc-8320-48b008b8940b, 8505 
98092 976a1fa0-740d-4e17-8300-ca499fec5d3a, 8505 
9629 fd83c26a-30d0-417f-88f0-3e9dba53da6c, 8505 
272999 22ab9b55-d2ad-47d8-8c8a-09fca2f9e01e, 8505 
143058 d4aef35c-8768-495b-9652-7623cfbb51dc, 3919 
14240 dada64da-e8fa-40aa-bbb1-f9310ee31931, 8505 
303885 a7eee87d-e95a-471a-9e2f-437764734607, 3919 
252843 639a3582-0430-4510-b50f-ac47e11dfa54, 8505 
395441 cb6921e3-e187-4ad1-90d9-b6588bcdf1b7, 3919 
323256 29dbbab2-b720-4d91-a7be-7a5a94e70e72, 3919 
299971 db76a381-5616-44ab-9f3a-87998cc919df, 8505 
11215 9d7bd008-6c86-45a4-8885-a9e73d615c84, 3919 
373593 a94db4fb-aa53-4fb4-938c-85fc688519bf, 3919 
149602 b210df6c-1dc5-4372-b3c6-a9923064fd77, 3919 
58047 3e03a136-c93f-440e-b1db-040aa5254b75, 3919 
265523 690a0b1c-5ca5-4586-89ca-eed792b3d257, 8505 
256384 58df0291-1bd3-4222-822b-e8702e7cba4a, 8505 
67945 674658e5-665d-49c9-97d7-b6a578405d6d, 8505 
260867 c6149d27-9ae4-4b3a-bb27-a3bb463f9e27, 3919 
344956 f0b94b35-45d3-40a9-81b0-c8a74ff7fab1, 3919 
302670 2583f23f-86e7-4744-a703-882f11dddc84, 3919 
380507 3bd22664-4e88-4af2-9fa8-b039cce57da4, 3919 
316150 83e508dc-7f93-41f0-952f-f7cc9c25f6d3, 3919 
205853 70d7bb70-4abd-4e46-8e7a-dfdfe6fb60f7, 3919 
328546 60bada55-a0ef-44b4-bf8b-2336d14a649d, 3919 
234388 74803cbe-ce65-4b95-a82c-47af2b03c071, 3919 
330118 2aba9331-99a8-49cb-b033-e1ce82e96843, 8505 
336237 d914c000-4adc-4d3a-a014-b730ae19589f, 8505 
60884 8854ebed-04fd-407c-b372-6235069d0740, 8505 
248895 db619120-c848-435b-8762-679f7c2b1bdf, 3919 
273195 32ef9846-c239-4db5-9d3c-1a4c005cfdc8, 3919 
275833 cc6edd16-241c-43a9-8945-78d58598c6fb, 8505 
270949 31e43063-3b2e-4dd1-a344-bfe30a52fa11, 3919 
203401 20ccf10d-aed5-4781-8dc5-94d9babf5f3d, 3919 
282456 fc2465e2-f017-4717-b542-4871604d80ff, 3919 
390067 75905755-db40-4ae5-a559-c9fdfbee0741, 3919 
389517 827a345c-840e-4a40-abd2-aae14e69c3fa, 3919 
338834 b904454f-fbf4-471d-adf7-94f057f857e4, 3919 
164743 d3f24307-4b66-4974-8ddb-70aec45c063d, 8505 
587 0ffcb982-a196-4531-808b-0f3d87cc98c4, 3919 
159802 071e6f47-0f98-49db-854d-505e9ff89a69, 8505 
191321 b627dc9d-b0f4-4713-9d25-9a70caf1640e, 8505 
145065 511bee7e-54ee-494c-8db5-7fdb61863ed1, 3919 
133860 e4ac06c1-d58a-425d-9d82-91f65f1b758f, 8505 
174516 59dba16b-fa98-40aa-8258-b11e2d7c256f, 8505 
103243 f051a25f-8eb0-4d65-80ce-0e0cd0b3c825, 3919 
377305 d6448930-7ed1-4f37-bb8d-9e1c16bd82df, 8505 
221230 dbeb9017-9151-4672-8191-26565b46bffd, 8505 
232567 e43ecbda-a1d6-4288-b6c3-8c77b2a74b83, 3919 
390517 bc8eb883-ba1c-4efb-8e5e-471a1c5c7c0e, 3919 
310073 c0ca3c7a-7b41-48c5-812d-f5849b85f411, 3919 
288510 2bd8ece7-36eb-42d3-9f19-f4e9cab37b1a, 3919 
297083 6e97c7b4-4676-49fb-8cd3-7d4fcade23e3, 8505 
160434 761f9f42-1133-4129-b3d4-3b48bd07f6c2, 8505 
286772 3133d6f1-cf27-401e-a710-4027dc1470b7, 3919 
361114 89d4343e-9f1d-403a-9648-77204ce7dfb1, 8505 
104901 9c4c3325-579b-43f8-b970-6e0226621ec7, 3919 
71077 c123f0bb-7a4c-4a44-ade6-855a013e8fb6, 3919 
153163 f739c91e-b9fc-47d6-9e6d-52993e0a1b97, 3919 
370819 94cb3bba-8081-4ced-9643-5924ed26cafc, 3919 
166148 50d845a7-ec8c-4b28-9699-f2310e7377ad, 3919 
132484 70abec6b-d878-4f6e-bc49-27191dbcddc0, 8505 
44935 15787afe-952d-4783-a5d2-57614b1a9794, 8505 
22554 046ff086-2948-4b6f-abf0-f84b94a40496, 3919 
240955 2fe5a1a9-ba21-4ad1-838d-3ad284ca6010, 3919 
172571 84dfabb4-8ac7-412a-a786-db1380b6f7f1, 8505 
45321 1ba229f2-2c1e-4c34-875a-48e371b8a0e5, 3919 
302609 4f626dd3-4b13-4c2f-bcb9-21238cce2173, 3919 
296314 70174585-be4a-4690-b1c8-6e841dc9a63e, 3919 
174507 b4df5315-5f2d-4e2a-a5a2-26dfd264fad9, 3919 
301905 39733fed-99c0-44d7-b4a9-fcfe32e27c5e, 8505 
13019 9954384e-3e04-48f8-832c-f1cc3a5b083c, 8505 
226291 d1a8df2a-7319-41b9-84a2-af1e4d0b4c0a, 8505 
257544 333feb27-e1f6-418b-924c-7dd21e3e0914, 3919 
78821 e9117e6a-8647-4498-a87c-710876f1c945, 3919 
12986 cc2be42d-6fe4-4bfe-bbfe-cbd31e2a6f1e, 3919 
390649 092be548-578b-4e56-a6a4-061eeac87d27, 3919 
217456 94730cf8-9d4f-47ff-bf7b-bd83594c27d7, 3919 
184044 52b2af9e-5093-4ce1-a11c-d9941232f1df, 3919 
96739 1a8db921-a4a7-44f0-98ff-0905acaf2183, 3919 
32684 50fa948e-96a9-4e21-a923-9ae85b7130cc, 8505 
8888 aa38b927-6d33-414e-bdb9-98e44f5f3ac3, 8505 
179015 29468449-4d59-4a75-b4e5-bf3b978b3fb4, 3919 
166274 5dfb56c3-f24b-4367-acd9-d23ecd07efb6, 3919 
329057 8da8cfdd-a351-40f7-9d4f-e42a073f93e5, 3919 
51493 3e2230eb-c80e-4dcb-b4d4-e13cf8a9fd87, 3919 
143311 843cbb37-3d2d-47e0-81f7-49742a559f60, 3919 
394473 b0d710f0-3079-4ff6-82d9-acadadae33cd, 8505 
243053 ca098e90-a9ea-4f4c-a572-aef3746cf013, 3919 
174549 640ef958-1b4f-45d9-9431-470ec1b237f4, 3919 
306547 1f588ddc-7ccc-4997-ae53-1e7013a5dfc0, 8505 
307276 fb7d5d1b-2671-48ba-b321-358a4c690ed9, 3919 
343711 d587350e-77eb-4d1e-85f9-496226e49a02, 8505 
332461 4697ab18-2781-48bf-9083-465069698dec, 3919 
340439 89340713-c824-442a-a023-99d081d5cea0, 3919 
77686 cefc9d1d-9049-4d87-b81b-ae303b78fab2, 8505 
184337 1d05e9be-71ed-442f-b6a7-5a0f4e303d60, 8505 
356476 a597efab-4869-4c35-9d8d-67c82c368135, 8505 
222628 6f29c55d-5aac-43ad-9d7d-ccf1239296f6, 8505 
93876 c7a90f65-dc95-4acb-bb71-88649b78225b, 8505 
225218 a5964c46-2620-4cdf-8165-8bdf068b227d, 8505 
92551 18453aab-47b1-4d1d-9e91-7dbefebe6de7, 3919 
40182 e1fb2b6f-d956-45b9-a760-9e4ba87730b7, 8505 
373980 e34b8b5e-b4ee-4e7e-b3c5-ad55db024cb6, 8505 
296539 c00bf4ac-fae0-481f-83ea-7039921e9609, 3919 
363562 8029bbac-18e2-4a52-b100-4ca62d75a908, 3919 
274976 9c19a759-84ae-4a70-bed1-36343824710d, 8505 
226574 6d6227e4-343d-4656-808f-0aee8a9f87c6, 3919 
148248 0d6aa144-6276-4248-8143-ce8895ff2ac2, 3919 
376402 895ff388-fa08-45c9-b724-ce5c8feac0da, 3919 
4182 ae5f1d75-11f4-48ba-a5db-d96ca4482c1d, 3919 
300214 d7be7b28-d483-4e77-a5b1-f003e7590c9c, 3919 
385306 ed698d6f-6d9d-40bd-97e6-15a18c1c3af1, 8505 
386083 471fd10a-fa47-423f-88fe-8e842ab4be6d, 8505 
305354 c1e3f673-b250-4ce0-a305-dca54fd56bef, 8505 
374225 efdbfa1b-46f3-4b11-89d6-b2c2a0413685, 3919 
80464 9c4da98e-23f7-41ac-a86a-412f3b5f8b24, 8505 
24679 41968283-ac6b-49bc-903d-dd609ec59884, 3919 
40529 12deae21-6f70-4639-8ff4-0ec7aa88d454, 8505 
299074 3773af7d-04b5-491c-a59b-f24c9e4d38f1, 3919 
222126 ab348ec3-3452-4df0-8627-05d55cd2ba01, 8505 
285129 7756c292-d3d3-4764-8d70-e2380d1107db, 8505 
55463 710ae159-6c5e-4358-aa93-defb3e7c540e, 3919 
380623 37da378c-1163-4886-bc44-04842ac00e64, 3919 
390773 5bf5a573-6920-4217-b09b-dec6ca5d90a2, 3919 
244355 2de41dc4-9889-4cf4-8b43-3cc67075c813, 3919 
359346 18733b80-6a62-494c-83a2-0c4c3a4e7cb7, 3919 
210163 230fb132-792d-415f-89ff-0fc3f2dfc232, 8505 
195948 4f53b483-07a4-406d-9e21-1d2846b17ece, 8505 
261610 ae37dd40-d696-4ce5-ae57-4fe864e294e9, 3919 
261073 3220c4ff-7003-4f18-b611-942b01659eb2, 8505 
124851 2adcf78f-e239-4500-b2df-f096986ce06d, 8505 
297622 d0bb828a-1683-4c1b-a444-0437ae3a2421, 3919 
154152 6c5a8b1e-56c8-41ae-8858-e0c604d62329, 3919 
40444 11e9a0ab-7274-4fcd-964c-5b11cea10742, 3919 
188720 8dd16e2a-6d09-407d-b8ca-0a7ea8ae1d14, 3919 
22911 da420598-693a-4245-a417-4210182d0790, 3919 
12386 b47d7dd9-1acd-4fb2-8881-5ab7b016a1c8, 3919 
190334 4a78b79d-e5eb-4a39-93f3-ffc38511c82b, 8505 
237581 8c711183-a40e-49f0-b98a-165bb5defa43, 8505 
109953 2ca62c6c-a253-48f4-9a0b-9d0f7ab07ac4, 8505 
187408 8a76ba3c-1c32-4a28-a134-ab07ec30493d, 8505 
167103 36597e53-11f7-49f3-87ff-89a0c715e3df, 3919 
286377 ee6c6aa3-ebf3-41e4-a0d9-1a149a7254d5, 8505 
316526 c1d4e183-7600-410c-9e73-1da74a859e42, 3919 
17095 16b88834-2e9d-43eb-99f2-02d7e9987b5f, 3919 
388609 c6d18911-4adc-4039-95f2-17e6aadcdbda, 8505 
30013 cf57cc48-2c03-4226-9484-1c441b6893dc, 3919 
394830 8edb5abc-b4ea-4f61-8dcd-62b43d5e89a2, 3919 
99824 37c467ba-6bda-4881-9fad-b6f97ff3b23f, 8505 
174959 a4d09206-e0e6-4285-8582-95cbfe67fc30, 8505 
354555 9de89124-6f59-4232-88f5-65d4bf8d0843, 8505 
12954 99787b1b-6ce4-40e9-8579-b79dd9997c9f, 3919 
289612 ac6be13b-3002-4502-94ad-3a9d0c323fb4, 3919 
148041 621199eb-d5eb-456d-b880-c8c36f40b793, 3919 
36832 ea178906-61ac-4749-8025-afd2e6c4e75a, 3919 
281580 126e99e0-a0cb-4dfe-9f67-b9cc616b0df7, 8505 
10044 7655e33e-4787-4a76-bce7-13379e74c7ee, 3919 
135322 2fe27313-f785-48a0-a1f4-238b0364ff1e, 8505 
126034 7e434a4d-3f33-4244-931b-939b355ae1a2, 8505 
19491 d97de577-e36f-496d-af52-fac07a95845e, 8505 
135353 31cb5f11-bef1-4bcb-b8c0-7e0f347fa23d, 3919 
138212 f6f2ea22-743d-407d-b3f7-abdd69e45481, 8505 
337288 99b1f371-92f1-48c6-a67b-74ecadce5393, 3919 
163038 5aaef70c-0332-494d-a6fc-c75618aa200b, 8505 
28517 6c905948-8488-41f7-953d-8cfd089c2d4b, 8505 
37601 50a33c05-b660-47b4-8a7f-13b9d21f9c2c, 3919 
268294 19a545a7-9302-4034-b67f-c007740cfdfe, 8505 
149840 0eae7f91-3b3e-44c6-885a-1f2c220f9512, 3919 
41024 1229741c-6c58-4a72-8853-f45030fbb563, 3919 
36868 066ccea2-1da6-4e13-8075-16d214876f52, 8505 
213631 aed0a1c8-f307-427e-b9a2-7f52a52f759c, 8505 
344828 47b833a7-8bff-4fc2-a410-5b1ffdd0e3d8, 3919 
141885 cadb853c-6774-4d13-850f-56cb90c35717, 3919 
373658 f4ec2b3d-aa67-4fb9-a3b8-e6b385d3eddb, 3919 
397608 7a1ce952-a7d4-46f3-8be4-5b006056ea94, 8505 
5096 0dcc38f7-58a7-4274-83d6-6d2775c64c92, 8505 
54575 6accb8aa-9b6e-4d22-88b6-ca82bac54a70, 3919 
68041 6fee3e9f-df82-476d-9529-8b4988a98ee8, 8505 
116173 6d716ac2-54b6-407c-bf08-2228b3765ecf, 8505 
392331 34df6f9f-d376-4449-bc4e-5e2a88093f2f, 8505 
184026 c9fd971f-9632-42d7-8e4b-71508d9a07db, 3919 
219989 1417ad45-1de7-4a13-8d70-07628d639e0e, 3919 
87492 dfbd14f5-1f54-44d7-a217-81b63e47e705, 8505 
252185 9eab4352-13f2-4210-83f7-f2fa0ecae86b, 3919 
287126 210e0a51-b1c5-4d04-8b1a-3af749fa2696, 3919 
2321 5084bd0e-808b-47eb-b0ca-5f61ed6c78ab, 3919 
288653 946090e3-c8f0-47c4-8acd-6d0e46f615d7, 8505 
101962 125ff7fc-42c2-4922-a289-34fc3eb1226b, 3919 
346820 4e8f4ab2-3a7a-4b28-b993-2b4ecd0a1581, 3919 
120653 d29f7761-8891-4fa5-8173-43761bcf4244, 3919 
205202 d067bd74-bfcf-45be-ae8f-9e072e2d0f33, 3919 
106114 f6dd6998-5912-48c7-a500-e1425f6944f6, 3919 
223229 c7da8f7b-fd89-4916-85fc-f158d97be211, 3919 
272031 a60ca994-ae32-447c-b0f8-e2f916265af8, 3919 
304801 cdf0b028-df63-4a0e-9d0d-ba5b8603c76f, 8505 
395296 0256b2ce-11ec-4e1a-b7e3-e41edb62d52e, 8505 
304680 e6f206c8-fae0-4cc5-99f7-3c45c31f41b5, 3919 
169493 416ebc54-3eee-489e-ae27-dab0380e0d26, 3919 
341381 440675cf-30b3-4997-b57c-e6c920731757, 3919 
82187 c991707c-3c69-4932-9b03-9cd9567a280b, 8505 
113666 db8f484c-ab17-49d7-a9a3-f1544d953d90, 3919 
330562 9325e2dc-0475-4d32-959d-bc96920d4f77, 8505 
252932 60999cc9-35ef-4427-890a-1c418448312e, 3919 
166582 da7f5a70-fd47-4a2e-93ea-9fa029966d42, 8505 
209328 22593c14-3e9d-4335-8bd4-242e63139d73, 8505 
75784 e5480f76-3300-43bf-952e-75ecc50cfa1d, 8505 
228584 27c7da94-0646-40d1-9167-4eddc42c3af1, 3919 
286759 862765c5-4f23-4d1c-a28a-e4361ed98fca, 8505 
131718 877dde77-6397-49f1-a8da-c370b471fcf2, 3919 
302433 6ff987fd-ba03-4011-8cbf-a6bdabc2c082, 8505 
309854 a396ffc8-a5e1-472e-a630-5d3beefca8f5, 3919 
314978 e48c621e-632b-4a37-a7c5-2bb435c12aad, 3919 
287224 beb38c99-6504-4d94-8c89-5477b0884766, 3919 
10767 93e4043b-2630-478b-be94-1359ee88df30, 3919 
96758 371f537f-43f6-4f17-8ade-d1209671c871, 3919 
352122 c586f452-bf14-44a4-ad65-a68055f3680f, 3919 
371090 460329af-4436-4ae7-9c02-0ffe5a4f7fc6, 3919 
261249 0dab4eb7-4a9a-47b6-90bc-3bbc5589277a, 8505 
12401 edbc2e48-19b8-4222-a909-06e5e009207b, 3919 
367128 76ab4259-65b8-4e6c-8b55-87426928307d, 8505 
322694 d4cb1046-1a46-40d6-895d-702ddcdc1f8e, 8505 
187575 2fdcc782-5ff2-47b3-9f11-5312ab949035, 3919 
222555 7c79441c-7fe9-4c8e-96c9-3ce443867641, 3919 
319231 824fd926-1dfc-4ed9-88fe-cea483633f8a, 8505 
380941 4bbe5813-c05f-42cb-8818-6330f131af66, 8505 
314672 b444a5b6-577e-42a4-be93-a7cb161f3d3d, 8505 
66562 1823b5c1-f62b-40dd-bea1-5bb8bb742ce5, 3919 
287014 9e708f41-5ad6-4c73-9ce1-df6835ff57ff, 3919 
180841 473ed4ca-a5fc-4b36-becd-b74b270d047b, 3919 
6353 bbce16b5-49a1-42cd-9484-7102fe323b5c, 3919 
12960 8b4bc2d0-bfcf-4112-a3a0-f755e87ce98d, 8505 
201476 312828f2-ad0c-486c-993c-fb6fd241a12e, 8505 
104142 c4ec244b-ea91-460b-9451-c62cb9f7f2ce, 3919 
67104 a6a0f6cb-86d6-40f7-a904-98e485af2693, 8505 
372866 8ceeef63-2d8d-450d-94af-cf2a63f5b520, 3919 
369749 bdbdf7a3-13b0-4e24-a8b8-e4b43908ce80, 3919 
83064 9877eea0-cee9-487d-9739-d42faa39075f, 8505 
157829 006f48d0-8298-47fa-8a7e-5f1fbdc4ec7f, 3919 
23398 fdd90926-5be7-41e0-a104-a1e0815e1676, 8505 
217297 1d86bb28-8949-44b7-be32-a832799120c0, 3919 
389487 303ca502-ed15-4924-a9be-bd8d37762cdb, 8505 
32477 3ebd13ee-2819-4a6a-b242-2f9e5cf33ccc, 8505 
237698 84cb5c87-3aae-4ffe-9d50-39e402733a06, 3919 
73459 3f253aa4-a91a-414c-abd8-790fbee5628b, 8505 
238287 873b0f10-cb6e-464b-a80a-8c3744689581, 8505 
211565 d69c0d70-9067-45f2-a0c0-c394520c53c7, 3919 
34864 4033536d-ac08-4de3-b06e-83cd136c8422, 3919 
84691 2980ae3c-0de2-4388-b69d-b8914771a55a, 3919 
153621 18ea3b7c-4a60-4012-b6f9-cfb0e27c9b24, 3919 
216489 8ccf4ad4-a8e5-47b0-9fa4-0fe003c13dc0, 8505 
268269 7cc5aada-f78c-4e38-8fa8-e004629842e1, 8505 
154258 2f888e42-bd5b-4be4-8cf7-6a867616ed41, 3919 
233202 a10074e8-2eed-4974-8d80-dde2b6f5ea05, 8505 
331088 ba90357b-d4d1-4ada-9407-cb662c67c13a, 3919 
54865 ed1512b8-e596-4f12-940e-8cad98f1f3b5, 8505 
204780 f57ad111-b0f2-4661-902f-353289f33e1a, 3919 
105155 92c9b961-ca0a-4f7a-9ba3-60c53a9a8d4c, 3919 
347783 1dfbc35c-4ca1-4cb0-a2c5-c8d8bb5f392b, 8505 
27724 04d33a60-0047-4baa-91bb-df4b457c97c9, 3919 
22135 0c1169bf-124a-4fe0-a53a-ba219fc11f2e, 3919 
304972 f942b211-36c1-41c6-919e-f3074350b060, 3919 
28703 97c3ed77-8bc6-4108-8f5c-da57fc6acee6, 3919 
115513 0252a737-410c-452f-b030-e49caf4a7f01, 3919 
176409 5e0404fc-f67f-4c7a-a701-46e705c86278, 8505 
172558 faa9e0f4-00d9-48cc-8a70-d29c403f11b7, 3919 
390601 0d2626d4-1e81-4779-85ea-b308bf36a496, 8505 
274137 aa4f8be7-0e52-4fc9-9023-bc51eb3537a8, 8505 
177255 9fa07e85-6e55-4cf5-bb9d-66007abb66cd, 8505 
307249 d56418b7-5faf-4b15-9b01-9773ceb24abe, 8505 
384421 7094cb51-8bc7-423a-9c82-1199b57e5585, 8505 
248407 06aed83b-f090-4185-b370-321ea6fa46d3, 8505 
204504 08e32b2a-b99e-4bdc-8f12-eba6da2f2840, 3919 
389120 124f14e0-d4ee-42a8-8e61-67417597677a, 8505 
172436 86d4f2d5-1565-47f0-a679-0da7bd848a9e, 3919 
42490 af96db9f-8633-4dff-9f80-d898df244a68, 3919 
400513 4049e812-1aaa-4e51-b071-df48e29b4961, 8505 
268153 eea242ee-a078-4bea-92b9-4173a4d49fbd, 8505 
177177 498027cd-1958-4a6f-b13e-93d81b1e29cf, 8505 
243585 3540b6be-764b-40b8-b47c-cbd6a3ad57cd, 3919 
355276 e251407a-8862-45e6-b5c2-51657188c88b, 3919 
185894 87d566f7-4dac-4088-8611-ab439ea13cf6, 3919 
2720 bbe1af72-34cd-4527-859f-c8a414ecb6a9, 3919 
241709 73f023af-f50b-408c-ae19-95dce6c9a537, 8505 
85347 f914d8f8-6a8f-40e6-b353-33ed841e656a, 3919 
268085 c306c439-efe7-4f0d-bf3b-73400b9f2933, 3919 
207101 4b6acd2c-64ba-49d7-9cf4-4f1ff771c926, 3919 
173659 cc886410-b1d1-44d5-a3d4-38b51afef326, 8505 
176182 cf319c32-fd11-4965-91bb-2e62312db855, 3919 
160286 65a9bd48-0257-4a50-acea-1e5bf4e8ed10, 3919 
90731 3b78360d-642f-4123-a852-1a44b72e77e7, 3919 
135580 1b0b92f3-5506-47c6-a700-f172cd269430, 8505 
92629 dd53bc0b-c104-48c0-91d4-ab8084716daa, 8505 
303520 a0048478-2017-438d-90cb-3f67eb10dad1, 8505 
131197 36d345ba-9891-47fb-ac56-d1469b26ffef, 3919 
322934 78da88b8-28fb-4cb9-823e-655491eeeadc, 3919 
9045 e63b1d39-59a4-471d-85d5-3593a4e722bd, 3919 
37923 09170345-2467-49a1-af60-9937762b2d37, 8505 
172860 8c854efb-8ea5-4770-9938-dfdea2535b88, 8505 
114474 9cadfcf4-3398-467a-8fe3-931e371aa280, 8505 
271086 42f2c4c4-fdb7-418f-8777-81118874d40f, 3919 
18219 e8c7da7c-39b0-44a8-a908-b7c5cb3c6439, 3919 
272898 c7453f81-7d6a-4f39-a74e-946f45509622, 3919 
267738 5f791c2f-33e8-4367-9e0f-ae236c19d43c, 8505 
38812 b31e4926-0766-4f63-8638-8f8d50c3526d, 3919 
161871 5da15120-25c5-4394-9c2f-4562923912b3, 3919 
125215 8d0f9fec-6f09-49cb-8fbd-63a01a7e178a, 3919 
392097 17a2b9ce-8774-4b95-8cc0-a054c0e9ea0f, 3919 
255788 49d3eb08-d864-4f9c-91f4-a1165a8ca13c, 3919 
158239 6453f307-0c37-45f8-82f1-eced998ab350, 3919 
184568 07864dd5-5405-4bff-ba99-fb0a0e4bc179, 8505 
352961 27b10658-4b49-4f81-a7f3-a940f551293a, 3919 
233227 2aecbcf6-5cf6-4379-b22f-d7a51ff1fd5f, 8505 
35952 24407f1d-a73c-4725-9da8-270f235c267c, 3919 
161736 fdf6d95f-3e5b-400e-a778-9576c34fb29f, 8505 
99454 156c86e3-fd6d-4441-9c1e-3a7f726cf2f5, 3919 
5838 20d98f4d-66ee-4923-9dc5-bbc7ecf5c0f1, 3919 
5114 a3c7f821-735b-4dce-baf0-46664b3ec467, 8505 
246087 1d514294-7152-4b4d-bc98-42dff9713a32, 3919 
389904 a23d1c29-0f0b-4485-b577-5e365cc64d16, 3919 
53968 0ac42d6e-48f1-487f-83cd-ae9c68aae559, 8505 
100189 1346a00c-ca65-4c8f-9c53-a8329ac17a05, 3919 
229341 2b4ce21f-5585-4626-b886-700515bd9320, 3919 
270891 57ed2f8b-51a2-4ae5-9cdb-ee5e89f8c1d5, 3919 
195213 4439b777-4fb7-4580-8ca1-213521f5186e, 3919 
267751 d62aa119-8d1a-4d26-a4d0-e2dfd7e0e9a8, 3919 
186383 3f3aed34-76dc-4720-87b9-3740b6bfe61e, 8505 
262268 33202b18-dd6e-4c11-8638-2feddaf859a4, 3919 
260833 b7f78891-03b4-4aea-a082-a1343ce6475e, 3919 
229928 4ce54b91-a297-47ce-a3f5-36be4db531a3, 3919 
183833 890bdf49-e055-4166-8833-55114ab1f42d, 3919 
15190 b82c67ff-3e7d-4190-bc1a-894205e74aba, 8505 
76728 c54292ab-ae85-430c-b1de-30011255c20b, 3919 
185470 41624b13-f06a-4b3b-9d84-df4647966557, 8505 
127576 89493b14-b4df-4032-959d-528061c49a6e, 8505 
66368 76766b27-2ebf-4b2d-896f-43d808215739, 3919 
291594 aa0f05a8-c6a5-4269-baba-4d869f00f6e4, 8505 
339040 44c0e7cb-92aa-4a66-9b5b-87391b50edc2, 3919 
182282 96fd5da5-33ec-47f3-aba2-b375a120bfbd, 3919 
378191 6658343a-9cf0-4a10-bb93-e946422b4581, 3919 
338059 4fa79311-a909-462b-9f2e-60845bc58c40, 3919 
403479 bc7b7316-5018-4816-a28d-746c0da1907b, 8505 
147046 ce1b2897-4104-480d-aef8-1126e4dc7385, 3919 
198632 8c99616b-b5ae-4855-a122-5385c4ca7e52, 3919 
359194 543a783d-ba67-46b9-8792-8a7488eb4ed6, 8505 
181443 3c287a11-3430-4cfb-aa08-ff4920d8f1a2, 8505 
278490 7e7bb435-32cd-4e20-9f9d-891613eafd4c, 3919 
8601 c5209917-2d3d-4a8c-baea-5a0ccc713375, 3919 
329729 dfb24fc2-9790-4791-b01b-3f07e79de4bc, 8505 
140335 66df55c6-ba34-4719-bb5a-96133607572b, 8505 
208605 25939d22-a625-464d-9e27-f3ee2d7b3c3a, 3919 
135243 4c77b341-e755-484e-87fa-3d5587360399, 8505 
357628 773152a7-b93e-4f6f-9111-3508cd99617a, 3919 
276503 ef55e9e6-081a-41d9-a1fe-b7510a571b25, 8505 
117254 2a1bf853-9834-477d-ae5a-18e08c3139ea, 3919 
18636 3cc1c466-127e-44ca-b4d7-b3b037854087, 3919 
326602 d1aabaa7-09b4-4f94-b237-d44771741f68, 8505 
149702 29b1eb1d-3934-4bda-8e76-1ffe3c3b34a9, 3919 
249355 22f282be-ed9a-4189-8593-9dad6dbfce87, 8505 
257823 cdbc9e3a-d1df-4597-8214-635a151beaf2, 8505 
136165 386396c4-8c2e-4170-86b1-e0602c54192e, 8505 
268370 66cf0d22-8149-47d6-9a83-0d9aa750fff9, 8505 
187252 452194a8-7d17-448f-aa78-73f170c92395, 8505 
226037 538b2911-4abc-46ce-8261-938ca97237d4, 8505 
383477 6a3c66a2-61d3-418b-b910-01ba15edb609, 8505 
291612 68c3aa78-6374-478d-9e75-dc16d6373e54, 8505 
145295 bd6aa180-5ae5-417a-a968-c147681562d3, 8505 
14536 d597929f-3395-4ddb-8bf5-d2e90501a1f4, 3919 
126722 6a713f97-5d83-4ce1-952e-f9f846cae860, 3919 
329970 8ee95fe0-3c7d-47fa-972b-7ba0e13b9e0e, 3919 
329634 948ca785-d369-4b45-9a2a-35dae733db80, 3919 
271449 17346a7a-f195-4711-b518-ce1ef9886da3, 8505 
300614 9339274f-062d-43fa-adc5-b54a3da2a758, 8505 
102995 cd86d086-0464-45e4-8f5d-8fc00b5eaa72, 8505 
284448 883ed2a0-6bfa-42dc-8b96-c8de673c8c8f, 3919 
152072 d07e056b-108d-4aee-902e-e7017b005070, 3919 
139243 63142baa-5f8c-478e-91e3-61c0ec3dbcc5, 3919 
315931 4fec3262-c8e8-4290-af45-2a271ed4c848, 8505 
311913 0edfa32b-cc73-49d6-b24c-f34e8e570b9c, 3919 
233132 03b77f57-89d5-49a8-aae2-3206773aa652, 3919 
54849 3eba5f02-ad45-418d-ab66-dfef8d94b20b, 3919 
178865 826cad0a-c18e-4706-b17e-bdd3b3b6bed5, 3919 
19228 16e31dc1-f96a-4f25-8f59-f132ff1a667f, 8505 
269174 22d9f94f-5cab-4f45-ab36-e338a59127dc, 3919 
296157 c38bead7-40f1-4eb8-acf8-9e6d300017af, 3919 
374315 b18db260-a7b4-4262-bcfd-76a55afff5ef, 3919 
115537 79ffa10d-4882-43a3-aaeb-0f4df729c892, 8505 
58936 314c4094-9bdf-42fa-8b86-00318b208f66, 3919 
123682 5090413d-a2a4-4922-84bd-e1c195996ac2, 3919 
401526 5472dfc0-5288-4d96-aa88-e332af8b7e12, 8505 
300579 8373fb8f-7654-4855-bf1d-b2529074ebaa, 8505 
222977 a1b55903-d24d-47a5-887c-eb5e6be795e3, 3919 
158039 30f03b20-fec1-4864-8624-cf699789a958, 8505 
109774 f5ed595b-f321-458b-9077-df3157bc2130, 8505 
105326 d542acb2-8023-4a7a-a5fb-ae9a3d89ca5c, 3919 
50997 3c26d3bd-3cc0-4bf4-aad4-598194efa710, 3919 
99903 841cf22d-bffe-4bfd-bc2c-2a052bc8ea5d, 8505 
284540 9e361172-5e1a-43b7-a8df-b174c2878cf6, 3919 
78776 40595b30-1633-43a3-8d0f-2b99096551b0, 8505 
14253 d80b0f62-851c-49db-892a-cdedc6be3626, 8505 
271666 728fd638-8d98-40e2-aa87-0db143329c64, 3919 
108400 225cb8c8-fe41-498b-8878-ca5c442293ee, 3919 
59828 345d967c-73c2-4974-a564-e07e2e759410, 3919 
125681 17fd7b59-f3d8-4cfe-bfad-6e8ba6ab3c69, 3919 
13648 787ed9a4-e07e-4937-875b-845c3c753736, 3919 
64626 54f68814-761a-4e2a-8cd6-a5520cbf07e6, 3919 
24096 17d09c06-c819-48eb-8fee-e34e56f596a4, 8505 
195837 0689841a-a017-4e94-9a84-7b3e1fc3072e, 3919 
2394 e0c1c044-4cc0-4133-b71c-7eae6f0430c2, 3919 
83061 da6b1ec3-7f0a-455d-8c65-03d2231bc51f, 8505 
92953 e2028742-3c97-44f9-aab3-363fd2088873, 3919 
281380 7bfd3e07-c907-462c-9eb8-191466f0fb96, 3919 
106677 6d9c03e0-9c64-4a41-b899-7e99c4fbba4f, 3919 
259485 bbb44306-fb54-4117-8799-cb7d8d0df175, 8505 
284296 2412e193-4985-4d31-b819-149cbc00e356, 3919 
101718 e56b083d-15be-4134-916c-338cba60fe16, 8505 
148310 caa2bf39-1926-4c98-b7af-307b33c503e5, 3919 
114522 68561c44-92ff-4420-9e5d-59dd92c75405, 3919 
85803 db76af97-3f6b-4443-8900-91a570eca04a, 3919 
116721 979c3f7b-4e10-4513-8dff-5112ed169761, 3919 
84702 7db41a74-71fd-40ba-9e5d-243b9abddf93, 8505 
304252 ea410230-01ab-45bc-9cbd-cf09f208083f, 8505 
347945 02e910a9-61e0-4de9-8dd1-84a90739f644, 8505 
332508 308fa8b0-41df-473a-93c1-0cc1e1ac7e10, 3919 
12335 83c63c64-ab3c-44aa-aa01-8f98ca21de4b, 8505 
62191 3492bade-4376-417f-bb40-265fbd082b14, 8505 
360141 f01ec18a-fee4-4840-92ef-ea69631f2f63, 3919 
17168 46af1c67-1398-4712-a03a-1f8d734b78fa, 3919 
95480 94f4fa39-d76a-40b7-aef4-069d5107fb99, 3919 
9274 234d319f-f333-4ea5-a019-5e0948e06558, 3919 
106441 a2be8873-ad4a-42ab-b761-5ec333a5a4dd, 8505 
303146 133c2e4c-94a9-4838-bcee-ba962e81c41e, 3919 
188807 ff48ce13-ca7b-48f5-973d-be580fb00a0a, 3919 
373144 cf051143-1518-4763-aa2f-2c93ea049db6, 3919 
267886 8c02a581-2e65-4b2d-aec7-8f070c783eb5, 3919 
162772 ce05f5a3-4bbc-4817-baf5-c01dd1a95402, 3919 
400293 84f58da9-6dd0-4627-9e22-fbab9f36dc6f, 3919 
85456 83c5647c-0a16-4edf-9317-e640b1d9b3fd, 3919 
89539 432c7009-45ca-4da9-8f16-9beebbe853c8, 8505 
160829 a5cef377-4a07-4133-8ba0-1c0771868065, 3919 
153964 c86635ee-a939-4a64-bb38-81e97b2acfb0, 3919 
348085 63b35ab8-db78-4898-8f39-d932446014da, 3919 
326339 f6d71ac5-afea-4a78-a24e-8a3a8b126e8b, 8505 
255839 06d02773-797e-435a-b9f7-5fdfefa38e43, 8505 
248826 e5050b34-b62f-4812-9699-c8ec1856e913, 3919 
105299 c42d8926-eea9-4d0f-a01b-09224853ea64, 3919 
245024 b680d0fc-0e93-46ff-beef-1b3c4e7140b1, 3919 
242132 f362a69a-f1c2-44e4-8e38-3c7f6eecae99, 8505 
204023 70b19735-8b5e-4874-866e-33961bff6f98, 8505 
300565 bbd661ca-4ec0-46a5-8511-db86935ed3ac, 8505 
344985 bd7da646-c774-4539-9fc1-6664b68d58eb, 8505 
275515 05bd754c-1152-4ad2-9fc6-e3bc7eb6c5db, 8505 
217773 d3cb1a89-dbc4-488c-a1ce-5c4c6be324dc, 8505 
64348 a9e5fdb0-2d15-4b28-9533-ed7270aa70ca, 8505 
288861 4715e1c8-aa8c-4990-b59f-a352e44af875, 3919 
236167 bfd6b67e-3223-44e4-8de0-f486a245ddfe, 3919 
115869 0f765162-b654-4058-bb2b-4b79ea71600c, 3919 
153211 18432d89-b059-443a-bfd1-516848df0900, 8505 
93018 e990e787-448b-420a-ac29-e6717c02e86e, 3919 
335124 3827ace8-be08-46f6-9cb2-e0d4e7e69386, 3919 
70382 da504db5-3dce-45f8-a91e-3e3cbf77eb58, 8505 
309006 9130c354-3cd8-427d-a438-f0c97666d51f, 3919 
14494 e6f034a9-8185-47da-8bbd-997eeb4563ac, 3919 
157553 2ff58527-493d-4525-ad63-050ac631587d, 3919 
261854 566ec270-4890-4367-8505-82ea6c7b7549, 3919 
195466 89fbb529-fb78-4758-aba6-c3e01c323cdd, 8505 
322932 0dc88514-c33d-409e-a167-b2d71dd39ef5, 3919 
219085 92fb0bbb-39d0-46b6-beaf-f08c65920c5b, 8505 
188167 273e4cec-eb6a-42f7-9558-a55a52d5f3e5, 8505 
42604 3a01a09d-17bb-49e6-9c98-b8744d1672fd, 3919 
37304 ee41728d-c636-42dd-ae7b-4d842c853f1c, 3919 
246203 ce6194a2-f9bc-4df6-8508-a4b242616f85, 3919 
320940 08e1e0a3-1736-4e00-8ec6-7ed637b73a3d, 3919 
240798 6f506c36-6e09-4430-964e-bb38fa68e339, 3919 
331651 66fcff43-1abc-4623-97d4-a4b65fc227e4, 3919 
236496 c03ab278-06a6-4475-bdd5-34d9b7e5f1a4, 3919 
315244 6e1d7c81-f75b-44fd-b7d1-1517786e86a2, 3919 
253602 15bba387-ed71-48a1-b75b-77a355fa2c71, 3919 
344869 7bb7340b-6c8b-4cdd-9d30-8933f7012705, 8505 
322426 ebd6bc47-fdb0-48a3-b818-75d72131962c, 8505 
306975 bc27941b-2764-47d2-94b8-cff731667331, 3919 
268833 b3e08731-c280-4873-8fac-8849d90cab84, 3919 
176716 c1632e3b-9f9c-48bb-b888-94b7ae3f2691, 3919 
380104 0cdac3c2-4458-437c-a877-2876bb4d5d3e, 8505 
249582 99c5a0f1-7cd1-4ce6-8d62-d7c1cc70a090, 8505 
76470 fa36472f-1e59-4c2b-8f86-1fdbb79e0c89, 3919 
276821 8f5ebbe4-6826-4617-928f-cab724e7bd47, 8505 
165738 06c69a6f-db56-4e3c-841f-107b9f0f469f, 3919 
317610 ac77aa68-0719-4446-b68a-09b103f34109, 3919 
158336 5eff0f18-4bd6-487d-b01c-9572026b155e, 3919 
230828 a2c79f2c-0731-46da-965b-4910933ea2d5, 8505 
333857 ed16e7be-8d91-4e2a-90d4-9d7d5f6537a3, 3919 
279105 df2d4d4a-fd83-4d91-935b-edeceef4e35e, 3919 
357390 71806df2-e8a4-470b-a462-2c4b63eedcfc, 8505 
295315 0ac4d99f-8022-417c-8568-2f1b0893f3da, 8505 
339270 81b75d3a-5f10-4dc0-bb49-e3226a57c656, 3919 
357106 abd8a02e-4de2-4980-a5fe-603ace1c9b2a, 8505 
185165 b0b7a318-f0bc-4482-a37a-d7e178eff4ef, 8505 
42349 0080ca68-963b-40db-9a88-546bcbb29d3d, 3919 
211151 bf3f94f4-f51d-48cf-bcdf-e5cf12a74965, 8505 
112938 a778aa74-9f66-431a-95ac-9cb8de28baa0, 8505 
197513 62687abe-0879-4390-a323-356805ce1aa2, 8505 
110809 1b8e36af-8426-45b4-b54b-f01a53d66618, 8505 
386628 6a732f45-f7ee-405c-aabd-345d3663bd59, 3919 
178852 4381861e-2d93-4210-b2be-4e8df0da5119, 3919 
193602 f255258e-5e05-4a27-89b7-2867b7191103, 3919 
112597 e999a349-b842-409b-bed6-6029cea65643, 3919 
9740 c7b8bd4e-b3b0-45b9-a35c-96e6e66f303c, 8505 
124158 e2c97155-9307-4bb2-9c83-5dcb7b15735e, 8505 
297004 03dd6e25-3f58-43e3-889b-3a2abc942c77, 3919 
247066 29f30024-be3d-48a7-97a4-8f4a265821cf, 3919 
317195 aa8e9546-099e-40ca-b696-a346ee2d726f, 8505 
70173 b1ea13fb-4a7f-477c-8bea-323caa973e9c, 3919 
376167 694bc27f-2aa3-42f4-9190-3c9cde940f34, 3919 
100591 9bc5b7c0-9398-482a-89bf-9c0407a4e232, 8505 
354309 76bf2da5-2ca5-4c1c-9979-6b62424edc9e, 3919 
179369 ae8742a8-136f-42ec-8b6b-edc122537841, 8505 
17667 58beb8c0-b12e-4256-afb2-eb980b3ea790, 3919 
192737 812b479d-121c-46b5-bad4-e36bb495532c, 3919 
60856 b8541e8c-c726-4c14-a4f0-f6d7915a55ff, 3919 
208113 11d54249-0648-4dd7-978a-f65f575fb3cd, 3919 
181841 be6b24dc-8fed-40bd-9ebd-93dd0cebf8ba, 3919 
247618 71d5c397-de2a-475c-8fd1-63ef3a21e93d, 3919 
263794 51946d72-352f-4e2b-bacd-6ea5b937a6c8, 3919 
229724 222994e8-8877-4af9-888a-b53525f3942e, 3919 
243182 cfbc6999-97b8-42db-b04a-6a741571d7e0, 3919 
387537 2df67c1d-0c28-418d-ac0f-0ee06a75061b, 8505 
263007 b333c14d-6826-4b94-8158-c50308ac494a, 3919 
271276 94c79567-5ff4-4d7f-b728-8439f4f79976, 3919 
333770 3a1cfab1-2eab-4b62-815e-d844aa6d8909, 3919 
17853 b0d3a92c-9815-478f-8253-52c338a64c9d, 3919 
180617 13432d79-5381-4c8c-9768-43ff2d90a685, 8505 
295956 4a209ada-4b2e-48e2-a45e-47f1f5d2f17d, 3919 
245354 e3d32f09-f490-4105-9e70-600f6867a4ff, 8505 
318607 5c5981d2-6df1-4cdd-9224-c0cf4a6ab717, 3919 
29030 29f1f35f-615b-4caa-b1d0-68df949e3880, 3919 
237057 a15698a9-a81b-4d47-874b-3aa6f086e2ba, 3919 
120274 17ab35a6-368c-45cc-926b-16def66500ed, 8505 
377395 f3f63ca7-477b-42d4-95dc-b232950ac563, 3919 
351054 6314833b-67ee-4c38-90b4-e3041662909e, 8505 
127088 f639c713-f4f8-43c4-9bd8-eb682aaa21ad, 8505 
302174 a4aa59fa-5f4d-42c3-9714-af0256f7c9cd, 8505 
38333 73f64c8d-1f05-4e40-84a0-283af83dd4d5, 8505 
121938 683f2747-6bea-446f-ae29-900eb86dbaa8, 3919 
103721 f8897d40-5930-42b1-a1e0-ee743457332f, 8505 
105048 1dec8454-bfb7-4c50-aa0e-2221f15b761c, 3919 
358870 cce14f95-74cf-4854-8843-d6ef0720ecb8, 8505 
108694 a95152b9-7448-440b-bb0c-a4200b4f8634, 3919 
334613 b94159b7-42dc-46a2-a3fe-3bc8665c418f, 3919 
386610 aea04d03-4608-47d0-8795-d396325294c1, 8505 
18632 1a91c2dd-07f2-4d43-85d1-8bafbc2fe479, 3919 
30600 c35cc453-23ac-4d04-9ea7-c4ca33bac21b, 3919 
300935 fdadf3a3-15ea-407b-a6ca-82dd87b171e7, 8505 
260446 34bbdf75-2291-4e51-9f51-660ba8c562e1, 3919 
293243 8f30374c-5771-4be0-b8fd-6b548e8a473f, 3919 
375442 032d8d80-b5ce-49e3-9d91-5f5cb57b28cc, 3919 
131060 b24caf4a-79e2-403a-93cb-893ab2ab5ce7, 3919 
224133 66f022e7-dd0b-4b02-8bff-57ec73abf058, 3919 
271776 0a6fb523-6fb9-4881-a66d-98782bfd4fa3, 3919 
199905 ad01eba5-b45f-4604-be06-ca6587b16002, 3919 
230233 82275405-0e4e-4ff6-bb67-381c2d172477, 3919 
191070 1d5debf6-3f9b-49cf-8b36-615651086d35, 8505 
389629 711615b2-9cfa-4720-b79f-025a1704ebc6, 8505 
199572 fcd3bd0e-894e-4c7a-b9f5-c16e936b5c46, 8505 
238844 d50ccc55-86e9-4fa9-b55d-5927d89a0727, 8505 
101731 5dd14a77-7d2e-4ea8-8de6-0d19b0f391a0, 3919 
294365 cb1fe4c1-d259-4925-b3a2-9f6d1196e643, 3919 
12754 23944098-522e-42f4-b581-4892b67d7a77, 8505 
304285 c6be776f-8d14-4de6-ad19-dd6731565520, 8505 
16930 dda97c8f-b654-4dac-a58d-f4942c22f83c, 3919 
114456 f396bf67-71b4-4d84-8ff5-f9cb594d51d2, 3919 
245522 9dea4b07-fd23-414a-a126-19063b368538, 8505 
14150 f970c357-9160-4364-9b1a-bd577407f9d4, 3919 
213711 08a03860-b521-46f0-9207-0eadcd46ddf7, 3919 
369385 da76bc54-7ac6-4751-931e-fc74dd368389, 3919 
75411 9be49f68-bdf0-4c7d-97c0-40ab23889c45, 3919 
27810 0a0a2e13-ea14-4e51-a01c-4130470c3249, 3919 
26526 6f260b0b-43fa-4ad1-8692-36449f911389, 3919 
349468 0299009b-ce53-4c0d-9bd9-125f0609f598, 3919 
165001 ee13630c-d820-4376-b532-771f51e3e9ad, 8505 
48493 29912b83-1106-491e-af5f-86ba46f06ee0, 8505 
337001 fb0877dc-8cc8-48b0-b054-cdeaec2afabc, 3919 
239221 679cfd09-9ce2-4463-94ba-9abd548ce8e0, 8505 
6122 17cbc5a6-02ba-4f8d-9f7d-aba0e9ce5470, 3919 
326113 234b23fb-f836-4028-9cc8-50a0493ceb60, 3919 
80873 b8ed9c53-24a6-44c7-a146-39f3225d273c, 3919 
90432 69353020-4fdb-41c7-a625-a062213f09d2, 8505 
114936 efbdbea8-9689-47e3-9786-c049d75d96a6, 3919 
296418 48c48bca-5f7f-47ec-ba02-fec1bfb12a48, 3919 
17475 c11987f6-168a-48a7-958b-ae509afa98b5, 3919 
111822 56f74c2e-a8ec-40b7-b05a-ec256b283923, 3919 
270577 31351d2d-c116-4c4c-b4d8-90a34224437d, 3919 
336870 b64cd5ef-2deb-4210-a7e6-b1ec74536bc5, 8505 
260574 a6e2100e-7947-4779-8201-ab07aae6d9ea, 3919 
214811 85fb540f-035a-4ff9-ba6c-6b8f317824c6, 8505 
370113 e6b3bc3b-895c-4de2-8ae1-8f09d6703475, 3919 
232431 79f20b0a-74d1-48b5-b3bd-6b16e7206dd2, 3919 
267855 05d88406-bc22-4b33-af65-e14d79d1956b, 3919 
41415 2687be9f-a969-4529-a37b-d2f8699d9e45, 8505 
403840 012a8e04-f1da-45ab-bab4-74440bb236dd, 3919 
93478 d951cd81-0178-4abb-a6fb-fd255574b915, 3919 
156767 0f5d7eff-9452-4f7a-bdb5-572e794afde1, 8505 
235642 ccecb6df-8c5e-477f-8236-4a3e958976d8, 3919 
221630 a5b3b13f-bc70-4542-9881-6808c3817d01, 3919 
121769 591a33f4-eb82-4492-ac14-e5f449c33046, 3919 
21217 51a0a338-70df-4128-bbed-5a9ce6888a89, 3919 
323161 e30cfbb6-6e6b-4cf8-8637-566b4d80137a, 3919 
80760 2ed55266-87c8-4f6b-9f51-b81a37a80c9c, 8505 
230719 cf0130d7-47c7-400c-9e9d-93c0f34c3cf4, 3919 
229148 e7f6ca04-925c-49d0-89ab-0cf6f3a4b412, 3919 
238897 3b65616f-63c9-456e-8a6e-ae5574ab3b32, 8505 
76510 0b1558ee-c31c-422c-b9f8-e8f591bfbbba, 3919 
32926 78aa2c6d-d506-4b4b-89db-13e668b64eba, 8505 
82357 da1b3095-8497-468a-8888-bb4a108e2a17, 8505 
253172 a13d8004-a7eb-4e4c-84b4-ae2af1a40895, 3919 
207295 35919ada-80c2-4eb3-b04d-77d4eacbb4e9, 3919 
399027 057cfb6e-165e-4f52-92a4-f1c67b1eb80a, 3919 
245057 08190d20-ea05-47cb-9120-5ba6c1cebef3, 3919 
397875 a597c2bb-c22b-4e5f-a290-1bc801dbc2d5, 3919 
398710 507f95a4-cfb4-42a9-b1ed-3ca733eabc8d, 3919 
149285 4c9e8ea7-0ca3-40a7-aa94-ec08316fa05b, 3919 
333628 c7e74939-dabb-40e8-afbd-866933cc877c, 8505 
362689 6f2b2fd2-c7d2-4c1d-821b-b54e7f1920a1, 8505 
267340 e8bbb611-7b46-43a6-b930-fee2735170a2, 3919 
245664 77cf5f22-5749-4683-b471-1825ae18b69b, 8505 
340993 6c91dd3b-ec52-4f01-8075-0ba9914d358c, 3919 
220709 24de2be4-90af-4bcf-978a-80a90c5fa751, 3919 
350604 0c5381ec-05bf-4e23-9837-70c487754a8d, 3919 
33668 33991842-a167-4777-aede-fa1868d281b5, 8505 
126113 69fb5868-8487-430b-9578-14411cd087e7, 3919 
24788 6be92b0e-6d2b-4056-a556-c656db8de854, 3919 
292093 5c5d6e38-1746-4ad7-8d27-12ad18005079, 3919 
94793 d34a942d-c1d7-48a3-907d-821a47329f32, 3919 
32033 ef206eff-c2f5-481c-9213-ec84c53cbd58, 3919 
290028 43751a97-80fa-4ddb-86b4-17e6854b013c, 3919 
299902 28dc942d-f8ca-497f-9cb6-6c129de2db28, 3919 
292483 278ad006-2ec2-4929-b7db-8362c3b1899a, 3919 
38557 e54ac6ec-8bce-475c-ab79-d4022450dda9, 3919 
228881 e783ec63-8fe0-4333-a4c7-669b40669bb4, 3919 
315836 6ea15109-2e42-46af-a374-964d4251b3ea, 3919 
6460 5051cad1-108d-42b9-87d9-ea41dd73deb8, 3919 
279776 10ebbd2d-ac92-43fb-a2e8-faf89c09dc7a, 8505 
302511 65b3adec-0fdd-4333-b904-c2674ac34251, 3919 
398944 91c75faf-f340-4a70-b4f6-684ddceca86a, 3919 
259869 087a45ab-4b89-4d30-befc-452e6556bbae, 3919 
279721 1a51e725-7b1b-4abf-a665-c509f60c7211, 3919 
74185 4f81c80f-e692-41a1-a5ca-435c521dd9e3, 8505 
307575 f7e5745b-a489-48ff-b0aa-70d468fa64bb, 3919 
379397 d913e71d-ac0c-4638-8ca9-f149a13ea846, 3919 
99315 68b0893d-cc08-4cfd-8d88-7d76dce003b4, 8505 
279076 c65600ff-ce19-4b40-ae2a-04212aacf879, 3919 
8368 94c40b83-8b07-41c2-a94d-4f27261a907e, 8505 
198353 c2842084-ea0b-4831-8c68-a0f880fe43f7, 8505 
393101 c6a09f37-d5de-4f99-b81a-61acae016ca9, 8505 
174784 ec3d3e59-7e72-4c15-8101-01e005f4dbca, 3919 
101631 cf76a465-42d1-4c03-af42-8d933c81671f, 3919 
97050 d8104fa8-4237-4699-9470-3584225592cc, 8505 
90539 cdcf6c3a-a259-4fa3-bea0-69a9817cde06, 3919 
221084 06676c33-24d9-40dd-acd6-903b060aac0e, 3919 
41032 93f36f4f-7052-4ac3-802d-7ce2d5b209db, 3919 
108710 ab483fa4-9627-4690-a7d1-9ac68a4e7810, 8505 
297780 9c291f92-49c6-4c45-9b26-584de4e63091, 3919 
69787 0de298b2-d71d-4223-956a-6af67ba0d364, 8505 
209233 d9b4da09-fb64-421a-bb81-c7f9ba8350a8, 8505 
104420 af7af60b-e029-45c2-95b0-2b0ee01b116a, 3919 
203631 cc073c16-5caa-430c-94a5-00d55aa4602a, 8505 
207717 1f2c58c7-e3b0-4c76-90c9-a9f35fb627a6, 8505 
239439 b14e9d7b-c9dc-4297-ae44-11a538404e4d, 8505 
382651 161fb8a2-fb52-418a-90c0-83f65223b0e2, 8505 
67153 e2c21875-f66e-40ff-8b5e-fe22d0b51579, 8505 
18400 551dad7c-b46c-4fe3-816f-73549eb06eb5, 3919 
283618 336951ed-a0e0-45fd-aa62-d23ac017182e, 8505 
314373 5985f702-6dbf-49cc-97c3-740255ce510a, 3919 
288192 3c712486-ce43-4157-bc96-a84040041e2c, 3919 
392771 6d90706b-3848-4dd4-b5c5-fcadab15539c, 3919 
222164 f9794000-6317-416d-9ca1-7b19297af68c, 3919 
388670 aeebcf20-d2af-403c-805b-d51d570efbf8, 3919 
37890 7320ffe3-fb47-4a24-b7d3-c7678b8abc22, 3919 
38984 dd236e1d-c5f5-4a47-9259-9c69ba39bdb6, 3919 
91050 9d253c51-fedd-4d49-8df4-d49db56445e2, 3919 
312478 30c50564-db97-423f-970f-f6786a048ca6, 8505 
278014 4ad06bbf-07d3-420b-862d-3a9ddc99b608, 8505 
31345 b8fb6431-41d3-458f-b22c-ed384cf436a6, 3919 
356676 d605b71a-5f0e-4122-94a7-e5866a1f47b9, 8505 
332130 51ac8ecb-5079-4257-bda8-8601be2dd6be, 3919 
308592 6de62594-a7df-48d5-af53-38979d8f044e, 3919 
152508 cea6d807-fe31-447b-a747-cfa439b8c22d, 3919 
40414 3aaf76d6-7423-4d71-8d4a-c3551b49216b, 3919 
401329 ac5e3bf3-d9cb-4568-815f-4db8151dcbe3, 8505 
304579 3f56018c-7197-493b-ae3c-137a65d5c7eb, 3919 
33441 5c7491b0-9030-47e1-9ec8-b94e41c3916a, 3919 
308193 529b604f-0b37-4089-b1e0-1027c0ada066, 8505 
143218 35d84ea4-266f-4c27-9f3c-30260614a871, 8505 
188455 74cd7a7c-0e37-4e75-a3d5-b7a86f775d5c, 3919 
75901 8d483357-8940-4798-ba4b-4885d8f5fe91, 8505 
316505 d1c02e24-99d8-4642-a41b-50985af2b24f, 3919 
164630 cb944b00-3789-4996-a92a-9a595192155a, 8505 
11026 1a79bfbf-ce05-4918-b05a-ceaf62118bc9, 8505 
94035 43fbfd24-c8d1-4b1c-b275-6a969bb204a1, 3919 
47496 cc367f1b-f669-4378-8fc8-d48c34aa473e, 3919 
387743 c9ec85c5-d7ac-4b0c-8338-a2f201b2dfde, 8505 
143683 9025d4be-8acf-46b3-a796-2a5b0d988ca6, 3919 
85763 6db49b3d-9244-4576-aba5-619114e10242, 8505 
290950 ab2541ac-5651-44bc-8dc6-e2a71f3d91fe, 3919 
40068 27b17714-b07d-40cd-bc4c-31fe9bba548e, 8505 
42624 e27cd10a-cd9f-4213-b7c6-64f680b90f87, 3919 
50383 a777e504-1536-4670-ba50-a36f73c2c885, 8505 
359156 ede7a5f5-2978-4455-9c31-c51709b8e5f8, 3919 
229096 5babacb3-4828-4c42-810c-25a6666d4136, 3919 
390064 2196f790-2b2b-41dc-bc31-6d867ecc2518, 8505 
376084 82f68ee8-acf0-49f3-81b0-8ee5c39c8cca, 8505 
327888 e1108092-8892-47e0-ab5b-5f30d0c9de52, 3919 
332420 0e485812-210d-4a66-94b3-6ffeae80c966, 3919 
133333 17b46aad-0388-4068-82ec-6d03fed59935, 3919 
170498 c00b5f5b-19cf-4a4c-988a-ea15fae753fb, 3919 
294967 9ba30c10-547c-4d88-bdc5-62affb86cdc0, 3919 
206246 8abaf31b-f5d8-451b-a20c-3464df3e11c6, 8505 
168081 2b91c119-8b04-4978-a7fe-18f7d025c81b, 3919 
340800 5be03bb6-c612-4838-a9aa-a0add300bef2, 8505 
25048 bad9c173-379c-43d0-a562-e6d7c59007f6, 3919 
256422 6d144af7-7160-4b36-8452-6476ac503cdb, 8505 
38493 9090adf8-5a7c-46d3-90ad-9c122051d6b9, 3919 
351236 7f4e21f7-8f91-459e-8729-1c6eb6d0ad1d, 8505 
126643 5e085fd1-c966-439d-8343-8de3d9da8dc7, 3919 
253704 3ebdf31f-efc7-4d89-9ac5-9980fbb60d3f, 8505 
304000 2585b507-24af-45f6-a169-08aadbed24e1, 3919 
1584 67be7cca-10e1-4b33-94fb-a74129f5432a, 3919 
60772 785669df-1943-4679-9818-1f8b0681d182, 3919 
301431 9bd443c7-6db3-40c0-a7f4-34fc2eb5b77b, 3919 
208181 61bcfab6-cd5c-43f7-a105-a743bba3496a, 3919 
304543 5c58eccd-762c-456a-b14c-fd2dec46199f, 3919 
28603 a4f877f9-316c-449e-b530-e16697736a35, 3919 
241177 3efda306-ded1-4b3e-9b9c-86df25225c61, 8505 
16029 a0cfc064-98ba-46d7-9c49-b64ea6c640b6, 3919 
199130 0b15125c-02f6-4b90-bcb8-a8dffb4c5236, 3919 
205385 996f48e4-c578-4c47-86d9-d553c706d362, 3919 
156199 642623b4-fa6b-4ced-a74a-4c152952844f, 8505 
114814 659d5f5a-1ee0-494a-842d-43f74e6f2efc, 8505 
21088 7d6c44c2-71fe-4351-8c0a-9f4244f16bd4, 8505 
290776 9ffcecd9-4fd5-4ec7-8052-c776096447c0, 3919 
280326 8d62a5bb-06ac-4005-b6f2-9b93f9ea6501, 8505 
333346 aa739802-7e85-4c9f-96b6-8ce8ac0db6c5, 3919 
175291 3d5f24e0-96fb-4943-b74d-3e67a013481e, 8505 
12496 4458fb31-2cfa-479c-9de2-0feabb19a7f5, 3919 
239031 e9251d73-a2bd-4beb-b238-0f9a1605f40d, 8505 
52046 e829348e-afe9-4d99-9539-68f370c42a3b, 3919 
309170 b193748b-003b-4587-b2a8-15e1dfe739d6, 3919 
362618 21e1926e-cbd0-49de-96d0-f26f90ebb414, 3919 
257976 ed2ea487-6a95-46d8-8309-b4ef7407acd4, 3919 
129270 bdc9f414-f610-42ea-8611-52b668285aec, 8505 
121818 abd33880-3e2d-4c99-bc0f-128167f71deb, 3919 
317154 99c05614-6786-46a7-b17c-6d1655356570, 3919 
243516 cbcf2ab2-62d8-4827-b79a-f4c16f1de2ab, 8505 
30209 05c0fbe9-b5cd-4500-ab62-29ec45676256, 3919 
17280 68548248-4c2d-4c20-ba95-304eeaa654ec, 8505 
139195 9e14e7a7-0aaf-4f2f-b612-d9f3ca3cddca, 3919 
305220 7b30790a-a11d-48e4-99fa-8f6f87b1dfca, 8505 
87008 053c020c-809f-4511-95d9-e528a62f36d1, 3919 
66957 820f6159-ad87-4d5b-82f2-edb70c15f2ac, 3919 
364422 b0d5f5aa-b5e3-44cd-bff6-5a1209caac5f, 3919 
224457 ff396dfc-78c7-4153-94db-e1634dc6097f, 8505 
32066 7d2cecec-78cf-4dd1-ac1b-b9182a400da6, 8505 
393396 a2d389d4-28d4-4c57-a8e1-d98df3bfe06f, 3919 
248053 d7143c8f-3089-451e-8b79-b94f828c7a8f, 8505 
282142 084d9473-ceb0-49c8-8b7a-66c5e3515f5b, 8505 
345278 98603732-fad9-444c-b13f-5f37202acb1a, 8505 
41153 a1b58589-b738-4790-9052-86c88df8f006, 3919 
160316 e29cd733-0625-4ee4-a15c-54dcca753b97, 3919 
64581 2ae9dc0b-5142-462e-b63a-92810ec44945, 3919 
369951 646e0f94-a767-43be-bfd1-ba0edf0b0e92, 8505 
20776 67ee651a-009a-4a4a-8790-8bd7fc68c36f, 3919 
377474 e1d969d1-4823-493c-984e-b0dee12bd08b, 8505 
39551 2d60f3cc-9efd-45e2-bf6e-c45ef8249e13, 8505 
255682 0b979394-883b-45bd-b554-579cc3313d64, 3919 
201099 bbe7e684-e94e-48e5-a9a0-e4ab20b1159e, 8505 
57696 ad2e0a38-8a3b-47ea-a4c1-4a718a996de8, 3919 
276442 ac1c5742-49a2-4e4a-813f-01a4a26998d9, 8505 
88089 557ed2ba-3372-4c0e-a9eb-fec77b213b04, 8505 
188975 9a4fe728-520b-4a70-befd-a0f9234fae0e, 3919 
266338 66d0c596-306e-4156-828b-109bc48a4f5e, 3919 
173885 ddeeb33b-d51a-4ce2-83c0-e3cf3e24b2ad, 3919 
210577 642f7455-4df9-48c1-9a9e-a68cbd0f4c97, 3919 
89889 29f4e096-1321-48c1-98f8-c5b7ac5c2df1, 3919 
37391 559449a3-dacf-414f-a660-7bde4f911a6f, 8505 
250217 cf32d4bd-6f3a-4afd-96b8-5600e0d01140, 3919 
60604 0145c70a-142a-447d-b8db-2b06efcd3da7, 8505 
248355 9d0c1b0b-2818-4670-8edf-9273a5bf8e52, 8505 
311095 b6cd51ed-011b-4f26-92a6-476c0d87be20, 3919 
227112 547fea70-e939-4bc9-bd20-d9191bd2378d, 8505 
311154 466c9d14-ee87-4c7b-b853-e8bc9f9a87d0, 3919 
318655 bb9e8e58-cd68-48e4-8008-9a820a53b1c9, 3919 
344022 030605df-a593-4868-a883-8c24ad2b1916, 8505 
142348 2f798d42-ecea-4f6e-ad4d-b74fd0ba16c4, 3919 
238794 b81209c5-c4b7-4f27-bdca-e862c39aad67, 3919 
367567 758f50f4-505f-410e-acfe-717734f50c9a, 3919 
345868 2319d29c-327e-449b-97c7-f39b1b88293e, 3919 
305975 e11c4c2e-f798-4354-9c83-901a7806b34c, 3919 
8793 4d3596ff-f31e-471d-9304-bb023bc3528f, 8505 
32589 9f4cf33a-b8a2-4c8c-b482-35efe19c3f78, 8505 
150936 a82de6b9-e6d5-4c74-bf12-63ffe03e7c2f, 8505 
380392 4ed7d031-f523-4c8a-999e-f5c8dc6e0003, 3919 
48510 e243bdc4-3d96-42d9-a489-a5d81d00f82c, 8505 
378593 2e9c3989-c30c-4691-890d-47e500d46ac8, 8505 
240410 9af8ed00-9771-4260-b3cf-d346b276775d, 3919 
51635 47bfd733-d3d9-4706-bc31-01f37ecebf67, 3919 
205075 97313851-0e15-43fe-b301-cb003235dd37, 3919 
350216 1729b897-0fd6-4f3f-a06f-2d28df3261d2, 3919 
72522 e54d0d4e-3cf3-4664-80fd-85612558c40a, 8505 
114802 f655664a-5f67-469e-b7e9-aef630bbb70d, 8505 
268963 13afa8e6-f3b5-46e8-bf5e-0a1828e65904, 3919 
160307 9bddc95d-1657-4634-adc3-7d7db576245b, 3919 
370565 f52d6f53-aa89-4cf5-90fc-5f17e5cf7dc4, 8505 
196928 1fd9263e-9338-4ac8-969c-126124e02673, 8505 
148233 c3ec08f2-c593-4d3f-a039-d4717a803c04, 3919 
176958 2a0c5a2b-609c-4336-a373-e71ff85af67f, 8505 
294946 55941ada-698c-47e5-96f5-7c564641b6f3, 8505 
311163 9709d00a-537b-426a-b188-d2f5a5e2ed92, 8505 
40770 ae4fa2cc-94eb-477a-8bc3-6ea95f5754a5, 8505 
50920 982e3ae6-4387-46d3-b606-bf951bb3a3d7, 3919 
76864 39c25688-d3cf-4f68-bcce-8a7c0345e0c8, 3919 
269458 455b691c-99eb-4069-99aa-17bb7847c5dc, 3919 
75160 ec2c3f34-35f9-47a7-9b0c-e107896f1c42, 3919 
348293 bef5497e-2dd0-44d2-8995-d58b978d649c, 3919 
238703 138ea81e-d149-4b14-9d46-d7d2d82c57dd, 3919 
230527 7076300e-7fd8-4be4-a559-089f43279fbf, 8505 
175254 bd266f8d-22a0-4c49-8cfc-f6c52e2dc3d5, 8505 
334994 7c0095c5-0c7e-45d8-beb4-017055050416, 3919 
64111 ce9cdff6-457a-44d1-99e6-3be889ffb79b, 3919 
207220 99f58292-999b-46bf-8187-522370d056d9, 8505 
116619 c2f3c2fe-8eb7-43bc-89a4-fc19d29a2d4d, 3919 
68356 1ad6002c-e668-4ae1-a58c-8b4854de670a, 3919 
152457 e05624be-5cf9-4708-aafe-229b91b9dc7a, 3919 
95681 376a37a8-c471-4e61-9a11-d7ef85720241, 3919 
307425 591a3c37-d4f0-440e-a627-a18171e6e458, 8505 
172278 ed5ce773-3e71-477e-88ca-57ddc4df06c8, 3919 
256032 86ccba58-a0ee-4cc0-8261-e44f2c77b792, 3919 
98033 b24e175c-967c-4787-b958-42f678a25a2a, 8505 
5440 832a65d2-18e2-4fb6-b0ea-ed0de4658b9e, 8505 
44137 6ea420cb-d489-441f-871f-3539d18cbb50, 3919 
123490 484f1b89-cfaf-43d7-8dc3-a0838c209108, 8505 
14286 350b7857-09fb-4a62-a11a-97a5ed46b213, 3919 
13044 b4288844-1577-4c31-bd5f-4f1ea884a570, 3919 
56398 14460a57-ed47-40a8-a990-a83ad1d46cff, 3919 
231751 0ea54da3-5cd3-4311-9442-d21e91a2da9c, 3919 
285004 0883b58b-8dde-48b2-a388-cc0f02d1b1ea, 3919 
163109 6a0c9d03-8e76-4924-a6fa-827aa44e2d6b, 3919 
100012 78cf1baa-a521-4f3f-87af-6dcb18f90818, 3919 
5683 cfbaa69c-0102-44be-af4e-ac5733451184, 3919 
67412 d477aed1-4573-43b4-acc6-790544af09d1, 3919 
93565 01b13bcc-a5ff-4c94-9b3f-5eb094098454, 8505 
62471 fbd25088-ae1a-4fab-84c5-919ed635f7f3, 3919 
205971 c7cda4dc-deef-4f03-af23-a01602205a2c, 3919 
45624 9be7268c-116e-4618-b291-3a6c58d2f6e0, 8505 
117850 8e2a8310-bedc-42ae-a3ff-58820b23db2a, 8505 
221864 9ad1d456-a5a4-49da-98e5-c025cebbb34c, 3919 
393657 3ae03703-e1ae-4593-af27-bbae24c9dfc6, 3919 
146130 3cb40f31-2b80-4e7f-b4de-36a0a8cc91e2, 3919 
11280 3fc5786a-69d0-4965-9d44-c46c89e9c637, 3919 
261841 210059b6-0913-4d7a-88f4-7becd88d8762, 3919 
127007 af1171eb-2fde-4da7-98fd-4e7d33db71dc, 8505 
106654 6cf9971d-30a3-4d19-97e1-7011d8a52086, 8505 
184496 3d622191-176b-4a3d-8309-74664c5011c6, 3919 
69891 b4410695-3294-4c23-9f6d-cdbe64f50ccd, 3919 
194837 c895601a-8d5f-4bbb-ad39-9449b5339531, 8505 
188929 52fac0f4-87c7-4a64-99b3-c3c4236ddef1, 3919 
62317 0d9749ef-158d-46db-be56-882ba2e6713c, 3919 
365659 ad010c3d-4517-4c9d-91f2-232be8bd60eb, 8505 
86002 3b77befa-6b29-4d8e-9fb5-b6178ef3bc33, 3919 
241938 99a76a9a-fc6e-41d2-9745-b7f283d688d1, 3919 
231256 5a56d036-9ffb-4cdf-ba51-52619477dd45, 3919 
174121 51ba73a5-ab01-41ea-ac41-b8e51833f566, 8505 
403553 971e1138-dc08-47e1-aeee-af55387a1592, 8505 
231963 bd98c432-61bf-45bf-83ac-38a119c8d8ac, 3919 
287803 b50cece7-87b6-4ab8-8ad5-55b75588444d, 3919 
354302 165a4df7-b318-4c9c-867f-16b452607367, 3919 
276397 d13c2f84-34ab-401c-815f-a6f5ba3103de, 8505 
37893 a20a3b10-fd6d-4a87-8e06-bca84821cd07, 8505 
334990 36a777dd-8540-4169-8c8f-62eb3112e6ba, 3919 
112176 c8347cbe-7366-405c-af4c-979108aaa4a1, 3919 
149508 219c231b-c9e6-42a4-95d3-3a29cf5d5dfe, 8505 
288115 52811e36-9899-4242-ace9-51523566e2d2, 3919 
208024 52a2012f-0b26-4307-9e90-1754c0139f1d, 3919 
158045 b3a9b2a7-f8a3-4c36-9216-93341e5ad46f, 3919 
92278 cb030b29-60eb-4b4e-b7ec-8afa9b20149e, 3919 
400689 e402375e-f1cd-4c07-871c-cc1595d2e07e, 3919 
284549 002afb69-becc-4a80-abbd-6c0c21bf152e, 8505 
334071 22f456e0-2800-494f-a3a0-159b6981e506, 8505 
235746 f239630a-7044-4996-a94a-6624b7f79a26, 3919 
363421 76573659-facc-4d64-845a-da932809a079, 3919 
386698 9ad40925-15c7-4208-b511-700479d4a3cf, 3919 
176649 f1c973aa-3c5f-4918-9a35-f6bf9a1869c2, 3919 
153011 761c4796-f55e-451c-83b8-8700006f3f70, 3919 
301245 bc6c4830-034b-4c2b-86f7-649a4578755a, 3919 
114943 c432c46f-7a1a-4780-9655-000730fd4132, 8505 
264107 1acbf8a7-8a9f-4c48-ad3f-c8eff357c824, 3919 
314652 886300b0-bdee-4c5f-8c7f-658febdf3524, 8505 
919 8d1d508c-2fc0-4458-a900-3e5ff7ad68af, 8505 
322390 cfc2cbd2-fe6e-42ae-9d53-8aefb62d4cb0, 8505 
94425 4468a289-e451-478e-b3d0-43ab5aee4925, 3919 
117269 3381be3a-30b1-4075-9536-6af4b29237ca, 8505 
270972 c926e6d7-c694-40d3-a5dd-e085bd5d6562, 3919 
35520 8c9362e5-2524-4409-88e5-558bcefb0609, 8505 
361938 83f8f30e-c93d-43ce-becf-c5d78bda358d, 3919 
239868 a8bf5b57-1e1f-47be-acd7-1b4cc78186cf, 3919 
295142 f2302404-b2d6-4830-8e56-2448b9fbf5bb, 3919 
14897 cdd4cb78-e9c8-4d13-8e7a-9b8abf1c50c0, 3919 
346859 76d69382-ed51-418e-b28a-68679a8b3f5e, 3919 
389090 b4363693-8b9e-43a0-a81b-aa4b66a4b205, 3919 
139016 0f418aa7-d785-44ea-942b-d50dd6a96ee9, 3919 
188821 0c14f8a9-162f-4970-ac93-2cd4a8ec4b0e, 3919 
58270 8aa32d96-d50b-4843-9978-ac42a82160b0, 3919 
18398 8695f4cf-3d93-4af8-9504-5b5fa7a405c4, 3919 
314743 d0edb728-7700-4c19-983e-6c12471ef144, 3919 
46944 76761f7f-7211-43e6-ac62-68d352ac7b73, 8505 
335725 5ff8d43c-ccc2-412c-8445-5ae389b684d6, 3919 
368720 dba0771a-4ac0-48b9-9630-e633e378d02a, 8505 
376399 765042c1-2ddd-4b09-bad9-60d094cbe031, 3919 
256875 736669de-1ea8-45e6-b560-183af04a7e5a, 3919 
385255 3c8439f4-74ce-4ac9-bfb1-4ad31fe1039b, 3919 
270107 887febf2-994e-4e04-a49e-43c200623d3a, 3919 
27068 7e035946-bc3f-4173-8c4c-ce64c110cf35, 3919 
345412 56750326-2274-49d8-89d7-c4f628c5a6b9, 8505 
339495 ce6ba4c4-f8a0-4c31-bac9-b7115a0d8c28, 3919 
39671 86bb13b4-5345-4659-a072-81341eec0449, 3919 
51295 8a50df04-7382-4b88-ae22-42298b30ac79, 3919 
139025 39b75424-785f-40a8-9970-5426b9cc5f05, 8505 
245725 94166bb4-3b2e-4e5b-b9ce-8bb7dd3a92d7, 3919 
330247 f56f3dd5-9c89-420c-89dd-1861046f97da, 8505 
144336 921035f6-5dd9-49c5-8838-fe54b3fc2041, 8505 
126505 8c26d71d-fd34-4a3c-a5ba-4afeb81ea19d, 3919 
304945 e1b1cbd1-9b66-42cd-8f6f-fd7169b0b4d7, 3919 
20131 00f70b7f-be5f-4d91-bf7f-3d41b14502fd, 8505 
369071 7c3e9a6b-bebc-4df8-9276-6d1d9814ebb3, 8505 
88617 ea378401-65df-4744-8533-160fc3565343, 8505 
399129 d0ef6046-fcd8-428d-95e2-c3d9513a64e3, 8505 
199911 2953dfeb-2a77-4f17-bf36-4baa199115cd, 3919 
56187 90ca896e-13d6-4804-a4b0-121282dc2f12, 8505 
22577 16cc6d4b-3591-48a7-b07b-8019d7fca6db, 8505 
2253 de160bbc-817a-45fe-a647-2eea8b3e2505, 3919 
371641 1c51e83c-3982-40f0-9149-75b8de086da1, 3919 
121391 e3812dc6-a8e6-458f-acd9-902f74663b00, 3919 
376824 c56d5f14-fe6a-40a1-9e3d-cdba35ad9722, 3919 
272322 ce430bb9-7020-46a8-93af-8ca99a852d21, 8505 
49006 edd8107b-2ee8-4806-a2e8-e0f98f724604, 8505 
23486 d333f83f-a75b-4893-92f6-215e3a44b03d, 3919 
183065 0f551ace-15ab-4272-9721-5705beb86e6a, 8505 
31400 08cc801f-6829-4515-b323-81855d646cc4, 3919 
142864 84b23961-99df-4154-a526-2dcdd970bb3f, 3919 
243199 cec1ef6e-a08f-435b-b37a-a38e85a7a56a, 3919 
129086 d74013d5-0cfa-43b3-a195-2bcc512564c6, 8505 
207986 43ff7219-2e55-44b8-8818-353356f9d56d, 3919 
13545 ea5eaa05-05f6-4328-9c7f-984136b968a8, 3919 
55180 5b09ef36-6711-4dba-a75c-38e569747cab, 3919 
56571 007b1866-0e77-442e-a366-24d187739ed3, 3919 
155615 cee95663-e976-464a-a2fc-649729feaf5e, 3919 
91492 b8d9e430-ccdb-4318-b452-ae03a49abd7f, 3919 
251448 118662f5-976b-4ca5-af99-caae981680d9, 3919 
19170 439a161a-f545-4c84-b780-29ba1f9cf3dd, 3919 
377845 442e2227-7756-4bb3-af45-f86656337e52, 3919 
202524 84e82cd1-3066-4e2b-8432-aaf507e74477, 8505 
378732 13731d12-9d29-4a74-b98b-07b8dd8a4682, 3919 
37428 fd304162-e602-4ebc-83e9-e8c7399d7bf9, 3919 
47487 a1a0c9ab-c938-429b-9f6e-c6e4c8eabae6, 8505 
152689 1b1cabb7-e858-4810-b7d1-41c474ad7e6f, 8505 
299636 e8e97e9d-ad25-437e-99e6-cf9c2158e176, 8505 
227808 5145f180-59d3-4000-8873-42806dea0b38, 8505 
360020 a71c6a7d-e180-40fa-8cb0-e64ce29994cb, 3919 
15742 001c58fc-3a04-4f0b-a6af-122208fb6e0f, 8505 
45643 3b8c71d1-91ef-4525-86f8-2d21854dab15, 3919 
136881 c829cf53-609f-46ff-8660-e67d0915ec60, 8505 
49635 a08f5922-6781-40f9-baed-a417e3295a0c, 3919 
254106 306ae525-040d-4a80-bfbf-181a82d91c1d, 3919 
264516 55f2a33c-5e4f-4885-9ebd-01c92ef7b2be, 3919 
217419 67b16029-d8b9-4a8e-98a2-99ac2691fcfd, 8505 
201855 7bce09d2-d299-48a2-9234-79e18514ebaa, 8505 
222863 06221ce4-5e9c-4362-9cbe-c086a9492f41, 3919 
321030 d45e8e22-db80-49c3-9a33-af7771677edf, 8505 
48806 c3ecd0b4-346f-40ca-ae84-f09df771e78d, 8505 
296466 b1c4d5b4-04ff-457d-abef-b8306d9aefc3, 3919 
272110 c0084fcb-4681-4521-bdde-4f51156b1aee, 3919 
260795 6f66ce57-96c9-4ee2-97df-d4806cc19f71, 3919 
360938 a93931f9-9ca3-4922-a2b1-7f99a15f681e, 3919 
327843 e1f3fb7d-5701-4426-bf0b-369fcadd655c, 8505 
48745 5dae3fec-4440-4925-8a3e-d8c1086b5c7f, 3919 
268124 e9389a9b-a7df-4edb-8c0b-f69b4ac9a5d9, 3919 
205612 33ea99aa-d24c-4a99-a312-6f132a52a24f, 3919 
87122 203dc220-16f0-410f-b498-19b3ea415d17, 3919 
292992 af139c5e-3e02-4695-aa65-32968c35c9a6, 8505 
112821 6576af43-63e2-4726-a4d9-15c37253afad, 3919 
89646 ad21f4c7-6ef3-4ae6-a4ca-11d74d675147, 8505 
340260 2e763d4a-7cc6-4fff-bfdc-04d075bbeea6, 8505 
179299 c098c3a5-cbd8-4128-aa7d-0abbaaf0db01, 3919 
249267 ed97f51c-bf72-4bf9-8679-7edc77b3aa5b, 3919 
319114 13c4bb0a-87e4-4882-843f-c955a7f6e606, 3919 
223430 29cac98a-a86c-4ee3-9d08-9af20b578b47, 3919 
384915 e585621a-0449-4dad-b8fd-a25f8fff8b07, 3919 
83290 1325cd77-d947-40cf-87dd-5d5efa52f000, 8505 
235292 e0b3a418-be73-4177-b4bf-de8510b3e37d, 3919 
296368 9720d69d-7791-4f30-9203-5087d762719f, 3919 
336110 29bf363f-fcb5-4c8b-a8d6-09a245a3955b, 8505 
374716 43350940-c96b-48c7-bbba-ae3f8b7a9bab, 3919 
267724 2458e41c-fe2c-41e0-bb44-24fd2e02d30b, 3919 
61895 8791eee3-6998-4d5a-9f8d-402f128007b4, 3919 
94552 7c45a028-28c6-49f3-8739-2cf9328bfa88, 3919 
356141 ac8ab6ae-f67d-4a40-87b3-88d507a51bf5, 3919 
247538 20691393-0ba1-43c1-94c2-0d89f147af0a, 8505 
44291 352c7bea-2665-4ac4-86db-52213e378d62, 3919 
144332 485e4dd1-4e9c-4fd0-93be-aa5b6fb0e435, 3919 
215972 c81db1a1-724a-4d7e-af86-4f3e0f33a9d3, 3919 
101774 183bd7fc-a1cc-4ff0-a94a-6994ae67bef8, 8505 
293799 9647d2fc-2b0b-4306-9179-6db35d36346b, 8505 
78811 ef10a056-722d-4392-b37f-9d6a8cd7c857, 3919 
396273 43676c65-3825-42be-b579-8ddfeae6ab66, 3919 
325249 03151167-d12d-4efb-b964-29dd1375907f, 3919 
312656 fb64764c-8260-4684-b329-cd6f57bc602b, 3919 
187234 131f47a8-b0b0-4417-8910-34349623d0c2, 3919 
33865 85dcb393-163d-4937-abea-f62e94673388, 8505 
187558 30557acd-7fa5-431d-a844-6962b37f15c5, 3919 
10399 58953fb3-24c6-4f14-896e-d6482e512728, 8505 
286520 ca67e219-2feb-43ea-a0a3-ff1e57a94c2b, 8505 
242721 89428dad-8d97-4e2d-9057-7f3860e358da, 8505 
296248 d0080a1d-b340-4151-9dd4-e008dd6ab826, 3919 
4516 de25f533-fdbe-4843-ac08-668f78139fa0, 8505 
59688 eb0cdb40-9fa9-4e32-ada4-136dc3b2e2ec, 3919 
14583 d9f3c1ec-a6cd-468b-b674-336821439dc9, 3919 
374359 5c952292-450d-4eab-a366-158b733a9e1f, 8505 
90349 b2792fa1-a4c4-4857-b4de-89351be769f5, 3919 
232658 01352e1c-8210-4b2c-be23-553d14b79147, 8505 
374228 76d8efba-28d6-4d43-b10d-a2e485815c7d, 3919 
7447 01c873ac-2199-4139-ad91-98b609bb1f81, 3919 
322634 f3a21c90-ebb3-411b-be8f-4a6a3d76c231, 3919 
78201 93f993fb-9fb6-4817-aa78-6d0a9ea1dcff, 8505 
79672 b767384f-6a62-4bde-8c22-dfd3defe29e3, 3919 
234705 61a49ba4-eab0-4a30-973c-6ecf4cdbfa30, 8505 
160846 785d8010-b7c5-4de4-950d-32ad67cbd3ce, 8505 
289656 73ea3535-087d-4b3b-bcbb-48459365c523, 3919 
117309 d1e557a2-5b79-4e03-b95b-d920d127f2c8, 8505 
143940 660e1dfa-ff90-432a-8499-b8f339eacb1c, 3919 
94154 f972afda-1a82-4842-bd1e-019fa2b45e53, 3919 
67015 1544e4a4-beb8-4d85-ac9c-05f1ae92e8f1, 3919 
102687 df6d1d0e-918e-49dd-8010-e87c39e7eb00, 3919 
130862 fa0bb27f-98bb-470b-b35c-eaf4aaf5fd2c, 3919 
114139 f777f73e-5e1a-4946-a68a-8eeb61416f00, 8505 
268972 f29e003a-73de-4c7e-8f69-a757420fd87a, 3919 
380944 af33e610-c33a-40ff-9d6b-2d8c5546e37a, 3919 
152748 3f29656f-063e-42a0-bf95-1bbbe4d7b98a, 3919 
293853 15f70ff5-311b-4e29-b049-528682652b67, 8505 
97559 397b6f78-f0f1-4dd4-a4cc-885b210bf0e5, 8505 
4140 7616163c-7585-4dea-a277-90989a179129, 3919 
7713 21fa942c-98ec-46b2-97ee-43af09792946, 3919 
83280 eeeaef4e-5627-4328-90db-88cdc8d1a60b, 3919 
177099 a32e3c6c-9f99-4c47-8258-f6baf1f66b80, 3919 
191731 b3db9dbd-609f-4240-9ebe-dfd4f6542c1e, 8505 
254453 0fd6407a-5027-4f62-9357-dc37f053ebd9, 3919 
115361 64de6f9b-2681-4cf0-9276-3f3a2af2c143, 3919 
226914 8f5ecde4-36c7-4b08-925b-945e1d7f264f, 8505 
333538 d2ed374f-36fd-4bd5-8d82-7f320b6b4d7b, 8505 
159904 75e9f55f-8751-46d3-804d-9811f0710054, 3919 
202284 d9539216-5bd7-49ff-b336-98204f3a4a47, 3919 
226969 dd203c93-7b3b-4e7b-8cd4-ec9289ebf6a5, 3919 
32385 431700a9-aeda-408c-b9f2-08d1c354fb94, 3919 
247771 031ce5a3-7d6f-4691-ab8a-ca2d0a391280, 3919 
70726 a95b693c-8ec1-41ce-8d84-3729aa9a9924, 8505 
350448 da6198a9-b8c3-42a1-bbc0-e196e48555bd, 8505 
334510 f9887f14-7236-4b91-85bd-6e9cded258d3, 8505 
231148 870ef167-3afa-418a-b4b0-5879ea699766, 8505 
377244 ee760171-617d-42f6-bc6e-c72471cf6800, 3919 
314727 31a031e0-fe60-4297-ae83-6508874410c3, 3919 
271741 94de5533-775a-47a4-bc83-61938ea5154f, 3919 
387624 52f163f6-3d0e-4d11-99ca-409623754142, 8505 
336162 2d01b46c-60b7-4a35-bfe8-ce1ed774e21a, 3919 
376889 6ba86510-e6e6-48b4-90fe-e9d6a0d4bf25, 3919 
136031 d04b0511-2ba4-40b2-b554-79e3802b4918, 8505 
256353 42121273-56ff-41d5-af2e-a0100f6be91e, 3919 
308891 75e38ea1-f6a3-4946-bdb6-2255b5699f2f, 3919 
205591 4cd17c77-d29c-4d25-97e7-7c2786001045, 3919 
379128 94ad9f10-4095-40a7-a02f-8f0e44c63557, 3919 
385746 5d2ac21e-2414-4794-8865-bb01dd95a95a, 3919 
367940 2ed0b94c-bcf0-4998-8e3c-946dcdbac5f4, 3919 
374890 7881138f-de45-41fb-b6e5-a61c4d3f65a4, 3919 
16401 ea8e6bc2-5634-4a4e-b9be-69f575674bed, 8505 
344099 b682590b-d7f6-4381-b854-5ae3a62b3fbe, 8505 
340126 5668ad99-7ffc-4b78-a3f9-80762ee8e858, 3919 
381033 dadbbef0-92a1-46f9-a205-0f0aa9e4b471, 3919 
243338 feb2d1f8-6285-40e3-8865-feda58f55c9f, 8505 
254611 5f6c03bd-6e29-40e0-b0a1-9e69f1cea2e7, 3919 
395978 ca7f5edd-47e3-4e6a-8492-d3a7b4670d79, 3919 
274102 736f31cd-d52c-41b0-9207-ac3870e822ce, 3919 
379922 b72378fb-2119-4b1e-a93e-0a3a82cdbf9f, 3919 
349927 0343f5e3-8287-48b8-aabf-bc5e93f072bb, 3919 
352856 c37b24c4-9636-4276-a54b-6b8019b14c82, 8505 
159065 6d9d63a5-b8d5-4a16-9cbb-84b1c02d1ad4, 8505 
169340 120467fd-062a-4af8-88d8-ce47f2ff592f, 8505 
3245 2c80d839-f773-4d5d-86df-efdd8af4ba14, 3919 
49695 e6256244-20f2-44af-bdae-2f3acce8fcba, 8505 
16457 a7fc932c-8ff6-4b56-97e8-f87229da41a2, 8505 
255802 7a9254cb-eb04-4ef1-b64a-3fcf29ba2277, 3919 
98585 3310fe28-5bf7-40d1-979d-b52bc7e12630, 3919 
379533 f4465240-868d-4509-8cb9-9be5f44595a2, 3919 
19310 cd74fd4a-9f3b-4990-99bd-a54d86fd464d, 3919 
277061 86d13388-be16-4921-9c5d-f1544b98926e, 3919 
144211 5ba3c200-312f-4698-b6cb-3e60525b7e5b, 3919 
342815 fab2409a-90af-4f0a-99de-a116a2301490, 3919 
402860 b9321d09-8750-408c-ba31-164dcc8f91f5, 3919 
284503 3cb1e081-6e78-42bf-b862-a876c451a47e, 8505 
362801 008e3ce8-c16a-4462-8ddf-b2f7b6c28643, 3919 
22261 1dce5034-8c1f-4ea1-a44f-0ee08cf8e59d, 3919 
289668 3bdf7454-c76b-408c-b399-b1f5322507e3, 8505 
293039 6b376ab8-2f70-457b-b21b-d0253cb17162, 3919 
185065 d6155207-4d41-49af-882a-0da79c034b68, 3919 
250008 509c0651-1d34-4d78-9969-44bcdcaeb7d9, 8505 
106943 0915554c-67e3-4a1f-a440-05b62425632d, 8505 
310000 c031f6c6-149a-47b2-8ffc-daac594d28a4, 3919 
176695 316eb186-b17c-4a39-9c2e-c514612a09cb, 3919 
205790 3d4cf738-bcd5-4ea8-91cd-ba0ddb4510cb, 8505 
276639 16c36778-3970-48e1-aef7-bb625a92bc3f, 3919 
343732 36c39974-bb4b-45f3-86d5-8dde8e40918f, 8505 
176442 85c505ae-9b86-4e39-8594-41a352b19ebf, 8505 
125416 c0a875c4-e3e5-436b-a98e-e4e53845663a, 8505 
10018 62925fc8-0b35-418f-8b52-eb8575bb94b3, 8505 
241633 54190ff8-4de1-4244-accb-5de10806b29c, 3919 
282038 c72e7922-333a-4c3e-9b93-64de13461575, 8505 
361341 47583e05-8811-41d7-846e-f2224ec8424a, 3919 
395460 63997af1-f7ad-4b99-8690-252e2dfa1cf2, 3919 
167935 6c85fae6-369a-4219-9bfc-26cbab2a3559, 8505 
388588 402c8c99-20d7-40ea-8f73-5ea7db882ebe, 3919 
140590 4af24b7b-9076-43e4-83b6-1d4c4ceaabc7, 3919 
301265 c07b09c1-5686-4edc-8935-e9a8f6b835c9, 3919 
380146 53e0f9f3-0aea-45a7-bb39-d8f451f310eb, 8505 
184073 9827356b-6606-4e95-aea5-b021dab37817, 3919 
339420 fedcfd07-86c8-46b3-a3a5-d4f1951e147e, 8505 
306663 8eb0d21a-01f8-4951-84b2-6bd54f65d962, 3919 
166474 e2b4ccaf-ae67-4e09-af1e-761156cd502d, 3919 
75885 0380f0ab-dc36-4d20-8060-38027c01dd6e, 3919 
363499 dd483f72-e70a-4ae7-9435-d9e92d4fafc6, 3919 
68043 ce7b2cbb-44a5-411e-974c-68c322f898b4, 3919 
65213 7696f2a6-0784-42f1-88a2-4fd240e708a9, 8505 
291452 7ca7271e-4676-4407-97d7-0edd59cc01b9, 8505 
382423 f8e6de8a-37f7-4186-8f01-bbf3fb2b85f6, 3919 
105793 6c343958-a9b6-4fcc-abfd-1300b0b542c9, 3919 
90525 dbdfa93c-1175-41ec-a9b0-45335212c71a, 8505 
267113 2ef51226-0854-46cb-83e8-f9c6cd651b5f, 8505 
327671 3f25b443-e7fc-4b09-8da1-962811325819, 8505 
219326 448de4df-fa8b-4de0-8716-3c9a1b9c8f8b, 8505 
32188 92a6eaec-d3b3-4abc-ae2a-357f6d2c0599, 8505 
2031 69dc8ef1-503d-4460-a7a2-1c27e3b91688, 3919 
231511 30e7e452-9125-4719-995f-23b15cf201f0, 8505 
201292 58884d27-c45b-4323-a32e-075cb4f49bdf, 8505 
295352 efe93831-1c74-4040-b9b5-38fd13e13159, 3919 
370887 e04edbcb-a59a-45b6-be2e-1ad74f9c10d4, 3919 
400563 b9cc6a5b-338e-46df-bf47-7e9eb21a1c00, 8505 
287857 d338a717-aad4-4416-909b-7b2e6288c974, 3919 
380011 f203ce6a-f43b-448d-9407-565901b5c9fc, 3919 
326830 47e2a576-8ae0-41c1-a20d-c2b2855b6df0, 8505 
351518 b8f887fd-3999-4803-8d81-275a44efa6b3, 3919 
115419 43b750c7-ab32-42f2-93a5-2fba9221004f, 3919 
224013 5f308bbd-8957-4c33-b9fd-49edfe8df05d, 3919 
315591 e469edfd-4cf3-445f-8dd3-769553bee7d4, 3919 
320917 830386e6-79dd-4e69-87d1-2107703d6547, 8505 
373193 5969483f-3db0-4c90-986b-16692251f0e5, 8505 
305460 6905b9c8-4985-4c04-b185-9e0f88288559, 8505 
289431 f0a6b860-f273-4b62-bc5d-c8ba5b353808, 3919 
8936 2026e72b-bc88-4239-8aab-c6d358500b5d, 3919 
197884 521a4052-2a73-4b3d-bbf7-73e2a7468606, 3919 
62837 5de15515-2c76-479e-ba6a-5364513fe12a, 8505 
57977 7cdeca7e-5a5f-48f5-b882-a9ab7a8401d7, 3919 
70934 d3565aa7-6d03-46cc-949f-089c2962ad19, 8505 
135733 bd1ba4af-805b-4a83-a6c8-630821580111, 3919 
240242 5ce48b1d-7f0a-4756-99ba-12959d436513, 3919 
279808 285c8211-4a40-47f3-90c1-304a26fdeb7f, 3919 
17346 64087d06-67f0-4303-a26f-d054058ad0eb, 8505 
288911 1fa7ab44-ad21-473a-aac7-816733eb2eef, 3919 
340660 63ea00dd-0b73-4bb6-88d3-79701162ecf9, 3919 
371256 b407552e-6619-4de5-9879-0f14fc109391, 3919 
361326 202221df-ddef-40a9-a9f8-7d2961ad827c, 3919 
108312 2d067c79-23a9-4000-89ea-6ba66f00e71b, 8505 
133535 de7933f5-ae02-4ab3-851d-6f9602f0c12d, 3919 
295380 897a1767-db2b-4560-9d28-6650067698d6, 8505 
63919 40cb1b2a-aa8b-4fdf-ac9e-7651008da42b, 3919 
36193 c7daf8a4-7f3a-491a-81ee-c9322a1c081c, 3919 
50155 116931a1-5fe5-4771-9fa3-d82c4942a949, 3919 
113375 9bf5fb40-a101-4f9f-acc7-8c61c191ea56, 8505 
226389 18ecfe21-2444-40c9-8594-98b6defdac8a, 3919 
128498 55a1d224-2c34-4feb-a38f-facbc48c9664, 8505 
227798 feff5972-83c6-4bd5-8e8d-7554534fb024, 3919 
347649 3e2aa6e5-f8b4-479c-a327-3a1493929f4a, 8505 
269067 1f00058c-d323-4e3e-a02b-3a144c4dd3b5, 3919 
126711 8f1d5bf4-fdaf-4e6e-9044-616f085f1d89, 8505 
220671 a29bf871-2d75-440a-a3ac-6b57c276b7a0, 8505 
93408 894c4870-a068-452d-ad17-15f44b5622e7, 3919 
127130 1a551580-6f71-4722-9fe0-218b2f20ca6a, 3919 
396952 b299dcd7-9f67-4b69-8681-335b033ad990, 8505 
39026 b1352c67-1a24-4f7a-b1df-0d772ee48b84, 3919 
208131 a4a10f9e-841b-48dd-9550-6f6f49f59a31, 3919 
84465 5fc33288-a824-42e7-8a16-58d182ad3760, 8505 
386712 9fcf1eab-4b5a-4853-9f98-dded6c0fdb8f, 3919 
255686 cfb70c6c-6a0e-4054-adf0-b868d6a54de7, 8505 
171126 3dcbbcbd-7c37-42fc-b375-3820ed72407b, 8505 
36106 606510f6-7978-4a3a-a589-ecad5b6335c6, 3919 
16318 6010752c-b0f8-4be5-b405-928cb84df065, 8505 
59349 842b6d0a-8bae-41aa-926d-bc0c3a244581, 8505 
354553 ced7b9ee-2699-4b08-923f-2c2ebd19b3aa, 3919 
217067 f9375a3f-3494-43ba-86cf-22a9c7d6094e, 3919 
120620 ebc45991-4c42-45d9-85dc-278e6ba17b41, 3919 
179521 328cdde2-2bf4-4ebc-9890-eeeca24622d5, 3919 
161649 fb88a4d5-56c2-4cc5-84c2-68d3443dca67, 3919 
111083 f3d7dbf3-c954-4c1b-88e1-4fd6c6e63965, 3919 
79123 3a474984-81ac-47f2-ba7d-6ee003768c6f, 8505 
339536 608a62fe-40fb-47fe-9a34-23399ba0308b, 3919 
221411 407fe5c5-963b-46af-8a1e-2cf3745ca786, 3919 
111250 3ff338c0-afcd-4dcf-8ba7-ad52ddc21f8e, 8505 
24511 3e12f08c-deb3-4ea7-aefa-b3f0169ae389, 3919 
360373 96ba45a1-7a9b-4d4e-a37e-23bb897efb32, 3919 
242194 4ab95048-571f-4f60-a819-26af30bba0aa, 8505 
31566 32e743ac-08b0-4aac-b4f5-1255193f8edc, 8505 
261193 34c89a00-cbbe-4869-bfd2-1303d6d03db7, 3919 
171994 e1ab6042-e01c-43ce-aba2-f3935dcdbbef, 8505 
90943 2a101b3c-9d68-45a9-9919-cbc29a3fd6de, 3919 
285089 548abeed-de49-466e-96a8-2f9fe0715cf0, 3919 
34640 baba5cc1-c887-457e-a477-157f1ad09e97, 8505 
75933 c0f2414e-2ad2-4d29-b2a4-c3d6d98cb824, 3919 
223091 aea29733-a5c9-4d59-b559-57154a45820a, 3919 
202458 a98772b3-99ca-4fbb-b319-0eb18c696bda, 3919 
96503 84166f69-bff6-403b-8d61-8aa033791e8e, 3919 
179837 ecc016e4-52a3-4e85-96e7-22cbb6717cb5, 3919 
84134 7f8ac232-168c-4d2f-af6a-efd737cb9c1d, 8505 
171031 80455c39-44e1-46b6-88e5-a3985a94e136, 3919 
325121 9b66fff3-98ac-46c6-908a-78473d0bca61, 8505 
123895 73576c58-08bd-4d70-b2dc-3e72a3145802, 8505 
106723 d6c0e0fa-848c-4c27-9436-c8555cbb67da, 3919 
389079 610884b6-23f6-4d03-a4ef-78d5d0bb416d, 3919 
233601 7ba6b7ac-79ac-404d-b321-e6d7d03556e4, 3919 
353285 39a23fc0-a706-476e-a8cf-add70f065387, 8505 
240832 a8a2ca1b-1405-40d9-bdee-364e8004aa86, 8505 
190857 61fba4f0-3cc2-435a-b529-94992767df91, 3919 
294092 4e4bf610-cf7e-4717-b886-a04c2d1fe7c1, 3919 
306976 7d6512ac-5b48-468b-b35a-5749c32e827a, 3919 
14145 30700214-5e0c-4584-84c8-eeb50f36993f, 3919 
167331 1ad55ac4-3801-498f-bbee-c97c318be9e0, 8505 
323212 c9a400c9-3c9e-4c7d-a713-52b6ea29c969, 3919 
214577 e1005f2e-8775-4cfc-8f80-6418c6c7fa56, 3919 
315293 5208cdd5-a42c-479f-915a-906d801f4dab, 3919 
66783 025511ad-c25f-4e01-9ff3-64820efa064e, 8505 
298602 01ed9de9-21ea-46f6-88ec-536a630240a6, 3919 
48351 a5d24a39-c6a8-4de1-9263-765f7924aad1, 3919 
31544 be68978a-c507-4c29-9842-906a6973b2ec, 8505 
65847 a9092c33-0830-4fab-a51d-52a1e0427472, 8505 
15612 83d5c615-c9cc-4fa7-855c-9decf4256a02, 8505 
153061 a6933eb6-9c7e-415c-bb54-20d166573968, 8505 
324275 729a2757-d256-48b6-b0d8-cc92861fcb0c, 3919 
398721 c7dba67a-58bc-4efc-a7d8-735c2907b69e, 3919 
40681 5c5b8258-6dba-4c9b-a83f-bb829ed7e9ae, 3919 
285743 4187bc70-46a4-440f-a9d5-829de6e3fb07, 3919 
70655 3eb26aca-00f5-4fc6-892a-6a4ada47d1dc, 3919 
24124 f2d23fb9-7a11-4b81-9f54-bdb7c22d6600, 8505 
344426 364cffa7-6b58-40d5-9a73-5e2fcf8e32bd, 3919 
63757 d05027b9-4c18-441e-98b1-c5ec1dc41a77, 3919 
216153 88d563a9-6ba0-4cc5-974b-aa658c26b2d6, 3919 
329661 80962117-e2e4-4945-b3bf-6205b2a7d078, 8505 
255822 b4e01cbd-3c38-47d8-b7a0-f309c94272e2, 3919 
256694 6feed0ab-d5e7-4129-9e76-01db7a90de44, 3919 
123492 b7f75719-207f-4990-be4d-da0f3ad18905, 8505 
281566 e90200e8-7ec8-4b96-8ad8-b25d3912c81d, 3919 
141170 f890dc74-e287-48cc-8844-e1c01d224fdf, 3919 
281303 ade29708-ee87-48e5-b47f-96ea7a9cfb11, 8505 
16947 7bf38b26-f9b9-4a38-a414-def1bfef8c6d, 8505 
137162 92c2c49f-183d-4e25-916e-eedf3756a3d0, 8505 
42143 a9405898-837e-46e5-b6ca-d7a125f04579, 3919 
167046 578848f3-1abc-4f9d-be20-a5f86fa58018, 8505 
140672 0900a48f-4781-47e9-a6df-17c114a02671, 3919 
254617 d0d6b743-7a5a-44c5-9e9c-468b8713ff09, 3919 
278236 1e22024b-7a63-48bc-a290-30b64c0096b2, 8505 
378807 9dbd1112-ab3b-40bc-901a-b335326b64ef, 3919 
328484 21e5409a-8eee-47f4-8f05-3eb5347e6e9b, 3919 
231175 899c3e70-5f4e-45a1-9560-d984145a6f3e, 3919 
374568 0bfef833-c2d2-498a-9170-106b20dc3301, 3919 
55934 064f64d4-a6fc-40ee-9489-3b1503f97802, 3919 
313370 cce4eec4-445a-41f5-94d5-95c30a8d18a0, 8505 
45411 08af31a3-6daf-48d3-936a-0d77210f08ad, 3919 
374110 8ec2d73b-6e57-42ae-b499-fc67199ab464, 3919 
286726 d691c4f5-b7ec-469d-9d68-9ccce15e3400, 3919 
5892 e6f009ff-614d-40b6-be5d-0f1b686c4981, 3919 
104783 711387bf-d45e-41e1-88b3-1ab06d8b0ccb, 3919 
270510 c83a6f19-82c1-4709-8750-d82a30b97b63, 8505 
123018 a6b6b394-eb44-4522-8de1-a068d9fefdfd, 8505 
62922 8791cd95-875d-431f-b038-d39884a8b579, 3919 
159438 65650baf-58e0-4fcd-aa70-2bf7b1511952, 8505 
276423 6daab85f-fb6f-462c-b4e1-a17fa05bdeb5, 8505 
362576 76cd8bf2-2af6-454b-b7f9-3ed0b6ff34cb, 3919 
32890 b0b6a9bc-fc08-4a09-ad7b-323ba54aeaf5, 3919 
162691 0e60412f-6f7d-4aa2-817b-1140b0b542c5, 3919 
12027 db96bfc0-ecf7-4225-bb6d-056b98411a3e, 8505 
244415 129ea8fe-678c-409d-b495-a327ecb11421, 3919 
374018 c3f5d79c-bbae-40ad-8b60-f38f870a19b9, 3919 
289137 e022bf59-abd6-4eeb-95a0-ac245d4d237f, 8505 
180613 58fa7b1e-c4a6-421f-8bd9-6f5403eafcc3, 3919 
99229 92d7580a-8e86-490d-a2cd-db5038ab1604, 8505 
227223 46423fb7-613c-4f89-b15b-e2684ae1a2a9, 3919 
56125 a43aa5bc-5a9c-467a-b544-d697cbd0de93, 8505 
271825 a74044f6-aaec-4c93-83a0-d56ae732a605, 3919 
71914 31e00ac1-adf7-4be0-be25-de8de292f42d, 8505 
74722 d875c651-6313-4024-9715-8326ab822407, 8505 
390329 ca6fe04e-32cc-4faa-ba69-4ec9d5ded265, 8505 
103277 baaa6470-19dd-4b62-b25b-db402720b3f9, 8505 
340393 a4d0670a-f351-4819-9ceb-77e83d8e2fc8, 3919 
52158 d6bbca10-a866-40d7-ab10-9c6726d198a1, 3919 
167692 26373ebb-a76b-459b-9c0b-8154e5501851, 8505 
382468 3ebd7a7f-a4da-48bd-9414-61814be5cb24, 3919 
392280 d8567f2f-f379-4ce1-8edb-1a020a6949e0, 3919 
121284 766d8cc5-bdd7-4436-9b21-1ec51c6e9604, 8505 
351034 557c951a-c2cc-4a04-893b-793cef7b7bd0, 8505 
19162 9c6c1dd4-1cf7-4b9d-9c7f-9204fc56d87a, 3919 
4047 9d78f9ae-7501-453b-9b54-503f9f465f93, 3919 
315667 2200ca6d-34e2-4099-b1fb-a25804ff7306, 8505 
118819 16cb1d13-949b-4d06-a07c-a2a2a7faa10f, 3919 
10455 ed0178de-0cee-4ea2-8abc-d393398c4f8e, 3919 
236435 89db4b78-1366-4f0f-bcf8-9d14041f542b, 3919 
206086 27975422-4b43-424e-866b-198863b1309e, 8505 
43701 6518d1c4-19fb-42f5-b947-3c82773b49d1, 3919 
354785 5d4fb177-8c2b-4fb9-a19c-5c35f73f6755, 3919 
267546 524545f8-ecf1-4416-adb2-168a9e6ac088, 3919 
142680 6aea50ad-d65d-43d3-abc7-f1741b337985, 8505 
41362 c835d4fd-3fe5-401e-8b14-bacb9779c095, 3919 
214426 e534d677-3a21-4443-8374-793d88015bbb, 3919 
142642 f74553ca-6cf6-402a-97df-9c3c47af59cf, 8505 
263246 3830bb37-6f19-46ad-88b0-93d2202a5d55, 3919 
11226 dd79b535-15da-4460-bf64-ed6a5e0ac420, 3919 
333172 2471806b-fb05-4635-ad69-6268589359a1, 8505 
37823 b2024874-ff8a-40d4-9f1e-af52b5428953, 8505 
178124 8e916cac-5990-4136-9028-c05b487b5786, 3919 
65482 584cfc3e-eaa0-4c39-82ec-2c150b8854fd, 3919 
78850 c9eda398-6a73-4964-b66b-c1d5b2966b9e, 3919 
249239 14dba809-4c0d-42d7-a8ec-41350c180873, 3919 
182689 ca59476f-fc37-4fe6-85b4-5686e0f72078, 3919 
65998 45f87da1-00bd-4500-a32a-3fc5cbffbf37, 3919 
264323 44f5e1a7-0bab-41fc-8e4d-a0801927b8ab, 8505 
14803 ccf471b7-4ef8-481a-8a0e-7790558a3073, 3919 
391688 8c7e88bc-2359-4e7c-9e86-0f78e9196741, 3919 
395729 1741cba1-845a-48c9-9b89-42d43c05a3b2, 8505 
292827 ed39a0b7-0149-46cd-a294-d1d01d7b46f2, 3919 
339715 2909ff26-2aaa-4285-bcda-43bd868177e3, 8505 
111883 781cc990-575a-4fdb-90d3-093f248ed401, 3919 
324285 b31bc967-8a6b-49e8-8c46-c1f3ae0b09ae, 8505 
83394 2aef0501-ffc7-4ead-b526-fd7f655253b4, 3919 
208391 c9d05aa4-2b45-4f84-9546-a097816977d4, 3919 
98524 9ad54c4d-2de2-4480-9998-539c1f5a2840, 3919 
398549 886b8f1c-87a6-4df2-8aa3-f9b84e55892e, 8505 
182704 dfa656c5-567c-4ca1-a7dc-ac192b00fa9c, 8505 
375886 40ede59a-b878-4344-8c7f-3f7a1609d9e9, 8505 
214570 ec2ddf9c-2b1b-4761-95ce-0959946833a3, 8505 
125366 0eec6ea9-b96a-42a1-a1d0-cbf41aa1d2d2, 3919 
91497 7725192e-f0f2-4598-9056-bd3a68f9b159, 3919 
209490 1b13a0eb-22c7-4a17-bf84-77c56d94a472, 3919 
23166 d64e2bf8-bbe7-4e97-858d-89a8a4850176, 3919 
62935 c3c2efc0-cbe2-40d5-9d26-6fe023ad6243, 8505 
130317 be86c079-b50c-4fa7-ab74-98b37c268d15, 8505 
221590 588482af-1a6a-4f31-8c76-9cea03e0bf14, 3919 
190364 e8f3f416-a2bc-40a4-b48e-2a80e5b4829f, 3919 
17266 08979a2f-8d74-422c-bf8f-00480bc71372, 3919 
398866 d979bdc2-6410-4edd-9e8f-391ed036f1a5, 3919 
325607 db3e53ae-f59a-4336-8640-f9a10fbca736, 3919 
237803 6a64af35-79c7-420f-830c-56d2933def0e, 3919 
11544 ee66e08c-4759-481b-98fe-22b98f88cad6, 8505 
2711 bdd41d70-5336-4f8f-9c42-8d3eff5680a9, 3919 
108601 2b11acc1-39fc-405c-99f6-0ba243578049, 3919 
157939 8504f633-d44e-49ce-aa64-c8f11e0ef45a, 3919 
341930 f6f8ffe9-e6f6-4072-a683-d65480a1916f, 3919 
77287 ae9eae38-7c06-42ed-90d5-824d66a21b02, 3919 
99917 80ef8b3b-4bf9-4fd3-b506-6e1c0aec4044, 3919 
6038 7a4867f7-dabd-4015-bcd4-f6d12e3e68fd, 3919 
343822 897f9e3a-41d6-4250-ac4e-74e3a7e54c1a, 8505 
131335 048303d5-3285-48f3-8b5e-01937f847276, 8505 
36523 b906313d-c32f-4d26-801c-97ffa3ca5f1d, 3919 
138056 6a3edd49-977f-4bdc-9d62-d32a56ebe4cc, 8505 
388750 06aa3bca-610e-459a-9af1-0aabc6e0dfe0, 8505 
278910 c0f89111-fe27-4b12-a882-8605bb4823f2, 3919 
132970 066b8c9a-7014-4774-9edb-9eadfafb7a9e, 8505 
297718 15de6e87-d45b-4600-9294-9de14566c3a6, 3919 
402972 00f9dcb1-6058-4519-9303-78f992f33666, 3919 
183126 dc059a87-377c-415a-9136-763304130cff, 8505 
52994 efb234ec-d8d5-4263-a4d4-6f72f582a1be, 3919 
25175 94a2fe66-98c4-43d8-a430-f4f2c349bb53, 3919 
370668 7b051050-2fce-4596-a5d5-c0547a094659, 3919 
81453 f5837a85-c1e8-4d5c-9e7c-2b9ba6affcc5, 3919 
122587 6c989528-e53a-4f00-9e95-eccc353325fa, 8505 
304262 8034b7fc-0e52-4e73-8192-7f595b079928, 3919 
288499 463dc2fb-ad0c-414f-bc1a-b3e9d88e10c9, 8505 
242802 eda47b75-02d4-46ca-b19a-a3b8b27e8b1e, 8505 
215008 d02bffcc-51a0-4365-9424-15964fd17fc1, 8505 
295089 f588d474-b537-4adb-986e-a67208bf4996, 3919 
114051 8d2c827c-bd1e-4c42-b666-04ac887245b6, 3919 
227667 1e9cfb6e-b6bd-46ff-8dfa-faef7c4abdd8, 3919 
218212 d8365767-4c57-46fc-83b3-2fa98c5ad06a, 8505 
330738 36b6abda-c7ba-4de7-9bbc-1e76583abb8f, 8505 
26616 13d42fac-d293-4df7-bd18-dfe788d3221b, 8505 
189321 02d96b1c-24f0-4401-ad96-08b84720b635, 3919 
258366 ff0ac98c-e840-48f5-bdc0-84f26c513fe2, 3919 
269537 113788f0-71b6-449b-8b9a-b3024ff90829, 8505 
192952 d210e7f7-88c5-4a43-ab02-62274ec6bdcd, 3919 
258500 7882309d-f2e5-49a9-8ef2-b6ac1eac09a1, 3919 
197634 c951671c-47a7-4834-8b99-2f2dd8a7068e, 3919 
271640 079e7381-f32b-41ad-9510-95056e6be8d3, 8505 
22301 f037edb4-2a53-4466-93f9-38c3cba545a7, 8505 
165340 edfbd1dd-7d53-43b5-b527-139f3bc1462d, 8505 
26019 e7dae7be-20e7-46de-b4e8-c02f86a5abc1, 3919 
355241 3fcf7ac4-fffc-4e7f-90dc-16f9a929b12a, 3919 
334998 6da53c2f-2d56-4213-82d7-bc9724f31de9, 3919 
318749 2ecdcbea-bb52-4e5b-8e2c-41ecc01709aa, 3919 
305135 cf4bf3cf-67ab-4ad5-9508-5aee6a7ed04f, 8505 
401583 bb4376be-b83d-48c6-a373-f7b192e40602, 3919 
359780 209a976e-727e-4646-845f-54d530a2df3e, 8505 
101852 35668612-e80a-46aa-8251-1d40ac0a5ead, 8505 
284508 7d75b8e5-28cc-4267-9f3a-13cbc14195b7, 8505 
318090 8bbcc98f-0f08-473f-9a61-3d708f9073f2, 3919 
288074 5fc96664-7bd5-490c-9800-ff1c86e66631, 8505 
36853 f68c5d64-9157-41e6-a4cc-04a06f84da1f, 3919 
400827 d2288597-8b09-495c-8b33-c29a9e04bbb8, 8505 
222936 b6a8a38d-0cc3-4353-842b-2cb5c447cc14, 3919 
1708 61fb0ed8-86c5-4af0-a9b6-ac29e954d14b, 3919 
335142 62f066c2-99e4-45e0-a31f-f6a425a8867d, 8505 
286264 5fdcb957-0477-4898-b308-a2bf16794b0e, 3919 
197425 a35f30b7-7a4e-4029-bdcd-a6282f8f2483, 3919 
277939 552486a0-da48-49c4-8a20-e71d6ecba9a2, 8505 
364895 53743c1d-e7cd-4fdb-9df6-bc75ac3f46f7, 3919 
155375 c8e25f91-3ce5-4223-8a37-27470e8bd7ea, 8505 
235591 753cf0e7-8669-4857-ab0b-4a857363cffa, 3919 
236548 bba839fc-4c91-4f3b-9546-0d4e4da7eb05, 3919 
265852 f99f8a6d-8373-42a0-b9a7-2fb3922b5b70, 8505 
212806 d388b0e5-a2c3-41d8-a874-7a1f295c6b53, 8505 
125671 7ae04faa-9bf9-4c0f-84c6-ea5c59d1f03f, 3919 
185712 f3c309d3-c443-4384-aa2d-32f9d2194c62, 3919 
360083 3134c468-d8be-479e-9ca3-036ee4cf6235, 8505 
96568 c3c28f9c-e951-4b8f-a83b-73b91c6f25f1, 3919 
297725 9fdcca1b-f6aa-4877-b4e5-46c60a9e1ec0, 3919 
184978 7b69c096-2660-4c85-80bd-a622cc539217, 3919 
234294 3df07a11-71a0-4cdf-884a-36d7563e3858, 3919 
213973 653d8f75-abb6-4237-99d0-bf3e8032bdac, 3919 
198269 d3d8ff05-59f2-4795-82a3-fb42d1653b1a, 8505 
389712 2704a2db-c971-49f7-a183-fe4a5afe3b92, 8505 
215663 8310b85a-e9d7-44b6-9ea5-d57f1209aa9a, 8505 
370687 23feff5a-93e1-4e23-b9f4-47b1b2c43d47, 3919 
287219 a1642987-baa3-4ea6-a938-fd8096bf1231, 3919 
383737 63b8eff9-c2e5-4016-a996-ae7fdc096b6d, 8505 
341841 5247d2cd-4d8d-4e72-b35d-1afb1f31f60a, 8505 
87821 5620a8cc-0242-4682-a407-9e57be26b98d, 3919 
113557 2769c51b-a1a3-4de0-a4b4-dd95b5c513c6, 3919 
373935 57e45d4f-d7db-40b6-b8f9-6adeb6a03dd0, 8505 
336242 96a34c83-8bea-444a-94b1-ab32e65e5325, 3919 
214489 7777bd83-18a2-4811-b434-5e477ef69f72, 3919 
289120 33514d05-f596-459d-b308-4c7690960f01, 3919 
35275 58430958-5f47-4e99-9455-e20ac008ead6, 3919 
167449 1f74b40b-270b-404a-ae16-0d3958a69770, 3919 
357617 bfec3b8b-93b7-454c-ba3f-204ef7809c58, 3919 
275068 8aaec936-b1ce-4e72-b0f4-9fedbb15bb3a, 3919 
131318 eb82ca00-d0d8-45a4-aecb-399f62c8d6cd, 3919 
122192 924d3834-46c0-40c7-9c9c-0c41735d6046, 3919 
279107 28c27c7c-1bc0-415d-a81e-017676a30925, 3919 
376768 e8c73478-92ea-4a2b-b704-007c604975b7, 3919 
384082 163de388-3358-4a1f-975d-2cd9259ed7e3, 3919 
52196 a2c3e810-856a-4550-8c6e-61f92bd7b28d, 3919 
195427 eb0dac62-14df-4e24-9e1b-354ffea6ebdc, 8505 
168511 77abd642-1673-4a4d-b066-19c71587c361, 3919 
151538 8e2918ab-0d0d-44ec-99f2-da575db1a256, 8505 
295210 a00cc974-d5b3-4d88-8a47-6184d5aad6fc, 8505 
191585 1886c586-49c1-420b-ae1f-ac0e005bafe3, 3919 
274303 9f73b18d-4a1e-4b75-8e29-a457f699276b, 8505 
323640 698ed48d-7ebb-4ba6-a317-3d8fef07113a, 8505 
156807 23e05115-21bd-443f-9422-eb69b1b1d5aa, 3919 
314218 6df15892-a893-4129-9ae9-3c5a1bac6d82, 3919 
201213 8d30b416-94e5-4a96-a27d-98408f2a06d2, 3919 
386735 af4e402a-10bc-46e7-bb31-61abe31bd3de, 3919 
205752 c70c0707-6e38-4227-9db1-741e6da9b3dc, 8505 
159361 ce4fa87a-764b-4ef5-8d55-95f038553725, 8505 
131594 d57c6168-ab19-42f3-ae29-351ab0239cf2, 3919 
156577 5b25008e-a448-47d0-acb3-cacd32b06bd6, 3919 
24853 cd7ad4d1-838f-4049-81b7-bd67d9149e9e, 3919 
14484 877a0cc2-d6b1-42ec-a284-303e95508fbe, 8505 
110447 c5b3923d-2022-4fb0-870c-846c6f1a13fe, 3919 
37427 54731f02-8531-4ce1-9faf-1f992248e69d, 8505 
275098 68389880-6f5e-45d4-aea4-aa3896e896df, 3919 
358929 79f46520-e85f-48e1-9bdc-b23d1701e70d, 3919 
83045 4ae5753d-ec2f-4b46-a5f3-347002b0f3c0, 8505 
140112 212a6753-ead3-4314-9924-f252baf04aaa, 3919 
89866 c9069df2-86a8-404c-9be1-74a700d56b06, 3919 
401430 7aceec72-f674-49e5-84d1-b76ee0f5c2e6, 3919 
154313 b7546a52-9346-4ed6-b5b6-eeea4be07713, 3919 
387410 ac4f9612-aecb-4868-b860-5046909683a7, 3919 
176137 6faf4f15-c6c6-4928-8873-59924a3efba3, 3919 
255124 24487460-6a7b-4621-ae6d-1b30d574988d, 3919 
355298 4f8b73b1-b3c9-4c7f-aeca-1d28a38f64e5, 3919 
58883 e6c03a9b-e20e-4006-8f4f-196fb129f4f0, 3919 
328412 fd11bcef-4e22-4f81-8621-ef09b0a4c2fe, 3919 
307742 2bc4ca80-6ce3-48bc-9dee-5830010544c9, 3919 
170141 7f9a147d-a089-4489-b40d-935879a064a3, 8505 
25596 9784d0ea-9b84-4b9d-ac03-c7c300430ca8, 3919 
168500 cd66003f-bddc-4992-a011-a2e84939b6eb, 3919 
347740 9899971b-83e6-4731-a37a-b312e15d0d40, 8505 
392851 2d728054-15e2-466b-993c-e61c6aa7e433, 8505 
8669 91fa5a6a-d2a4-4072-9a32-64e2163cd93d, 3919 
4956 6a179be7-3714-44e7-b3e6-58451157c677, 8505 
176841 0d0788c5-f7a8-4bf6-8c99-f37af37b2d93, 8505 
191160 f8df0827-96dd-498e-8a4f-edd68fb25337, 3919 
373308 d17701b0-8c18-43ba-a35c-7adb6a0945c5, 3919 
12980 2acb233f-3574-401d-9cf0-a51dcc971685, 8505 
96032 489024af-d812-4d0a-b521-68aa8db1c137, 3919 
207962 95f38d5f-61b4-43fa-92d2-d8db885dcacd, 8505 
379845 1ec3edc6-217e-4f2c-adf0-3e3ae7d3e571, 3919 
63962 4fe03b0e-76d9-47d0-9406-16e7af6f8f77, 3919 
214551 7dc00786-b139-48dd-8b21-06872bbeea28, 3919 
351808 af5567be-8d51-48e1-b577-29af1a287fd9, 3919 
359270 e3414a41-3e0a-4422-8635-ccfc66b38862, 3919 
189899 129396fd-051e-442f-b78e-7ce59aa9599c, 8505 
95580 58421f5d-0d7c-4837-85b0-06bcd61937b7, 3919 
65269 33f99c21-74cb-4b28-a5a5-254376d1496b, 3919 
356785 da97c53d-6cc0-47a5-9824-cdfad6305280, 3919 
315610 f8fec6ef-f7ce-483e-9b17-9fa2fed2cd45, 8505 
141387 38bb5136-dd62-4e3f-943d-308358318f2d, 8505 
147955 dcf91624-7dca-4fff-8c98-6dbf580b561a, 8505 
92750 b325e5af-0774-4cc7-8b48-1b230dd20275, 3919 
190204 8f14b27a-bcd2-4d0f-9eeb-33cb1f3e847b, 3919 
234659 1c4be641-3bd8-44e1-8714-594110d80dd0, 3919 
27572 05778d55-b8c1-4e5e-b723-f41e9ed7f280, 8505 
152355 a19aef71-4576-4d21-b1e6-a3bb04e2877a, 3919 
14934 f314c327-ab5c-433f-8c75-cc6b9a35e711, 8505 
85043 4715739f-3fad-4f42-83f7-afa95180d0c3, 3919 
285259 915fb091-c28c-4ea6-95dd-5f06bb3696c1, 8505 
112805 fd8d3064-d34f-4daf-a2db-0b030bda1403, 8505 
310078 40082b11-b1e8-4c78-acda-b9454617613a, 8505 
290614 3d22a35c-a559-4559-a8ff-53f535778b9c, 8505 
346529 723a7b47-1073-4f49-b2ea-f15c35c98479, 3919 
373910 b2d64021-9fb9-482c-ad37-c4abcdb41511, 8505 
27566 2e67f34a-e20b-45e2-8ef4-d0a963cb97a0, 3919 
240406 71f4c956-5faf-4c96-83e8-493f936d7afe, 3919 
179631 fae22ca3-63e6-4691-bd93-9c6d05632e43, 3919 
281600 a66e2c2e-7ad4-46eb-a90a-ef60094572e0, 8505 
159580 246cf782-c763-4bf7-bfd7-9e62362f88f3, 8505 
193011 2fa50c80-ade8-4aa6-b849-391d08d218b6, 3919 
383190 473fe819-bfee-49fc-8bb2-6bb51c47ccd0, 3919 
398274 c18cef8a-c6a0-44f6-8120-cd1cb65c50c6, 3919 
154637 56f8f6d2-4253-4194-8027-4cdf634ba552, 3919 
311732 45865136-b0c5-4f46-928c-46e8d1eb722f, 3919 
178604 9dc293f3-32f6-4a5d-ae3d-87a7f7c92166, 3919 
252324 0927d7d9-7307-4d04-a978-1868eaefd520, 3919 
58527 6c7e3fea-65f1-4747-9530-1ee9d58dab7a, 8505 
322412 92eef179-8cbd-4213-ae06-9cb78baad561, 8505 
257257 ad5dab72-e46d-42fe-a87f-486b9ec26cd2, 8505 
317644 32cdd84a-5fff-4fce-9577-48a84d1b94dc, 3919 
58445 ca37bc8e-a2dc-431f-9af1-50600356648f, 3919 
243307 a75317cd-8717-4bd2-8bb0-e305a6f23960, 3919 
384628 ce881e2b-9d81-491f-bc94-37106b61b1f4, 3919 
262175 7c3f4cea-6752-4c40-a403-832fbac61a44, 3919 
7191 df92b951-18e7-4555-aca3-528be36c82e7, 3919 
385270 6b593310-36a3-4e4f-a363-b5af7d4ea413, 3919 
283616 24a9ebf0-a45e-4da1-a4ab-aafd755a310e, 8505 
53424 ec3b3c5b-1039-47d0-a7be-bc4ac76550b3, 3919 
345645 c0f1b1c6-cda2-438e-a142-77561761e699, 8505 
38839 155c4a1c-e8e1-451d-acab-12f7e799ed1b, 3919 
28437 1f9797ec-2689-4224-b8de-1dffa1379f7f, 8505 
256937 e8ee1416-5c43-4a86-864c-edbd8bfa3a0d, 3919 
349284 c2133d5d-7836-4bca-9b11-9d315532747b, 3919 
111896 eb83e3e1-fd5e-4c6c-857c-d4d59d79bbfa, 8505 
59510 626ebe53-f582-407d-a7b0-7ad2e0090387, 3919 
341852 78700635-aea5-456d-a0ab-65f828b68c3e, 3919 
310335 48f46bf4-60df-453b-8cf3-44a1d11d2d55, 3919 
202444 273afe99-28d6-4e1e-807a-0251375412fe, 8505 
161892 274b67fb-34e7-4814-bc06-70ea120d8c27, 3919 
194022 a4c9144f-2ef2-4d89-8be1-96b1ffa4fe1b, 3919 
93993 66f1bd6d-6318-43cf-a408-85814a9a0af6, 3919 
247017 ee11d930-b717-42b4-a874-a26c6e7a081d, 8505 
131074 c2060aee-db4b-4943-924e-57548771d31a, 3919 
276472 a57905a5-8154-44df-ad75-e57da82dbe42, 3919 
396427 377a0585-e6c2-42c2-919e-c624213a9a1e, 3919 
160229 62308e12-6b38-446d-8f85-a26691b6595e, 8505 
35791 3317d97a-13ef-4b48-af54-670746824407, 3919 
268438 5181eead-c7c1-4c04-8162-9c16c5830812, 3919 
112830 58c84c0c-0c81-40c4-9132-37e065d3474d, 8505 
287311 c680a7bd-8a5b-495f-9c03-a9003ae13de3, 8505 
107369 d4924600-2bdb-46cd-8a94-09124ad73dd8, 3919 
183613 26f2d89a-f24f-4aed-9b01-a1b71379e3b4, 8505 
345531 9d3133a5-27db-4b9a-a3ab-62a931f2e6bd, 8505 
209437 14ceb6d4-2b98-483a-8164-9b544aaf756d, 8505 
196720 e8bd8a55-87e1-4ac2-b1bd-4bef54e6da41, 8505 
364571 4e27151a-8f91-411f-8233-7c2505b18125, 3919 
290741 33ef8b27-6f07-4b69-bb5c-4fca96c97c90, 3919 
140281 eac06111-c218-4b0c-a017-2612151e8d17, 3919 
73383 eec31ea8-8437-49e7-82f8-373def16e1b6, 3919 
148851 e621b5dd-bf10-4689-8e69-8980bd2e2055, 3919 
161570 085839ec-449d-4847-822b-e0555d4e054b, 8505 
127555 d7768d91-1ede-4cd8-a4b8-68fe4d72fb4f, 3919 
52058 7c5d3742-93e9-41bd-a3ab-c89bf8249c11, 8505 
54976 ff139d2b-e6cb-40ec-9292-b444cdb9cc21, 8505 
384406 fbb244aa-f971-42ef-8074-e4a326cffbb7, 8505 
292069 1310f660-5ce6-4243-bf7e-ad194d3da314, 3919 
212053 8eba62e2-de08-4be0-8444-6eabe9d611bc, 3919 
60660 661df3fe-41a3-486b-aa6c-fae57e370209, 3919 
101117 2fe7f30b-0723-4065-a1cd-0e09fa164529, 8505 
331474 0658b849-ccd8-4a7d-b924-3f8aaa92e47f, 8505 
61373 57ea7d2f-d4ec-4b4d-9bdd-1dff97746493, 8505 
231042 1c451c1d-d423-4b6b-a187-dcf6d2612ac0, 3919 
40429 63a2052b-cf15-4e33-b21e-c99384f0f059, 3919 
242195 23f993e4-7900-43cd-853e-74eb2d5f875a, 3919 
37018 903196b1-695e-4dd0-989d-b850153da036, 3919 
328827 92210e0c-d2fe-49bf-8076-04134a2672e6, 8505 
387325 c8eab30f-e030-463e-874c-9a8c341102aa, 3919 
34308 3c1e4048-58fb-4013-99ad-556068602ce9, 3919 
9163 28f6ac8b-dd62-418f-ae6e-633044a094b8, 8505 
339070 c09866f9-b294-4a93-9eb8-132172df6813, 3919 
51398 175be626-d03c-4c07-9b71-9c7b95b23cb6, 8505 
295320 7adaaa87-2b88-41cc-8091-92b5809162f4, 3919 
306514 a608bd90-df90-4343-854c-0c95e3de2d1a, 3919 
69978 bdca4a86-4949-4af0-8fa3-d5fe1a2e2c7c, 3919 
157250 96f53f25-b1a8-486a-846b-2861b0e04c31, 3919 
130139 04e43bb9-56a8-4150-99fe-d4c7e3d04882, 3919 
335501 7a683f68-a0c5-4f4b-8320-93d30c72f07e, 8505 
166785 dd414455-b913-47ec-8ffd-55b11fb077e3, 3919 
209577 c8504cf3-8ccc-44e3-bd60-ea61193d2bca, 3919 
18693 6b00ea9f-edda-411e-b9c8-4e99322b6de7, 8505 
191603 003e7bac-0c5b-4770-9bfa-a01d54c2c7e9, 3919 
31007 c8573498-3dc8-4772-9a7a-496882202ce2, 3919 
191714 60c35069-b36d-4b25-8b57-24933b007ef2, 8505 
230523 761fdd31-0eaf-45f4-840b-87a905c01d57, 3919 
250146 8d841d3e-762c-411a-a8ee-0b8854f1782d, 3919 
228095 d76edd1c-d205-4daf-a575-157bdd23fbfb, 3919 
123056 e9285de2-5f14-4116-848e-fa347b21133d, 3919 
264817 a27eaf0a-e563-4cf1-8e69-e76994d79056, 3919 
17140 d32eeaa0-e5be-4f02-b09d-4f39549d30a3, 3919 
324820 e0603bbe-fb9a-49e7-a133-9f0cfde03a70, 8505 
208687 b267f6e7-e6fe-4f64-9d0a-cd4d3176e0fa, 8505 
274600 2488632d-324b-400d-926a-cd795ceabfa2, 8505 
293800 c5aae92c-f127-4ce7-9c10-334916c1cb29, 3919 
310423 9a327491-e318-4246-983c-84417f669759, 8505 
245542 2c794b78-74c0-4e53-bf1d-61bc62132029, 8505 
128072 70581e2f-ea22-4dd0-b2cd-af638af34141, 3919 
369830 a979e2ee-036b-4a76-81db-4e03897e9bc4, 3919 
144464 4acecfbe-049e-4355-aa33-e7aa7665b802, 3919 
21093 971ffc8d-450d-4520-a6f2-c8c21314bb8a, 8505 
233659 6f48761a-b6de-4076-af5b-5b135685307a, 8505 
69031 7ea9db7f-d7f6-437c-aa9b-2a84e51b9392, 3919 
370453 9e0ca0db-7967-4bfe-9a94-f99e90431da3, 8505 
278430 f5adc03f-1c0e-472a-8d20-e3707e1e5f54, 3919 
403791 2e9333df-65e9-4ce4-998d-fbb01caccc5c, 3919 
251391 46435d6c-cb16-4b0a-8afa-0cb745a76e1c, 3919 
136751 016bcbbd-f7f8-40e9-95b6-e900488de0b0, 3919 
219671 a005fd2c-6290-4909-8c26-47807c16a9ab, 8505 
86828 7466c352-2862-4b16-8750-de7584b4cccf, 8505 
102729 022adc67-3f37-4a6e-953d-73367a205a91, 8505 
154106 855b60c9-0c53-42d2-bf9d-672a9e6314fd, 8505 
177404 351660d1-c23f-4cd0-9b4f-00d333b882f9, 8505 
330844 d443fcb5-2c9c-4d94-9ba5-74ff7c1f9326, 3919 
235596 463318d7-449d-424f-9862-446e4ae67a1e, 8505 
190652 d4c5e8ed-e872-4c64-bde2-c1d58e8cccb1, 3919 
250996 59e0a336-edf8-42b7-ac92-88f6a47365d0, 3919 
218877 f7fffbd2-d094-49a7-948c-047379735c72, 8505 
42706 4b3a401d-fa17-4118-9157-90cb8beef190, 3919 
172647 6f51b33b-9bb0-4630-b947-abd991944677, 3919 
169759 9d428bdd-52b6-47fc-8a32-ed8481a96cad, 3919 
396403 bfd54281-cbd6-4ec2-8cc2-79d3362c6a14, 8505 
125398 164ad693-5e4e-442c-9c46-83bbef56a343, 3919 
362623 bee5d82f-eafc-4fe4-b71e-2c1837e8e17a, 8505 
115667 64ae3524-08b5-4372-a03a-9b2672fe7402, 3919 
18978 7ac5e958-eecd-407f-a7d0-89b1efd996b0, 3919 
304010 047c4317-b92d-4972-9ec9-be0cb5b58f08, 3919 
98265 2239920d-c004-45d7-861a-c79d49c4a933, 3919 
149895 1ea2cb29-3ae1-4b10-83f9-a4204fd1ca86, 3919 
59483 aaac3790-d427-4284-88b0-f1fb3d24e8d9, 3919 
225769 f96f37da-f75c-46eb-9c2a-b511b550eae4, 3919 
371749 d26275dd-2196-41c0-a5e2-c7b6e7252494, 3919 
389971 4f301b33-bb33-4161-bdd7-acb208a1a53e, 3919 
159335 b6e97914-ab91-43e7-804f-fc24f326d00b, 8505 
72629 d3c418bb-aac1-4a21-9c19-aeeb3fef015b, 3919 
77804 b68d5634-53e0-4d77-9e8e-74e4ac10c4c4, 3919 
274032 939e81ed-2e26-434b-8297-8774bdbdee4f, 8505 
214348 be296680-038c-4024-b288-a047b00cb4a2, 3919 
392253 e874e355-143c-4541-989e-351b055646a3, 3919 
158367 047e9f2f-ca3a-47f7-972e-9f4e7d79b831, 3919 
348081 8687b36c-a3cc-4ed6-b08f-7f052c91545d, 3919 
41816 7a902447-3538-4285-aa45-9b11aa9fbe4b, 3919 
343301 9ffd1cab-560c-470e-a90a-a51419fe8be4, 3919 
158486 5a9e50cb-7090-44e2-8ecd-834aab6b428c, 3919 
102183 64514e79-e070-4d8a-87b4-cff7689cc85d, 3919 
106466 25f6a7ac-9efc-427a-9198-3cc0a38617f9, 3919 
273099 16046988-b1a6-460d-b250-f9378258fc85, 3919 
164792 8b9689e5-e7a7-4efd-b241-b26f7e56ba74, 3919 
231755 55c741c5-15df-45d4-88cc-43f1553e6095, 3919 
288304 7f0fd310-08e0-455b-8d7b-ccbf5a6089b9, 3919 
350231 95ff9ee2-2fd5-4d3f-9316-05e5e38e48a5, 3919 
255495 297bbc08-25f7-4fed-9bc4-b5ff7f6f89cb, 3919 
55487 2e847aaf-e22b-41a9-9c00-d206f3e1742c, 3919 
94222 3cfbc797-2920-4219-a879-0d5ff75afeb1, 3919 
54619 68917942-a3ac-47f8-a839-43cb25d978dd, 8505 
45434 409320d5-b825-4481-9fe3-9e5a069ad5d0, 3919 
204211 9dae9d53-105a-46f1-bc13-5561cefec0ab, 8505 
357667 7284ff61-f135-4fec-9107-3c8d26506551, 3919 
216061 dfe0f945-7872-45e2-81c9-be0615156550, 8505 
265334 3e739a3a-e28e-4998-b7b9-9b597ae29175, 3919 
23879 9c2c88dc-5eab-4483-b5f4-8cdf17379a8e, 3919 
50144 1e6a38a5-f770-4ed0-89d3-ed788306aff3, 3919 
45233 b2dee850-ec50-42c5-8daa-e660efef80f8, 8505 
65874 c1c73d37-0e63-4786-98e6-e185cbb7b464, 3919 
142388 ca636bbf-f1f1-4202-8fb2-2c7e5965b267, 8505 
34968 cf2dab33-9a4c-4021-a240-84160a35d0d2, 3919 
380334 56dc9335-2a81-4852-b11f-ab1a35b89bec, 8505 
51960 ad166788-c079-4d83-868c-f78be23047c2, 8505 
95038 01be9189-c993-4aca-aa1c-52f948e1c07c, 8505 
243346 e4ff278b-40a3-4644-9c03-ac0c034d05f6, 8505 
96808 25577a28-70e3-4b9c-82d7-62a00cb07db9, 3919 
284144 20dfa147-320a-4cc2-a642-49d6d797a9dd, 3919 
97526 ad8003b0-de26-4428-87fd-09d4442c5788, 8505 
105551 6d5e62ce-e8b3-4f52-8531-552ae42732fa, 8505 
58567 9cd1f996-7e51-4ed9-b4a5-ad877287ebe6, 8505 
359935 4f2642e8-0472-422c-b84d-65cd2431e883, 3919 
275295 96715ea5-05d9-40bd-b9d0-64d0ab4c824b, 3919 
377344 b2c6e13a-5ed7-483e-8d7c-4bfbfb9c6d7c, 3919 
7870 cfb8976b-dc4a-453a-9c60-62b3f523b0dd, 8505 
330999 c2b1bf1c-f4a9-494f-8704-8b160ab71285, 3919 
151143 ce6c79b9-0eb0-48ab-8509-fb7c4aa1da7f, 8505 
33630 68ec8b00-4dfc-41fe-bcc5-b53ce47ad4ff, 3919 
261135 b1b36a49-65ce-4f68-89c1-f15b8c29336a, 3919 
280334 3106d13b-c520-4764-a23b-157f96e880ec, 3919 
41365 a574fb57-296b-4178-ac7b-d545bffb0bd3, 3919 
146869 7e8b2210-f732-40be-b08a-ea1b54462a7e, 3919 
149169 b0e58638-ac8d-4c09-ac15-0996e97cb531, 3919 
309937 cdc946c3-3728-406e-bf6f-b82fdc4bcabb, 8505 
70808 51ffafcf-6381-4df7-ace4-73f372e98477, 3919 
82635 6d245d05-a74f-49d5-911e-728ee6693573, 3919 
259794 fb43cf0c-6f51-4494-985e-17f05536b99a, 8505 
350605 aa9a9c94-d717-47b0-a905-f8eda394d46e, 3919 
307729 ce520674-1238-4df7-9926-389cafbeef86, 3919 
346779 5a90aede-1838-4bd5-b872-9d23a593ced1, 8505 
41012 6f79b1d3-76b9-470c-ad12-df84dc1915f0, 3919 
104039 c4cba1ff-ee82-4e40-a9b7-56d3ae2fac35, 3919 
178615 7ea08165-0678-4190-8f0b-5f1a0e9cada2, 3919 
164696 d9ef1246-187a-424a-993c-82ff11858dc9, 3919 
285398 744ad112-f015-443a-84b1-eea95954e054, 3919 
78091 73b3d7f5-084c-4a7b-ab11-32b3085ed181, 3919 
109298 7bf9c9eb-ce6a-4206-8f4f-b6f8d40d8dff, 3919 
230477 43c33804-4ba7-4013-bd2c-3f12a40d5000, 8505 
377494 0725ddd8-8201-4e27-ac2e-36c105b2df71, 3919 
141521 13b37114-40db-4a75-a741-ad4bd8dd2e4e, 3919 
244978 6ae8d902-b149-410f-94d2-15fcec344de0, 3919 
339965 89817ec0-7a79-4c8a-8930-5563da234dee, 8505 
65429 b053e115-63cb-4048-9764-58ae1f841e8e, 8505 
78586 21c8c89c-970c-43c7-9970-e84f512193ad, 8505 
361656 4275f9e0-2a7e-4589-9893-262f12406a38, 3919 
175160 d33ca27a-6b45-46dd-aad4-6653ff5511c0, 3919 
392533 ab295ecc-9edb-4a27-9494-24f3c015cf65, 3919 
2395 93705266-0329-46bb-b848-ac7d735cabbc, 3919 
199692 8ce91685-9fe9-469f-9ecf-2a492f9d391b, 3919 
6252 b0491364-9b5e-45d5-a9e9-7d873528f8bb, 3919 
249360 e2d55f95-9aa3-424f-80d8-404f3e617c05, 8505 
390645 bf95bc3e-37da-4c38-a01a-74fc9a98c9ad, 3919 
391695 8f9bf812-1815-4e6d-b8e9-1acc9f1d9882, 3919 
98622 48dec934-63ec-4e1d-b7cd-98d07e998964, 8505 
68828 33675b99-ce09-4c69-82d3-4d73e5a12710, 3919 
273219 c6feb272-fadf-4ca8-b306-5ba85d3a5e34, 3919 
144308 c688ca64-3632-4ead-b94a-1702efba488d, 3919 
174240 a3cb0b11-476d-485c-849f-27633aacb467, 3919 
187744 b9cb8c67-c414-471c-b3b9-7ddb91378871, 3919 
221968 abc2d09e-5314-4f5d-a2ea-1d9d59a3719d, 3919 
395391 af0e6859-c7b7-4afb-a728-22edc9ba3cb1, 3919 
320310 60a377b4-bf9b-4bd2-ae81-0c49d9086b24, 3919 
155459 92839d46-4edf-4622-a893-2f60b06bbb7b, 8505 
222697 ce4366cc-5857-49bd-8ed4-10f187f9e800, 3919 
202614 40bdf51a-1224-4ada-a90d-8226d5d09b52, 3919 
126728 7e1b79a5-8d4e-4bdb-9be2-81de5050ff21, 3919 
40858 a7f312bb-f387-4cf8-8030-af5001818aba, 3919 
292275 bc7497d1-8fb8-4265-9a92-e5406f7fc250, 8505 
339787 05357159-b05b-419a-abf3-032e0f720c87, 3919 
86411 28a88df6-049e-4b9c-9152-7d012b77b836, 3919 
8396 ada68582-c569-4066-8b16-d9208ebf9f5e, 3919 
117534 7e8da359-7ab4-4252-8f9e-2db8babfc4ec, 3919 
43823 4d073326-5195-482c-bd27-b3e18f3965f3, 8505 
8061 68ea4be9-b8f1-43ba-8da3-0a1b1f2febd4, 3919 
323577 f2eb739f-9634-4bdf-9436-e3267e1859e2, 8505 
373982 5bffa22d-5546-4307-aa3d-fba1ff444d77, 8505 
400907 fc991f27-9885-41a2-b285-a27ceb5f3d50, 8505 
61601 a038d203-fa5a-4b91-8f63-f7eb4e16204f, 3919 
388258 a8a5f83d-e683-4120-8e8c-cc03120c2212, 3919 
285715 b3bfd455-57bf-4fed-a55f-494f25791108, 3919 
83833 02335788-4e8e-4e3d-8188-de7b0215422a, 3919 
400984 b31549fc-8551-4b48-bee5-b1ae356fdbf1, 3919 
74537 d154b83b-aa68-446a-9e56-a9a3e24e1265, 8505 
302632 312969de-ee06-451d-a5a6-7c9017c5ad0e, 3919 
5284 91a53234-5062-429d-9f38-5aa9ef6ae977, 3919 
357797 a854e449-5ec3-493e-81b8-6da5bf0d6b18, 8505 
64798 010f16af-0761-4741-9adb-44f9f0444c83, 3919 
334529 50785fcb-398e-4543-861a-90462ef12eab, 3919 
117024 19f286b3-ea08-490c-b062-05643011b5d5, 8505 
287332 863089d3-b870-4680-83a1-d747b413acc2, 8505 
288593 66c14a86-a421-4859-9044-20ad65a10b7d, 3919 
365197 f569f5b5-cb5f-48b6-9ab3-09265d40925b, 3919 
141374 b7b24848-eb6d-4b26-9c95-09c4012e0f7d, 8505 
218402 e715ed16-bd52-4a48-9c0a-54c4c6829238, 8505 
248861 d9f24e53-e2ab-481a-805c-534daa523364, 3919 
284363 21288e09-ece9-41dc-9fec-b35940db2bf8, 8505 
261751 cb01188d-f863-4cd1-9e6f-cae32c674fc3, 8505 
150894 dac5e968-8444-4bd3-aaee-f62a84079d40, 3919 
139175 e347c2ae-e013-491c-b8ce-39446dc9b700, 8505 
6843 a2fe54c9-cc88-4404-9b5e-bfe423a5f97d, 3919 
220440 6dd23433-90f4-40fe-822a-1b644e64d542, 3919 
192772 7fedf980-da67-4aad-a7ce-f64f3a83f99f, 8505 
109058 2eceb783-9d21-48c6-906f-ed90a89875e9, 8505 
363182 dab93141-aab7-468d-9d32-d4d82c9130a2, 8505 
177058 f982d404-2762-4bde-8091-9409f05673bb, 8505 
182491 3dce2d6f-ca96-492f-a11b-8b98707afe5e, 8505 
373078 2ed3fb93-7191-4cbd-a895-8b307f18f73f, 8505 
233147 0e731b38-6e07-4798-89b1-1adf793495df, 8505 
386270 5728a18a-2628-4d93-aa95-2f0d7108afc1, 3919 
255999 385fdb72-eedb-4647-bd72-5722a09fe607, 3919 
283919 abbf87a1-3ac8-499f-8406-a151b729f673, 8505 
100583 5bb6ef87-0b09-4141-b814-b1bb3eb8f162, 3919 
21445 4e72326a-e699-4852-b952-5edafe3e7888, 3919 
323680 78a03401-127f-4d74-8f41-aff465bab6a5, 3919 
238037 13074bea-d66e-41ff-98ec-c3ef7f50fb0c, 3919 
282726 16c10e3c-ad0f-4c19-bc10-26822b49ec40, 3919 
47845 b4531bf3-8cc2-4d2d-8e4e-7f7701052a12, 3919 
365028 0e715a0d-1655-4d45-b280-2e3adaf2fb56, 8505 
72661 d4747b0b-d807-4820-a74d-946315db7baa, 3919 
245939 0f181f05-0ca6-429e-bbea-79fada5732ee, 8505 
239958 54ad8100-a2a7-4d80-b6f9-35a68b1d6d0f, 3919 
301419 bc6d543d-ffc1-47c3-876f-f6dbb85caa8b, 8505 
75291 6ab43cdb-1360-4377-bf79-7358a8276556, 3919 
361263 d4e82001-71f1-4b6c-bd03-52ac3a44fc25, 3919 
4488 e02aea33-48c7-472f-82fa-3fb439652b00, 3919 
354313 36153609-c4a1-4fbe-b1ef-9482925685ca, 3919 
374964 f51d0905-3a26-4200-99c4-8fae33920ab5, 8505 
176561 accf402a-bc3c-4f9e-ac88-f9c3d8a5d360, 3919 
76341 84f1bf64-df26-46c7-af30-54b1917665ea, 3919 
140633 ae2d08fa-9d0c-4031-b7d1-2a81d78c73d0, 3919 
199775 c583b687-f73d-4992-a7fe-71f122f9f818, 8505 
206023 6385c4e4-3edb-4d4f-80be-8fce765a0899, 3919 
265598 9475b837-2e8b-48d7-8ef3-a3bed00630db, 8505 
272279 6e64dc58-634a-4027-931a-af2113025e2b, 3919 
51510 422781fc-33e5-4df2-9bd4-cecc5219094e, 3919 
375106 bf0cb467-3ba2-4646-92fa-7fd336f7caf3, 3919 
155369 88c8f74b-d1b4-47a0-8639-f1718646d28d, 8505 
99858 b4dbae22-c9e2-4aa0-ad0b-06bda3f83070, 3919 
225712 df99269d-22eb-449a-827d-a38189422486, 3919 
3021 0821b859-a3ed-4cbb-838c-3b02243cb4f9, 8505 
327415 ab0b58a1-4ed6-4924-ab95-0d4a5335aaf0, 3919 
14792 1cba1f25-0902-44c4-a2cd-4f31cbb82891, 8505 
67212 78f4d6a5-9638-43b5-a3f5-8978f22e31ea, 8505 
316934 16d20c0f-5f15-41f7-8624-22564771ff37, 3919 
177334 fda23573-5e48-4ec3-9b08-c5a4a287090e, 3919 
137164 5c4a463d-f45a-402f-be1f-ee8b8bc87a66, 3919 
138934 28f44574-f401-48b2-a7d6-c6e1f3813659, 3919 
401887 06ae62f4-7c42-403d-9df6-162a7fe8df01, 3919 
153021 40bfacbc-7fdf-4c46-863e-89cd043800ec, 8505 
263823 839911a9-f9e3-410c-9fd5-f6944555803f, 8505 
212004 a07dce1e-693c-4c78-8700-a1ea33377511, 3919 
171681 07b36e9c-354d-42c3-a1ef-380e9835cdcc, 3919 
308459 854f1d95-914f-4e21-b046-0d81799dc146, 8505 
173 62478196-1521-493a-b1c4-01fcd4b6d1a6, 3919 
384754 b676a00c-d0d3-4661-b5a8-8fde0295a3ab, 3919 
158383 b44223a4-5198-4edf-8a86-b0fdd5ef50ea, 8505 
320957 7875ce27-04fe-4a86-b9b4-e1f370852151, 3919 
38092 ae3d3156-30d9-4a27-ac53-0a5a4db9b06d, 8505 
88462 ec97c371-1dc4-41d0-abe9-57a7749664f4, 8505 
308864 895585cf-6d1a-4895-90d7-6111b9a7e01c, 8505 
125719 41375bb8-dfc6-434d-b7d8-1b9ff67a7e82, 8505 
380546 43cb47b2-a29c-4ad6-95e4-b31ca252b99a, 8505 
300847 827e5749-8dcf-418e-8da3-9e5ae439aebe, 8505 
126927 404018ea-3c3b-4c3a-bb90-4a28b1f516a6, 3919 
356779 794a49a0-afcd-4b3d-9401-d598ac2808d4, 3919 
400164 ae3c8002-aeed-4ba4-b244-d0ea347276cf, 3919 
99349 4249234a-4f39-44c8-b476-0e2319f0e91b, 8505 
322419 d91c1a66-ba5c-4a89-8c57-c65ffa82e41e, 3919 
350809 eeb9d918-f6b0-498d-a833-a7d9cf0c3d20, 3919 
388405 19e72b59-d0e4-46aa-9168-cd28a46bab0f, 8505 
344907 2277b809-8db4-4ed0-b35e-3549105ceb8a, 3919 
157276 cc3cdfcd-d9c6-4467-889c-dfa990a6841a, 3919 
50629 3531240e-2dff-40ee-815a-b9c9773cb929, 8505 
133669 5784977e-ba74-4dc8-a6e3-2e59c156cebd, 3919 
363641 f429ff27-b1e7-4fb5-8f4c-50ccf2b81cc0, 3919 
105576 142cedb9-c82e-45ac-9c28-f4775ba46cbf, 8505 
200017 5a89a7b1-e172-4ee1-bcea-b25bde6a58ed, 3919 
35315 f9811945-2ce0-492f-af3f-9f27a57c614e, 3919 
129024 0c1284cf-8300-4896-849a-6d66e0e9a7d8, 3919 
347074 84550a31-3f68-4340-bd4a-748d5ff86fa7, 8505 
273748 64fff0c2-6971-480e-8128-9738d1e57c3f, 8505 
114328 e02865db-08ee-4693-8362-547b38331c0e, 3919 
92018 f23bb422-d0bb-4338-a20b-66c276eb2c5f, 3919 
42375 3cb640ed-2b1b-45e0-af22-5482da83bfee, 8505 
13261 74838901-0006-4acc-9a10-ddddda563309, 3919 
359173 e8e4c170-345c-414a-bf35-092c306f1965, 8505 
235485 3dd8478a-c083-4db2-aff7-cc6c970fb4f4, 3919 
49569 2de26282-f581-49cc-b681-9a1509e0511d, 3919 
271055 0e284886-1ade-440b-92a1-d60853186bde, 3919 
59097 b437e0f0-b10e-41ec-b07e-db2b3694f920, 3919 
333975 e96587d2-4345-4255-8ac9-1f0c908628e3, 3919 
287290 c2194dda-890d-4405-a6c2-dcf29cf503af, 8505 
187334 201513cf-0ece-4013-8fe6-dc5e58eb3942, 3919 
45024 012221e3-5ec9-4fad-b5b4-970077c39713, 8505 
45909 47ea850b-966d-4c00-8519-845bfc92cd0b, 8505 
374470 be843b81-27b3-4f13-b15e-9b045a48400c, 3919 
12868 13a15b4a-2a81-4df7-947a-01c23a4cea21, 3919 
32405 55baeccd-830e-4d05-a63b-52a8973adf8c, 3919 
89489 4f685685-45da-453a-a674-7cfbf7d3c965, 8505 
105098 d5d5616f-c61c-4100-b7be-ff29ea8fbeac, 8505 
230954 b4020ed2-ef7d-44ff-a495-4f958721edcb, 3919 
239775 4ee5de2f-464a-4a47-a062-8a68f0c8092d, 3919 
287587 7e4ed842-017f-4255-824d-4fc803701c19, 3919 
358205 282fa920-f876-422c-b3e0-407227929127, 3919 
139580 3999c9a9-6b39-4ae6-a52a-b2f22bf226a0, 8505 
3735 2be1c130-9815-42ad-b1ed-f6f60ef24f6b, 3919 
105610 46bee031-a73b-44e6-9951-e8c768ed30a6, 8505 
353201 6f8158e4-c279-4600-bc74-47708ab9d3bd, 3919 
340348 4f607cb0-838d-47f0-91cb-16d53c4215e4, 3919 
203566 8c16ea1c-e2aa-4c18-ab3f-f333767a4d8c, 3919 
56423 93411834-0ac6-4a66-aa69-c0f7a855bf8e, 8505 
311053 06da1a39-8931-42d5-af00-7dcb7498b014, 3919 
349812 df170ac9-0034-44c4-bca5-914f34804a13, 3919 
93365 c7708f3b-8e42-4317-8c31-c071f5d9eee5, 8505 
158257 48c4253a-880a-4f20-967f-55aa3678b9ed, 3919 
195950 4bcdc9aa-0e56-4454-9219-20aa3e4d7708, 3919 
377876 82d8c0ee-4edd-48dc-a673-ef683bf06379, 3919 
140017 eea3ec4b-5b45-470c-afe8-cf01c8fdd71b, 3919 
242141 224f3c8e-da68-4a30-a925-9f7a4627438e, 8505 
301325 2090bd6a-0118-4187-be84-2c2fd1bbef95, 3919 
130991 3b3851a6-cd5e-4865-948a-5ad61f9dffce, 8505 
287859 02034078-e40e-4b34-9628-5b5b8a829f36, 3919 
343585 1a83e217-eb52-4970-a44a-02451a6baa1c, 3919 
250621 f86e1219-91b1-4262-9daa-202d572b0d66, 8505 
186645 7a0f2672-c483-4d6a-a097-531ff39f19cc, 8505 
153803 630876bf-c497-479f-bc10-5fd43c4c3d06, 3919 
364641 41ec55cc-32d9-4f12-a827-e36335d390ae, 3919 
279935 a6de7dd9-ca96-455f-a113-56f8e36443a3, 3919 
256247 2e212fef-4b60-495a-b1fb-4bc1db0a3b63, 3919 
75822 86a2ea79-b9fc-46fe-a37c-026d3e5c630d, 3919 
354799 f2f0b5fa-5067-49d0-8e02-b8806e24ef89, 3919 
22853 a7954270-1aa5-488f-bf61-dd53d6def8c1, 3919 
199297 f6e5c28e-005d-482e-8268-863bb5092b06, 8505 
7841 8174037b-c2ea-4029-a7ef-c04843d6e25f, 3919 
9561 1e90f8a2-0e18-41a2-b980-e478f389727e, 8505 
350988 13bccd47-5f95-4625-989a-6f0273a461a7, 8505 
113571 f800ce63-9f55-406f-a0db-44dec0d05c34, 3919 
143264 df5f8fe3-9d7b-41ec-b005-a6cdf8f1d3ba, 3919 
116993 21a2a7e3-8f83-4724-8cca-3755fd687d90, 3919 
189934 e6435ce3-068f-4aa1-9fde-35600f7d8785, 3919 
254853 7ab557fd-c3f4-409e-ba92-a0562ce12372, 3919 
227562 9ae37df1-040c-42a7-8acf-034345fee199, 3919 
339285 4386dd17-5147-4f91-aa85-2c927dd66c13, 8505 
395928 60a87fc2-a964-4201-bf00-56f933a0a554, 3919 
283698 f5660f60-278e-4b73-8034-e0b1f812f95f, 8505 
177164 16eccedb-346b-4e12-a5d3-a7b3c920070a, 3919 
293462 c9d525db-c9db-40ea-bbd9-ff3468c283f0, 8505 
145096 0ea0ec5a-b5bc-4f9f-ad45-a50d02cab7a8, 3919 
200794 6c481e89-0237-4035-aa8f-a8f593016913, 3919 
380284 4f00bee3-e5c7-4a26-ab09-d3acc0288aa0, 3919 
218657 f756b93e-040f-4ec7-a55c-21b4e02c9af1, 3919 
232298 746b11d9-b917-42dd-9a0f-1fb1067da6ea, 3919 
261685 82ef4821-a8ac-4401-a4d4-fc97da5f7ec3, 8505 
121744 040f4e40-296e-466e-a9fd-1cb105d85775, 8505 
89775 7af28079-8102-4923-806f-8bbbd80d1db7, 8505 
385427 7bb5b5ff-5207-49f5-91c3-73be23ee8949, 3919 
114070 91a8caca-233b-488c-9c43-4b911771b497, 3919 
25228 1ef2581a-f22b-4781-870e-e8c5ab155d2c, 3919 
113215 423bacb3-4002-49f0-a70c-5252ad088a8e, 8505 
263360 a0f2a4b7-de59-4c31-82a1-136480029bf4, 3919 
334454 5b827f0d-a0cd-4362-9a38-e69e6fda17ff, 8505 
160599 8db59289-c3fd-474b-876a-a008789ae348, 3919 
93006 e691ee22-0b7c-437f-a775-0c924f14bc74, 8505 
248027 f090781f-746f-4fb8-bbe9-0829924def51, 3919 
240219 45b2f4ad-c9f1-4c42-9619-0442f097a1e0, 8505 
68876 da55eaad-037e-4849-8f50-7966536e6648, 8505 
370482 ae521a3a-721c-4e03-85b9-65e5573a011d, 3919 
94892 9fa76f23-56ef-49c9-a885-c8e67feedebc, 8505 
278876 a1606020-691c-46b3-b63e-fe62557e02ec, 8505 
399855 fcffca4b-1917-4451-933c-465b59e2ad49, 8505 
352528 3f8546f8-1815-4c36-ab88-aa7df590a843, 3919 
371617 f53087ff-aab5-4ecc-8b43-24035e685e23, 8505 
269723 3445deeb-da6a-4ff9-9639-b194b3dcf8e7, 3919 
315441 7caa2012-526e-4a1c-b83f-3559ebe0a077, 3919 
48330 e5a2cd78-5eae-4aa8-882a-025d4584c134, 3919 
353548 aa13484f-b8b6-4a40-b998-6d07c7eba874, 3919 
300782 c0828fb8-5684-4ba8-9987-a41a2f16cc59, 3919 
138783 e9f2ea75-80c1-4921-9d63-14b5547c3be2, 3919 
354601 8783ca74-4251-4922-927c-d23853c5fb5b, 3919 
51970 eabb6315-687d-4d3c-9221-51b504f1c24f, 3919 
85987 8fb65383-6523-4ece-8ef8-f9fa7ac6bd52, 8505 
56257 efa0d153-dd92-4bef-a83a-d0733a501b41, 3919 
146589 9151319c-dfbd-4425-b0b1-f37cc22410a0, 3919 
42266 c1c9dea6-0938-437d-b3e0-9d44c24d39f3, 8505 
187777 0ea0f342-c2f8-4954-b18b-664697106100, 3919 
84442 a001008c-0a14-4ce3-ad09-05d6d054e3a2, 8505 
129444 04edcf94-d551-4d9d-a3a1-c8cea0badadc, 3919 
358967 7aa5240e-29ce-4a48-ad32-393a7750b999, 3919 
398099 c525c394-b796-48cc-b4b0-11a1dfc137ba, 3919 
21076 bdfec226-7775-4270-ab4e-5a1ec041df22, 3919 
339738 1c4a8ce9-4382-41bb-9145-e9684d05c6da, 3919 
368101 6e97eb13-3d43-4cf2-919e-c0cd25beb826, 3919 
283250 7f014041-32fb-4f90-b8d9-e4185b6416d6, 3919 
228766 fb0fc675-c9db-4e36-b018-9fce4559b3d8, 8505 
247153 09be9cc2-a797-476a-9990-55dbed11b0a4, 3919 
233985 07871485-b4b8-4caa-a2aa-2d0125394297, 8505 
31696 06badfa6-ab97-482f-b916-d494efc53295, 8505 
392315 dc9b6b79-b708-44c4-a92e-be053ce96efa, 3919 
15735 09327bc4-601d-474e-a66b-750ea530ccd5, 3919 
202501 502ee3c0-f2a6-4b6b-a1e5-d8e7475f0780, 3919 
350253 866a9eed-aa95-43be-b883-9d50edba072d, 3919 
265407 349b6153-cddb-4440-81bb-42d8b2066f43, 3919 
286088 8d951bd6-88a1-4e95-bbef-27c9580e71fb, 8505 
263769 9e7f4796-3b0c-407f-8cbe-519991cb82a8, 8505 
15589 f8746c3f-e51f-40da-8349-f6cef0e76232, 3919 
70432 89e8bb5b-4e96-48a9-bd81-1973fb49502e, 3919 
346570 fa5470f6-2f6d-45f2-87a3-e659f3321511, 8505 
157866 a762610a-1042-4784-9a01-d1aa3f5ae318, 3919 
73450 2bbdd7c2-ab91-4f42-98a2-b3d25a6b796d, 8505 
50002 136fb4a2-d7d4-4eaf-9e64-91ddccfdf83e, 3919 
119331 55c59296-8ef8-4b58-aa7c-c810d3787eed, 8505 
137039 b04e54d5-b8e6-4d99-8581-fab62134929b, 8505 
17198 e93ede2a-e2e2-4144-b517-ab8bd2083352, 3919 
121091 20e6ab43-7abc-4201-83c3-f823e24bd1be, 8505 
18696 fae8889a-e901-4cd8-bc25-a2f6bc8ab4ef, 8505 
290770 869add48-3185-4405-8d46-b1b150861a38, 3919 
299135 7ddd5fcb-941e-4729-bb75-e59b466d9f90, 8505 
295926 3b6d977a-dda4-49d2-8aac-1caf6f5b5540, 3919 
263263 20244e7e-c214-4e01-8794-7acb3d2618c9, 8505 
244621 5e3a39d1-e7c8-4d4a-9597-8bdc92b3d7cb, 3919 
264709 bf5b82e0-b71b-4787-884c-c611a31f72b2, 8505 
84474 97237da0-e25e-4bb8-8fcc-57b918080801, 8505 
294208 69172ce3-283b-4b72-8270-3df08abbb7e7, 8505 
259439 ec21122a-8ff9-41a8-b0d5-ad7e09c04434, 8505 
270387 7804ab33-d9d2-4ded-aeb6-ca73de10379b, 8505 
385872 b4d2fa53-13b6-4935-8f74-349a644568be, 3919 
89961 04935533-354f-4580-9b89-f1bcc358bf71, 8505 
368944 aafb8c80-ea1b-4cf2-aa0a-cf776c17a5c2, 3919 
332050 7f463303-f589-4e95-a9a2-d98c142a732d, 3919 
117264 c70ba86e-5f7f-46ab-a559-21b0baec1b55, 8505 
59880 0a580234-f4e0-4934-9edf-b7d8e33f995b, 8505 
53844 26c21476-7dc7-430c-bef1-efc893b064fa, 3919 
156505 d1b59139-8997-459d-a8e6-1e7d75feb180, 3919 
355645 3b419004-d924-4115-a180-8d35302a9243, 3919 
368204 c83533c0-41a8-406c-93de-d9087239f537, 8505 
306137 eb408ce7-3e23-4902-aaa4-049a939a2417, 3919 
397667 d2da6635-8788-4891-b674-ec060e528cd4, 8505 
14839 9dfc59b2-f907-4473-b28a-e5592e0d5642, 3919 
354108 276eda4f-e8bc-4f05-ace9-e96cc625fb38, 3919 
185682 0364d19a-7e2d-43ee-977c-f0bceb36f342, 8505 
223737 cd3d8b74-68e5-483b-a69d-f69f8af5cf89, 3919 
390873 f7143dad-c47e-4550-bca7-98ac5f51d1fd, 8505 
131935 b6af5024-a6cf-4cd8-a866-e21757698f60, 8505 
218693 5ab9ac95-c179-402d-823b-48444b7ce93f, 3919 
388484 884a5005-d42b-4abe-9894-a392eec53d19, 3919 
331713 ec650f6f-700f-4ed5-a23b-98644f9818fd, 8505 
37800 dc13a88a-839e-4e18-87f6-dea85c80ad8a, 8505 
271630 d71560c5-9fba-4ae7-bdf6-27ba7dc930e3, 3919 
227376 8586a1de-2812-4b33-b0c6-6e735e4417fb, 3919 
94839 cb2ce243-bdb9-4783-88e3-80881aeccf01, 8505 
76057 b1af49ce-729b-4e44-808b-19b2ffb666b1, 3919 
288815 5281c62c-1633-4fdb-af39-43bc154802d8, 3919 
7721 ec3052c0-b1b0-4779-b629-6782ed1e7755, 3919 
356536 82650a03-368d-4efe-b791-2b682f5ee415, 8505 
229061 948e89b4-fc39-409b-b0eb-d23073219d96, 8505 
214898 56f924fd-1827-4693-88ae-0f0e35d76d86, 8505 
361224 d7c206a3-3f78-4067-aca9-2a2cfa3a0152, 8505 
72450 773b3515-21b7-4cac-a8b0-25da269ab2ae, 3919 
49461 7af69cbf-c5af-41ac-84f8-5ed8545566b0, 3919 
309438 306a69eb-d1aa-4cec-83f0-d88cea751b64, 8505 
257086 06fe3f42-b5fd-4cf3-a6d4-5b8b95545932, 3919 
364037 700aa7bd-f451-4643-ae34-48aabbb16985, 3919 
285762 61e1d724-394a-4a03-8da5-afc72acb89a7, 8505 
310442 5e1eb21a-9930-4442-bb0c-6d1f5456b1ee, 3919 
250565 19abbe88-bc2b-4616-8014-0ca4c45a2e38, 3919 
372536 fe8d6ad0-d9b1-4da7-819b-d4a27926ad9e, 3919 
381439 93028632-e752-40f8-b0fe-fc90c031bcfa, 3919 
322007 fcd2ab09-cb48-44d2-9361-ceb8782ce31a, 3919 
3899 37ace70f-35da-40fc-aacb-cd7bd339bdee, 3919 
387724 7661ccf6-8ee8-4300-b261-d8720f69e4d5, 8505 
73144 35f8003f-87e5-4814-a806-91c989e0206b, 8505 
130905 4b63be2f-b482-468e-9a08-3fc68d280683, 8505 
243709 e32a9edd-400a-4c80-ae87-e8f4c9b6ef7c, 3919 
68986 66834c95-fa91-456e-8824-c406a8baa7d0, 8505 
329502 67e49f97-2832-43f8-8901-c1a04d99e4cb, 8505 
46541 9ee4d351-a20f-420d-ac8d-e527239fc755, 8505 
6812 0248ea87-c69b-4305-af17-d5aab8372a15, 3919 
383355 d178ea6d-1ea0-4f7d-bee6-d368a1dc57e2, 3919 
185669 52b91ca4-914c-48ad-8693-7e55ed1233ae, 3919 
344266 e3029d45-f205-4783-b936-874f7fc86bfa, 3919 
274927 e920603c-6023-4df2-87c7-85b003b695f5, 3919 
251683 af9b67d5-69ab-4d31-b66e-9ac21c1d906a, 3919 
352125 22a05cbc-ac47-4889-b30f-c3adb89dabc8, 8505 
10793 e2ae6ee5-4d7d-40c4-b47c-de2fde6120a8, 3919 
119533 30538ccd-e61e-42ba-a9d3-f509cb8947c3, 8505 
250232 e73baed1-96fd-4c7d-a9c1-a5ef9caa0645, 3919 
114743 8029cf2b-26ec-4814-925f-ffceed8bf01d, 8505 
150434 9535d19d-0006-4412-9f6f-178b3acbea16, 3919 
382027 947e06b7-4c66-4cc5-b405-944ad9ad242b, 3919 
75125 fe128534-5709-42bc-ac83-d40c4c1025fe, 3919 
351351 a3af8b69-2835-4d25-a5ef-61e07834702c, 8505 
258449 ca04e33e-175b-41ce-9588-ba87bcd744ed, 3919 
348652 c9ab382d-fdbb-45c6-b904-deda00f41f6f, 3919 
136966 a049c66e-3b30-4969-9a72-fa3b57860c94, 3919 
92410 82eb4e77-4ae9-4e11-896e-ea84eaa4ae2a, 8505 
289591 ec438ffb-c0b3-4df7-b33d-ef1531f9c259, 3919 
263232 412e221c-fb80-4289-af11-d74f72234957, 8505 
108020 7c8d68e2-231f-4401-860d-1c0e5f1e68f8, 3919 
203858 d2c9e030-82fc-4052-9393-65f22e8ee043, 8505 
225171 e9fbb7c7-156c-4a4b-8be3-1ce4fabc5236, 3919 
224975 92ba13de-0436-4cea-892b-021c86e5997c, 3919 
168158 117e258c-75fd-4a6e-a8a6-249a457f4ce4, 3919 
342094 36e89d47-49df-4d18-a3c5-a34b0afd8ba1, 8505 
281211 a96c3beb-7750-4023-8965-3499e707825e, 3919 
309307 3b7b3448-5951-4e21-aa3e-bf3d9e46696d, 8505 
261391 18955368-d931-44b8-99b1-7617acc39d93, 8505 
344462 65a2dd53-f2df-4f24-b49f-c9fbe07c989c, 3919 
264837 b620403d-2eba-4b98-8837-8c26ad86866d, 3919 
311535 355e282a-8829-4ad6-b1b7-2b23008769d6, 3919 
342534 cb28b008-44fb-464c-a7e8-40d678f0e702, 8505 
338416 fdb21668-1f71-4b8a-98c3-abf1db728dd5, 8505 
315921 247efae0-7f26-453f-864e-9dcd75d5a938, 8505 
20446 45d5094b-1374-42a3-a60c-332d85da6a04, 3919 
167434 48060792-934a-456a-ab1e-6a12ac9264d4, 3919 
264956 a66743e1-383b-43c3-9d1b-b7d8366798d1, 8505 
215780 c5166726-b284-4cd7-bb80-6a20db10557b, 3919 
282893 79ce6a8a-bbc3-4afb-8b0b-d07b69200554, 8505 
36391 a94ff53a-9c1e-4aa3-a264-6d5501896c60, 3919 
29452 b3c5732f-60db-4987-93cb-7d68b44892ff, 3919 
359397 04179719-e48d-4741-9fba-4d76880eea93, 8505 
377890 51e64a55-3ece-4537-943c-91d34969c394, 8505 
285218 f1ed7779-42c8-4558-8c63-7bd218e8a4cf, 3919 
280871 dbdebbd6-276c-45dc-adf9-f1371db85ac9, 3919 
382443 a4a33c74-12e6-4111-a3cd-5ea924276ddc, 8505 
342329 b6349f9c-2161-4022-aa37-73f34799dee5, 3919 
107607 474bb2e0-3928-4a9f-a5c3-c56c68ac6347, 3919 
243903 df293d2f-9c25-45c5-a0e6-003f5d92c07e, 8505 
142765 cf6e05e2-1d56-4294-88ef-402b9b3c82cb, 3919 
324974 8cdc1835-8406-4483-bd34-64f096d278cd, 8505 
254978 a1c7fbe9-86a1-4302-bcea-cd59020fe4b8, 3919 
349532 ace096a4-e975-4a05-b365-b4a7418c3411, 8505 
227539 add41532-672f-4e5f-969c-aff7fc6438fd, 3919 
357370 c5dca66a-253d-4aa4-9002-e7ba4a02ac14, 3919 
3787 63cb34bc-4983-4884-a9c6-0ba461166359, 3919 
182904 1ac8008f-de5d-4946-a908-e8e6f55dd966, 3919 
31587 d48c1b9b-6c92-4069-b1bd-b091ddf3cd89, 3919 
193744 93b6add7-28fc-4c05-a683-6af7142306f4, 3919 
204398 faa0dbfd-cfe5-4d11-9db1-928efc520aa2, 3919 
307428 d4ba25fa-7e45-4e79-8a04-24e9ca9fa3e8, 3919 
218477 b7e358d3-5b33-45df-8cbf-ffda68e118c9, 8505 
168926 b9e74485-cd79-480b-a1d8-93179298f7e2, 8505 
366300 b65ed88d-59ae-4e45-8ae8-102fea004386, 8505 
252800 3c5800bf-b2e6-4673-9ff9-330d3ebe3cbd, 3919 
99836 70070040-984a-4337-ba60-4ae622ee247a, 8505 
337039 6bad4d62-108e-444f-b128-1bb7f52eb40e, 3919 
133102 d01f3af8-0cb4-4a6b-bcf6-91e49dbacea5, 8505 
225399 78e79d3a-9340-4746-b779-6ef2642dc1de, 8505 
175461 665b3bed-733b-4cb2-8351-fd7cacffab91, 8505 
133926 4ba34b75-d701-44db-ba23-56d88f5eeda8, 3919 
185201 85675a88-d53d-4f29-8199-e9ec8a46fa56, 3919 
130142 e94c2547-6461-4b23-b339-15590179d2e5, 3919 
1726 f99ef77b-6b35-4218-aa7b-8dd3f1fd65d7, 3919 
373589 694fa967-2445-45df-af01-b00461501ce8, 8505 
379056 b6116f75-c3eb-4a95-b47e-f28ac5772c86, 8505 
287228 26f7e7f4-b3e5-4332-b7a8-cea4f844a265, 3919 
32565 28b20285-885e-489b-aef4-de9bf046fc3a, 8505 
381444 faeb268f-e95e-4cce-9c1f-ee75be250a2d, 3919 
302750 fa2151a2-b759-4a56-8635-5863cb885969, 8505 
320571 3228f3ff-44fd-4907-ab4b-106da6a9d6d2, 3919 
275634 f21d0f6f-3af3-4491-a9ef-c08721bc6f2a, 8505 
249731 0f17f3c4-3765-436a-9aea-0232b41815fb, 8505 
13269 e2460cce-e3cf-47dd-ad4a-b1f590dce5fb, 3919 
398733 956fd44b-d260-46b1-96e2-15f6869fd209, 3919 
267575 794771d4-b4d4-4deb-95b8-c816486b67cf, 8505 
361245 24ad5fe9-7d8a-4f14-a221-70b9a9a4690b, 8505 
14904 bad9ca73-e79a-41bf-aa99-a5f25e747089, 3919 
80004 dac433d9-edfc-44d1-936c-8f09eb34ee25, 3919 
7508 3923f12f-c97b-46eb-ad35-bf514a3d29a2, 8505 
286991 4fd6a1d9-9de8-4bc2-b481-dcfa11cbc4e7, 8505 
366554 51afc02c-b45a-4292-9690-d8d6307ae82e, 3919 
248374 986cdbd4-a33c-47dd-aeb5-93212b8d8a7b, 8505 
312867 8d787e19-04e4-48bd-a5b9-708509c9d0bf, 3919 
164242 6edd0be3-823a-42ba-b329-b7a82393dcf4, 3919 
156749 9a39a233-0753-4e75-8b11-0e51f2adf5f8, 3919 
282297 5c401e60-fa85-4efd-be0e-666603577bbb, 3919 
100636 e0e087a8-40a8-4d50-b809-28330a283603, 3919 
299087 cb3a4fb1-ac07-47ee-ac28-9a34840e809d, 3919 
255753 598c39f9-a03b-4de3-894a-d73bab28698c, 8505 
228734 1aef600d-c5bf-4c93-85b8-ff9d012f0d99, 8505 
5113 14ca40e6-2f92-47a2-a71a-482fcad16c47, 3919 
109037 fdf40d15-0794-4007-94d4-dd8664a9437e, 8505 
4372 192178c5-bf94-479e-ae59-9549c64bf847, 3919 
394916 7b52228f-432e-4f20-9281-a38dfd1f2089, 3919 
275666 6c7088ca-67db-4baa-8feb-95e3c111716d, 3919 
381351 40f35067-53b1-427a-87e9-0077b04b585c, 8505 
116379 6f0cfe73-68e6-4f3c-8bf9-87cf32c77deb, 8505 
208869 8d707ffe-14d9-4c19-b7d8-cad42cb302f9, 3919 
282534 e226c1dc-457d-4504-a165-8d188e3addc9, 3919 
32987 0586075c-0b57-40ac-af9f-183828ef98a1, 8505 
44870 8f9f1531-f9d3-4f53-8764-b79ea01c3b1e, 3919 
91034 0fcfd812-148c-4432-9fe9-ad1e39cc92d1, 3919 
131012 91f15673-398b-4093-80e3-fde93f1b5120, 3919 
303586 b5100938-be78-4fe2-9047-fdc060c35685, 8505 
277437 d8661ce1-d030-4bc4-8028-2737f8d4127f, 8505 
371169 dd37c2b8-56df-4e21-ab53-91db46273998, 3919 
70561 811d9fd3-4821-4243-b51f-8cf81de042e0, 8505 
235594 ee33b571-d6f4-4dd4-a8dd-57d65ac02c1e, 8505 
357417 8fc144ee-48c8-4981-a23f-610210750836, 8505 
170184 83f8410a-36a2-422e-9ea3-c3e8123875f9, 3919 
16678 60864fc8-bfa8-44de-bb36-5f126c6de365, 3919 
363929 c0f3669a-5261-4d94-aa57-e7465c79eb46, 3919 
225640 389f036a-1cdd-4da0-8af3-fb2ca74f64ab, 8505 
52921 c1325256-b35a-4286-b029-103629dac8b0, 3919 
283092 179b38ec-746a-49cd-bcd0-9e8167b4e8a3, 3919 
340839 2489fbd9-d40f-4816-b25c-1020652659ee, 3919 
343555 7a7953ff-7ff4-49e3-a725-6b7c18a2eb4a, 3919 
381038 db5c4964-bf64-4998-9bc5-80b43d8c12f7, 3919 
288878 caa4a864-9583-44cd-9700-4d2096d8cd2c, 3919 
359168 b0f23513-e158-4762-b39e-19fc479d9239, 8505 
157525 39e39ce9-dbd2-4071-bfc8-78dd10142a27, 3919 
40633 2ddb9469-0178-4bd3-b584-8a1aa38d1d93, 8505 
117823 e84180b1-46bb-40f5-bb55-9eb73d6a8f59, 3919 
276775 f79b7c25-a88f-4f68-bb0f-08414a574f0b, 3919 
265275 9c9c7ffb-53f3-4901-83d0-37b11859f712, 3919 
90314 cf6c3154-0961-417b-add6-d3921a546226, 8505 
24101 d9fa7012-727d-4012-8332-dec04d7b62ec, 3919 
264148 d3c73ed1-1616-4d6a-875d-5b0cdf968b52, 3919 
213525 51f768f5-9a7f-4c95-8f6f-ccc394d7d41f, 3919 
343460 b984d0f6-05b1-4762-9ef1-e0da9b0e28c2, 3919 
243914 5d740e5b-c84b-4df0-9b28-8c341d0c1c9b, 8505 
358436 b3b69425-2f93-4059-b0a9-ba8dd00f716b, 8505 
279905 d44cdd9d-e1ad-4e79-9554-83eebf0f4e97, 3919 
281344 0e786cc9-c09c-43e5-9b75-012220e68745, 8505 
214834 a64b2c50-7733-4414-acd0-8b6408c62a9a, 8505 
172285 418d73b0-9726-4dcc-b25c-c17386b1765c, 3919 
358953 02d91683-bb17-4e50-a64e-ee1e2aaf3edc, 8505 
128640 f515b7f5-48e0-4684-a126-f852e5f31af7, 8505 
297379 e155fa03-45cc-4eb9-b74f-1106aa060443, 3919 
371033 257cd230-3feb-4b40-b861-163fc0642893, 3919 
176327 2ef605dd-1b24-43e3-a562-2bcb1ea20999, 8505 
162576 026915bf-c576-4e70-9fdc-65670c6671b6, 3919 
165945 c821ee21-630b-45b1-ab44-b3c534964c68, 3919 
98066 ff755661-8ff6-4ffa-ba0f-e3c0a2d137b3, 3919 
329927 9d98d17f-5ef8-411b-9051-6930d94480cc, 3919 
321980 ebc2005c-a373-43d1-928e-fc62c573614c, 3919 
188034 e18b3301-e605-4874-b279-3d459aab6746, 3919 
304525 b155c573-4555-41df-88bc-e49cb99dcc5e, 8505 
247603 f4b09e77-2ab5-4873-b212-c277f79abf93, 8505 
41422 cf36746b-d230-4efa-a66c-30df3c47aadd, 3919 
262981 ef0d321c-9dd1-42e1-9d63-4974e7df8cea, 8505 
69057 d88b973f-3917-479f-85df-1c22c354ce6b, 3919 
110643 48e8e6c7-61e8-4821-94e5-b5c70eef4131, 8505 
15610 a4483bd5-94dd-483f-b5e6-341a026cc1ed, 3919 
283233 eb83327a-c606-4814-9cef-bd35bd94dcd1, 8505 
149183 80896491-4236-4879-b7da-d6fec4337914, 3919 
339498 bd24e1d8-a99a-4b72-8ddf-c3881189a84e, 8505 
177653 99b2011d-ba9f-4ee4-a9df-d7ac9c4ff131, 8505 
52856 62870d89-1619-4881-9ec6-18153437a951, 3919 
176402 6501d398-1d94-494d-9f43-6a016d494dcc, 3919 
291828 09bbf191-a24d-40ec-94dc-d962a13ed365, 3919 
262030 8a356da3-c549-4440-b45f-a6df5f91bb28, 3919 
314573 856172d7-dc56-49bc-9f9e-ba9b5c51612f, 3919 
43315 a2e5d3cf-8d9f-46b7-aab4-e7d542083f4a, 3919 
255086 9e690965-9cb1-416f-b8b4-6b525cc25afb, 3919 
342735 89cdb0a5-dd23-4ca0-8dec-167e8fb7b760, 3919 
40058 86c18f10-0f5f-481b-b4a3-b7de316f1615, 3919 
213962 81ab6fd0-b36f-4b17-894c-9769ae0386c1, 3919 
382906 2460e4ec-3782-4747-92b8-675b56593283, 3919 
211705 79f9cfb2-4d04-47b6-ae89-0603dda89ede, 8505 
326836 f68c67c2-8871-4a7b-bb2f-abb686992145, 3919 
111559 5b2cd54c-4bf8-49c3-9aa0-2a69a2e257fb, 3919 
18042 1dd33fb7-abde-4499-acea-60b44aefb990, 8505 
302213 3a13713f-50c3-4bd9-9aad-861d2a62ea6d, 8505 
62460 6c3f237b-7e9c-4b33-ab4f-527e844c1925, 3919 
291706 98a68f32-8fe6-4477-9695-36a8cbc44e74, 8505 
391084 1f120565-ba26-4cef-ac8d-52b9d87baa60, 8505 
41924 c058f61f-1a5b-4274-96c8-f11f96c443b8, 3919 
14995 06a8ce94-0087-4049-a0e0-25165c245c46, 8505 
170852 d94968bb-78e4-411d-866b-cec980d8e189, 3919 
280666 c2f46c4d-5342-4cff-a17a-d5d847cdff49, 3919 
328507 654fe491-f917-471c-b36e-18c955d382a7, 8505 
146419 6c793b35-fb59-44cd-a424-2020bbcb87b8, 3919 
253010 38629a08-3e53-4215-ab57-7bd4f1a522b5, 3919 
19806 59fbc1d7-94e6-43d3-8f88-7b1c0b272e6f, 8505 
3376 e29acb0a-ae73-45a4-ba3b-29b54827314b, 3919 
127931 dce6fb18-49b1-4d30-8ea3-8ddd27ba36ee, 8505 
404041 cdc51283-75ac-49c2-9e1b-073900ff0f36, 8505 
278793 ebef805f-af2e-41f4-aff1-b0455683abbb, 3919 
227918 369d79c4-17b2-49a6-8bb0-fd620c3fefa4, 8505 
19146 451f7418-943a-41c4-9fb5-0f7ee9e0d343, 8505 
273408 c57c20b7-8492-44a7-84ef-2542de9a449b, 3919 
128297 f04c0efb-7e28-4820-9290-9c76ad95e898, 3919 
281886 fbb76fa5-f190-46ad-bd77-79c3366f1b4d, 3919 
253942 b43fec11-33af-413e-a4eb-1bcef4b841e1, 8505 
368322 bec04c00-15c7-4374-b129-ed3659517868, 3919 
23838 ed96d944-dca3-4897-a97d-38645c9d2379, 3919 
238961 7e8bf468-930a-4627-b9ad-be5df7d49eb2, 3919 
109929 980d1199-a117-42b3-8e22-d014523704ea, 3919 
36647 d41e7dbb-75eb-41f2-9d9b-d59ea97e2f03, 3919 
348890 6bec021b-cbb0-404d-a831-6e428c82d4d4, 3919 
269870 50d7ac44-2350-4c54-aac9-039d51d8ed41, 3919 
254134 e4c4b2e3-1562-4550-995a-ea68785fb4a8, 8505 
96539 eb0a8093-52a3-464c-a5e8-24787a379531, 3919 
296123 42b0c806-c45d-4191-9c9f-8dec26519c39, 3919 
2975 5c588d9c-38e8-4e10-ab13-e2fea3788964, 8505 
244366 e550351b-0c77-41f5-8f49-889f99962645, 3919 
264082 53b44aa2-cd35-47b2-8870-969709883626, 8505 
55164 c48e9455-811c-48b9-a275-a5a54a9d057c, 8505 
338244 b6bc0b3c-fc1d-4f23-bc8b-5c4258072e73, 8505 
72832 9d0b1ebd-2b18-4c41-8b6f-bd98daa69b55, 3919 
280724 32eaca60-9c8d-44be-b030-d2117c4a6778, 8505 
225429 a6204079-a60a-44f6-a3ab-ae299f46123e, 3919 
201668 4976bc65-f69b-4285-bee5-84d4fdf1cfc0, 3919 
139080 849ac120-c702-42ab-b27d-07ff66976455, 8505 
120276 df943601-4f61-4d04-8818-5ff00242c717, 3919 
214936 a5c4ca2d-6f96-4f1c-9a4b-16876ae32347, 8505 
164525 84c4f35e-e4c7-448d-98ea-7a47f01b9b45, 3919 
366635 61a0f038-7f8d-4cf9-93db-bf1402708faf, 8505 
37336 46a13d4f-baa3-461c-a6c5-f2269d4373c3, 3919 
45561 c8d51a1a-35b4-4de8-9666-22955f93fbb9, 3919 
339216 96dc3f13-3037-4a79-9dd3-6a25fb8387b9, 8505 
49000 5b4ea220-be64-49a7-ad5f-79083e67b5c9, 8505 
225789 2275f32a-e925-472f-a641-5f1856ba1b10, 3919 
96720 74954dee-0860-4b96-a2f4-464624a22128, 3919 
341599 5da6939c-8708-4110-b56b-ce99e1c393d2, 3919 
378308 0629eaee-d990-424f-98df-fd457c35499a, 3919 
111149 aca8625d-b02f-47ee-ac0d-a59f5adbbbf3, 3919 
120855 9048a212-5ba4-4bd1-99d5-243c4199d969, 3919 
189306 31f44f5d-e6a3-45ec-9f65-48ebea6d84d0, 3919 
284262 62e94793-13ce-4433-933e-6459ef739e97, 3919 
48269 10578aba-f77d-40da-9d4f-ff1ae5bcef12, 3919 
285531 c7d59f2f-159f-4a8f-a71d-3a4888bf2980, 3919 
235313 f8ff14b6-9687-498b-b7d0-a23be8268462, 8505 
387342 c492fe80-7f4a-4610-9867-fb7048616ff3, 3919 
10691 e0faa724-6f17-4157-bca5-242bf241bb3c, 8505 
348099 3a9213c8-c328-46af-935a-765a804f9b5e, 3919 
103929 5285da1a-9fca-4240-b5e2-e5acd17907db, 8505 
302999 0397337a-bd71-4d85-8e59-c223f7036a73, 3919 
18614 c33b811d-b1f2-47cd-b13e-9b990f00b665, 3919 
124544 750a6a0a-4d51-4bcd-a9d5-fd44fa88592e, 3919 
119496 97c024e6-0ab6-4561-8e09-bc4c725803ba, 8505 
9468 c9489f7e-0b6b-4023-982f-09710004cc0a, 3919 
228539 3ceddc0b-1c12-4da7-bc8d-5f7e4bf2da0c, 8505 
245958 c4e99132-1a3d-4350-ab9f-3c14668efb43, 8505 
274763 638c9743-ff1a-4c5b-a056-52a64946ee60, 8505 
336539 cdfde458-8aa1-4741-a921-653ed25953dc, 3919 
110368 d8df9d86-6243-4daa-8854-66db8f0b4738, 3919 
172180 ea990b3f-15db-48d6-8da4-20af75cc9c4e, 8505 
44021 80c539b1-5821-4db9-82ad-bff1e97201eb, 3919 
355514 c75b07b5-0bf1-4ae7-b167-762d394ee457, 8505 
183357 6e040e7e-a870-4afa-b95c-3d7c6312190b, 3919 
54623 9d35be77-8fc1-4767-994e-9c2fc20c88dc, 8505 
201789 ac830b4a-9f8a-45e4-9c51-6c1429f56c02, 3919 
118129 85c500a0-4b43-4c5b-92ff-7eba2b5d1940, 8505 
58054 954a2e05-9293-45e6-83cd-0901f4dfa0c2, 3919 
366849 70f8a652-c375-456e-bf3d-7e9638671aa5, 3919 
361957 507e80b9-af3e-4228-a986-b79c8b3c35a6, 3919 
316163 522c00ad-c708-4f07-9d16-8bc8ee2f6f7e, 3919 
90534 fdc8dd5a-6303-434b-b678-9fb35330125e, 3919 
364621 ac4f1804-53d7-49ce-a3bc-daa976f0b4ee, 8505 
87770 c9477fe9-05b7-4515-9d57-9977c23a29db, 8505 
160270 eb3c7584-f2ef-47fc-a245-4a1cb8eded25, 8505 
18469 3de36f2f-b497-48f9-add8-34a318bb46c7, 8505 
372008 9dbda805-a7d5-402f-8170-6adab935e0dc, 8505 
32182 dc14f9b1-59f4-4e5e-b994-93d2d95fdeb9, 3919 
166527 407592f8-d2a0-4dde-beb6-0a076c7ff0c2, 8505 
248535 5c0bab55-3f4d-4bc9-901c-0fa729d6ecfe, 3919 
112970 1c0918d8-a7e5-4bc7-9651-16f91a8d0a8c, 8505 
117527 429bdc58-f1fe-408e-be24-42924c9ba2f6, 8505 
170330 1289af42-0fe6-4551-9bba-3b0ddad2b2a6, 8505 
142062 da05a5f5-ec66-471f-bbd1-b41fc35cedec, 3919 
336890 f5af5680-9b2a-4fde-8e4a-701d32ba52f8, 3919 
43913 fc147b6f-bb46-467a-ac94-06ff6ae1cd12, 8505 
133633 79ae2e18-b47d-43d8-8b3b-bdedfbdd5b95, 8505 
186339 91d3ef75-9f17-4ad6-8c02-856fbc407aa1, 3919 
94183 7914f9cb-4d78-4498-b2d9-0138e58a7c12, 8505 
159940 b526e63b-0538-46bc-94b0-f478a8722e87, 3919 
57277 a10e7957-2b5b-4483-8c26-1c497e9ad166, 3919 
152205 0e028064-20f9-4499-aba1-2b51f4b5c6b3, 3919 
239620 6dc23d70-cb43-431a-a0c8-de6cfa765a98, 8505 
127819 ee139027-6bf2-4868-8f93-f62811c81054, 3919 
183775 48acd4e6-7ccc-4a48-95d4-f48e06e2e3b9, 3919 
259908 81932777-c623-4628-80c9-bb24e78aad2d, 8505 
7075 6a3c8d69-7c38-411c-a1a4-055eb38e2b9d, 8505 
140437 9445d3a4-a713-4378-8be6-83bc5ae223e1, 3919 
368882 392d95ba-7a49-40b5-9be3-b621a8af7f96, 3919 
98752 eff71610-31b4-4244-a177-cb5c829c78f5, 3919 
47022 8258e001-0033-4294-a2dd-185d33d0b2a3, 3919 
144368 a2e69ed8-ca32-48f4-9313-396d3a61ffe7, 3919 
146121 4c34a063-2af3-42c4-858f-5c6c87914e98, 3919 
32824 3a9f7ab6-bf88-44a0-817b-6bc579f456b4, 8505 
291307 a783fd02-6d62-414e-bef8-c583654cfa92, 3919 
330402 6fa2b989-8693-4929-87ca-46f3a62906f3, 8505 
143559 65d73d7e-2330-40a8-affa-7b51692631f4, 8505 
400497 81113561-58d6-4b5d-8385-e74f910a6c1f, 3919 
22479 591679c7-c741-4aab-bea9-3258ebe86930, 8505 
33221 6c97926e-045a-49c5-9bc1-f179a79c443c, 8505 
154287 89d73f0d-34ea-4937-9dab-52ebb21e448c, 3919 
9922 41002183-f0ae-4b28-ac4b-48e003628e42, 8505 
343298 a576e647-6565-42da-ac99-1117c50b687d, 3919 
342909 9314fb77-9dd4-4d32-85e8-05c6ed3da980, 8505 
19179 e0331d5e-d918-481c-a179-e0ea3c5740d4, 8505 
238634 b8aa0cff-4229-4889-9ebd-b238399f73c1, 3919 
260014 b8a495bb-ff4c-4f9a-bc4c-90df9b35db62, 3919 
155902 fd8addbc-7264-4c6d-8a8a-7c9a2785e3f1, 8505 
127436 4a1fe426-e633-45fa-a85d-862d2c84b3d0, 8505 
325364 81ee343c-ef2b-4935-83c8-8ecfc0d711d8, 3919 
358674 acf8a82b-0768-4568-91e2-f7197d9f9e40, 3919 
225647 f53055f1-5bed-42a8-85f1-8905b0f61d5d, 8505 
42188 a1300543-4686-40e1-a319-68ff78e5b2bb, 3919 
276069 1f7bfc93-2239-48e4-aad1-98f51674a861, 3919 
307060 55c27670-7721-4b52-831d-8b96760992fd, 8505 
173343 06e0a2d9-c19a-4ca0-ba2a-64a1b62fbed4, 3919 
55918 771ebbb5-3c11-464b-831f-b64582e67d26, 8505 
95917 e6ca8148-ace6-42f7-8d32-e1735582c225, 8505 
45278 1ef5783e-a555-414a-a65e-946687fbb905, 3919 
229142 8ed1cc45-f25b-4c2c-b3f2-bc3bfd2975fe, 8505 
392442 6d7b036a-91ff-4257-bd55-888e8b20b763, 8505 
222454 7385afef-e43b-45c8-83ab-9941ac7821a8, 3919 
73988 dc914af9-6e6e-4ddc-9050-8f4326d1c9e2, 3919 
301013 27340950-5118-4212-ae4b-dbf9ad91dece, 3919 
303616 5a3e7e5a-4fec-4b53-bee4-c26a14d442c9, 3919 
244673 88968aca-8f81-49d8-9fbb-c23bf2030831, 8505 
17001 6541faa7-83e9-49df-95e0-1bb18519d7f3, 8505 
263862 5dff599a-4ab8-4bc4-8ab8-8e94cf6a2040, 3919 
371610 f2fc51fe-d45f-42b9-a9f4-3a81d2d5764e, 3919 
210420 4c454092-2d21-4d2c-8f6d-189d3e1a0662, 3919 
170328 2f806e26-c8df-47c8-9811-87bbb1004af1, 8505 
7853 3576519d-379a-4586-9265-a26232cc4af0, 3919 
46154 ee594614-8996-441a-82ab-e0aa05d4975d, 8505 
366274 098bda66-2362-4584-af5e-307de34af241, 8505 
349327 71f93c43-c4f0-47c8-aaaf-1d7c29e5c06a, 3919 
167231 acbb16df-3fb2-434b-a120-dd77cbbe3c80, 3919 
282093 35100524-08e1-4f5e-a238-140eea979466, 3919 
180905 70cd3b6f-0fbb-4147-a45b-05f25549ce5a, 8505 
364198 09e9b375-fc1c-4b1d-ad96-26086aabadf3, 3919 
262851 ecbe3762-b601-450d-a8fc-b56d7d77a528, 3919 
354604 cbea9cba-2004-474c-84b7-214d73341b16, 3919 
202840 f5689a98-5823-4c41-ac28-63524fd78879, 3919 
70192 959501a1-06d7-4a57-ac8f-f7a58942353a, 3919 
286389 7b431319-9f58-4888-a31c-aba8a7d92b8a, 8505 
299452 2f51466a-67af-4c9e-86de-e1a61d70314a, 8505 
79776 706c33a9-9c5e-42e9-892f-b4e62412292f, 3919 
136055 797f1226-6cee-4698-bbdb-c12794a76792, 3919 
10802 a4f1e1ec-2a7f-4427-943f-fa5c6dc24dbc, 8505 
106388 9c047f24-47d5-4533-a8b2-a8f2efb0da02, 3919 
396325 fec55ecc-a903-4844-924b-21f52e4999d7, 3919 
8734 49082827-2b70-4317-9f00-66abaf8394e7, 3919 
300620 fc2e4f05-68f6-42e1-ac07-c9a132d672ee, 3919 
244364 d80502f3-6b05-478a-bbdb-ac08b97fff9c, 3919 
368691 ab28877a-1ed9-4ab6-a270-5ab959b6291f, 8505 
226572 9dcc95c2-bb9b-4b92-b719-953a68611f71, 3919 
180089 f7382c5c-d2da-4283-864f-a5c8f8749306, 3919 
272305 1cb98ebb-06e3-43b4-8bae-4c9440860c54, 8505 
371564 b21b58eb-dcd5-4e30-8c2b-a7173a694941, 3919 
27758 84e908c4-2831-4b14-b2ec-57d2ae50bcef, 8505 
42951 f1dd4f7b-7618-4bb2-9706-3bf829204960, 8505 
234595 7db20c3a-5a82-4cbf-83a6-c30a6dc72a98, 3919 
190748 1c9d7a7c-23a7-44dc-b1d3-66bde12bccb5, 8505 
269196 f9f5e9d5-02a3-42d4-80a0-29c4f8299f88, 8505 
258642 0766de8f-3524-470c-b061-5a513e5e13f6, 3919 
118885 881634d7-1ae9-4190-9380-19f0a8d66237, 3919 
102601 b140808d-9d48-4475-bf44-be8bbd188edf, 8505 
77222 9cac3047-c4fe-40c4-aed5-e621d0457902, 8505 
365668 a72eb580-345d-40b0-8e84-64218fe67a2b, 3919 
64482 5a932d9c-377a-4ec1-bdff-ab5f2f07e762, 3919 
82993 a5c7ff9a-c008-4a10-869d-78755457443b, 3919 
62979 105b0b33-4259-4764-aad8-0b9633172a6b, 8505 
289299 e61aa439-108e-47c7-8df4-12c1afade8e6, 8505 
56122 d5c35cda-3bcc-4a27-bd73-d2291189a808, 3919 
44082 c8f8c226-4f23-4e4b-96da-47d80f2c3d28, 8505 
280099 238e25a6-dd58-4cf5-b39d-ea667d3211f1, 3919 
14081 17679ae4-1322-453a-a953-88fdd4a3494c, 3919 
320375 ec967ff1-4afe-4b27-830a-05a822f9a399, 3919 
130056 9971b230-7911-4784-a323-40560ded8ae0, 3919 
77684 21951978-17ac-4d54-be39-bd028b08ccee, 3919 
78301 c0a42136-ccfe-41cc-9ebb-e0c76119a2c8, 8505 
136464 61f7edb0-891e-47f7-940e-44f53fa29238, 3919 
112972 fcd107cc-956b-4f64-967b-409321bcd014, 3919 
332256 aa2e6053-be4a-493e-8bff-3da79b63e7d0, 3919 
190420 b8ad6d98-5d35-43d1-a3d0-039c770eb71b, 3919 
250427 4c049592-f5a4-4470-9028-259534471f0d, 3919 
323172 7286508e-208f-46e1-a036-999125444cd7, 3919 
309218 62bf0fbe-9e9e-4eb1-80e9-fe22b037f602, 8505 
328585 bc96a983-e98b-4251-9774-fa2f5818482c, 3919 
147537 0bdd0243-072d-4b37-9d98-b5e8c11b4646, 8505 
77178 004e3ec4-465f-4a53-9c48-bcc83642045c, 8505 
401374 326ba5b9-c88f-4eaf-b717-f466054acebc, 3919 
276002 cab9856c-784c-4086-afd5-7916e2b42a80, 8505 
331158 bf0e8234-1549-4032-b521-02108bb3ba17, 3919 
222563 ba709345-f976-41fb-809f-f85293df35a3, 3919 
352748 b134356f-eb11-403a-8121-2fbcd8bcc5a9, 3919 
282565 68d29727-ce81-409e-a32b-759c83df7a6f, 3919 
219316 755fb339-cbd0-4a16-bb75-81da9e0e1a80, 8505 
258939 2186d7b8-5d60-44d7-8acf-cc978171cbe9, 8505 
39379 163d4345-a159-4509-ad2e-44c6a957440a, 8505 
255641 b0855cd8-9eaf-474d-8696-7cbd08597504, 3919 
58599 50a8594b-1ba4-4625-a167-db51078558a2, 8505 
346016 198b2a3b-95cc-4997-8e89-9457a7e8c1f9, 3919 
161379 c3265c86-a703-41c6-a3a2-85aa0533a5a6, 8505 
333336 ad5acc4b-da7f-4800-ad3d-a041291637f2, 3919 
195866 c7909d7b-7009-4b71-979a-7cc380e22070, 8505 
178275 8b7ce017-4efc-4b96-b2c0-671edc54ac96, 3919 
263876 d2c5fc28-76be-4f7d-9e4b-929c1b885637, 3919 
385736 d28f1e41-bf39-47f9-bfe1-0f5af638cf67, 3919 
150750 5fd92110-e8e6-4e65-9504-066371fc5e17, 8505 
41135 b0f63c65-29c6-4f84-b4fe-cd50f191d79b, 8505 
309985 eb995da4-b7e6-4e0e-81b6-ab8ef2f4e7b7, 3919 
19383 14034fab-94c8-4c6d-b4be-2eb522ab907e, 8505 
334440 9c89941b-3143-47b2-af59-3375f77535e9, 3919 
57031 700140b6-cf8e-4556-8ff5-21e27d74c3a0, 8505 
357880 ab984d4b-ea9d-467d-8834-69005ceb9fdb, 3919 
141518 9c45f20c-bf22-4919-83df-255d396f84fe, 8505 
14376 69c38245-b145-46ae-8d28-939f550f5143, 3919 
308005 33f168ea-e6b0-4d2f-bb54-6b76efecdb07, 3919 
237817 8208da95-4328-4b26-b449-214fc347cd7b, 8505 
402095 1e12ea96-5a08-420e-ab9c-02ad4f0c184e, 8505 
376958 564b44d2-c4af-4c18-9765-6486c4962827, 3919 
60089 93fecd73-d645-478e-8c25-0c9536178c64, 3919 
148204 81477ca0-2157-4078-a438-e25e316805a4, 3919 
144785 3b1526b6-5d39-4c05-b7da-1fbc32460304, 3919 
31289 72c5f63f-3ab9-4343-b2ee-e8bdf4dd485a, 8505 
342146 4d4a62ae-2ccc-4f3e-89de-090e7bde626c, 3919 
233106 945bb5ad-9d0a-4866-a422-307b2b4c911e, 3919 
92504 0448431a-f2de-4792-b72c-e16a4050fea0, 3919 
279215 78aae074-22e6-49ef-b7b3-5bd0ed22b1c0, 3919 
209895 b652a032-df37-4c7c-9e26-b97c5ea46298, 3919 
368563 2170aa08-1468-4fc4-93c7-7c12c68c8457, 3919 
260670 3b6580d6-78f2-4fa7-a91e-45053daccdf3, 8505 
346357 914010f0-56eb-4bbf-a419-3f6637bea2ec, 3919 
37756 3470c65e-2012-450c-be9d-22b25283844b, 8505 
17024 41398670-1c1b-43d3-91ab-2a2938a8a1af, 3919 
328430 bcf9dbc1-88f1-4f7a-886f-840900bad43e, 3919 
169035 8ddbbf35-12e1-476d-b394-41978b539a12, 3919 
231637 04bfa922-104f-4ed7-a6d4-274591f15206, 3919 
321436 141d0962-97f6-45f0-81bc-256471d8dda7, 3919 
111458 013663a3-d041-4241-afed-352de98af35f, 3919 
265457 b51c5297-87b5-4056-bc1a-15eed65573f7, 3919 
259986 8550a6fa-74fb-4db0-a5ca-6e88a54118a5, 3919 
344860 d0a15179-b02c-4d76-aa3a-6604748bb8b5, 3919 
255951 e1f13334-6545-4a61-a700-8188a153272f, 8505 
336500 735cc1b6-79cb-4d48-9949-bfed3d863de6, 3919 
91443 69448f38-6e58-4343-ba34-9da072d3ac01, 3919 
198124 8dcbce59-4933-4e93-8f4f-fe18870f9a54, 3919 
325028 c41c65ab-0d79-492b-95bf-6d534ecaef3c, 3919 
318254 0b00d8b4-7cac-470c-9d41-e3a97bf6655c, 3919 
365886 6aa9ae1c-08ed-4aa3-bf3b-2280032dec41, 8505 
32954 6733aa1f-464f-40ba-8606-32ed4baf8218, 8505 
56008 a4ece6cd-5b84-4eb8-ac8d-7b36da096d8d, 3919 
33392 a4c81f73-3927-41f0-be78-2ae41febc37b, 3919 
87681 571b245a-b0e0-4963-b1a7-fd46dd42cecb, 3919 
281232 748430f2-f1b2-41bf-94ee-a9d9e8c94705, 3919 
239387 d052ed11-0bb7-4c6a-81f4-39ddf311a227, 3919 
276196 3dcbcad0-620b-4f62-8cdf-89b0195c1855, 3919 
369056 a58285f4-1e5e-4fa2-afde-09eb4a5acada, 8505 
235159 2b55a05c-fd52-40b4-8903-71fea1eeec0d, 8505 
315366 8a077070-5a5d-4fce-b6ee-f4b469419ab6, 8505 
85159 5640572a-5f7c-4d0f-86de-32a1bb64ffc3, 8505 
111746 1ace02ba-0574-49d9-9c4b-dcd5aef7288d, 8505 
341397 e8ae0f9d-87b1-419f-98de-39b4d2f5942a, 3919 
171353 5f6fc884-9e5f-4085-b8d2-dbbfc0c8d08e, 3919 
71135 57f61e2f-07cd-45cb-8ad3-2dea58e208c6, 3919 
229743 a8d53ca0-c310-4244-b6ee-3d5c7383786f, 3919 
301854 daec193d-8c44-4aec-9ef1-28d67fb3327f, 8505 
399466 b4803e32-acb4-43c6-9a13-b655fdd9a42e, 3919 
212903 1de20814-2cab-4256-9deb-a929204172dd, 3919 
206538 bc2cd6a3-0b2b-41b8-b0de-46825d4a39fe, 3919 
399823 18615233-e433-4718-95d1-fde654769c17, 3919 
27074 4ce3d5be-72c3-4fdd-ba89-6d9afaf65556, 8505 
72338 66557b78-0e4f-49e0-988b-79d73abb9675, 3919 
230724 4958a4cb-b9d7-4867-8fb5-e42e58d30dd8, 3919 
349301 c6b07800-db99-417e-bac3-ddb21551d1c2, 8505 
314143 ea17ec52-b949-4883-951d-7ab408410f13, 8505 
185303 06a245b6-bbe3-411f-9804-59c0c9c52b11, 3919 
313895 e71ea1ba-a695-4700-bb7d-dd1d3316faa6, 8505 
17257 223f6003-28ca-4856-b8d7-28e428d53891, 8505 
399750 c4cc1c2b-6469-40dc-8e8f-b3c6b3e9f9b2, 3919 
47517 41092320-54a3-4535-92e8-7cc08a1c7987, 3919 
258682 fb71f1b9-925b-450d-bde0-a45adb95677e, 8505 
293874 1ccbf365-a96b-444d-b13b-5b9ee508c32e, 8505 
166623 18858a62-1df7-4640-81c2-29f790381ddc, 3919 
120961 9d436a36-29bb-406d-9cd0-de3bb35624a7, 8505 
189670 ac66fcb5-c959-4cb4-a9d6-1eff62eb3c85, 8505 
254220 e467bd6f-02b7-46db-b11c-c8b0228adace, 3919 
285603 d9539860-e0f2-469a-978d-4c21dcf1d04b, 8505 
139547 2b30274c-8706-4bf7-97d3-ba99eaf5120e, 3919 
47300 aba1e209-e01a-4ba0-b9e8-ca7e032d772b, 3919 
130405 0e355157-5277-4593-897f-7c872c9a44ee, 3919 
163251 fd981934-b33d-46eb-b2d8-a9e222a1fefa, 8505 
166466 2fe86273-27b4-475d-9bb8-570d34756b07, 3919 
122982 f57976be-76e7-4712-abd1-3f703220d88c, 3919 
11504 8ee5f9df-6b69-4a03-9f6a-2798281789e8, 3919 
29670 681ac50b-a2eb-4483-a42f-4ea985be4147, 8505 
97912 3c04ef26-9934-4a45-afe8-8adee8cac7f6, 8505 
360281 fd110e5c-8dbc-4c2e-9144-e9e353b51814, 3919 
185493 eeb3a57d-2d6c-4b77-965a-7db9b4631c06, 3919 
287114 550dfbc9-c2cd-4b1f-9a10-89a9147b4904, 8505 
42913 f955b5ec-1511-4c2a-a4a9-bd473de54c84, 8505 
75010 28d2d465-f743-41a6-b194-6dfebedab505, 8505 
80422 7e1cbb8d-80f7-468f-8b13-e8616cbd55cb, 3919 
200031 2f1ef596-deba-4d17-ae06-f194c65d1a49, 8505 
253299 a57c549f-a871-4ac0-b416-8f5d92cedeb7, 3919 
355468 0b7a11d0-29ff-44a3-8d2c-cf606a861298, 3919 
272702 af6643fd-330a-4905-83d6-fe9531340f78, 3919 
138233 1dac60b9-6791-4a44-9d60-be41e4e6ce88, 8505 
31942 addb9396-34a3-4564-abd6-89076ec25066, 3919 
247717 e0008e3a-bd26-4f84-9aa1-8c05beade390, 8505 
379072 258f6c34-6729-4d48-808c-406809cbb8c4, 8505 
110629 2106765e-598d-4e32-9f41-858cca9e86df, 3919 
222450 9897a86b-5502-448b-9f51-2683039d06a0, 3919 
116079 e1a3161a-e02a-4e16-84cd-05371cee45c1, 3919 
65867 aafa8da8-5710-460b-ae12-90b2b45f8471, 8505 
175323 229714c3-d56e-44d1-9ee6-7e9d7d2b3495, 8505 
118284 547c70fd-7b62-4d21-b49c-bf696e757747, 3919 
93983 f8e1554b-1602-4c49-9cf4-0de304cf6798, 8505 
229739 b5d63878-ac08-433e-a4d9-4bea1da200df, 8505 
169252 9f22cbc4-fe82-4a2a-be98-d0681a0e9d96, 8505 
143219 abea44b7-cd78-47de-8dfb-5c42e80d6dc4, 3919 
206073 5c8ff078-cc5b-4f2b-bc1d-429d0c4eb637, 3919 
97040 64ba04b0-8f49-4f85-8a35-9c48662f2042, 3919 
111447 4b1b99b9-bc92-4ec8-89cf-d370cb8627fe, 3919 
138791 f8a8899e-80d7-4f81-bb78-2726ca385067, 3919 
314617 c65d229a-aafe-4c4d-b8ac-acf073b249dc, 3919 
340062 9dfbbd7f-9eff-4d6e-aeee-03c2e4c47652, 3919 
45552 7a078a21-8ada-43d9-9417-738136f9aa33, 3919 
165823 4bd62665-d7dc-406a-8740-33a4ede26f1f, 8505 
294992 f7b9cf44-b05a-49bc-b706-82d420912928, 3919 
109308 79ba7a0a-b06c-4691-b46e-ba7120c9cb59, 3919 
109924 e1704fed-e7e8-47e2-982b-76919e339d01, 3919 
76789 8a8a29af-afd4-406e-998d-082a16d04658, 8505 
388544 993ca51d-3b8f-4566-8852-35533cb9aa74, 8505 
75206 1afd517e-9d35-4305-8319-17452db8dba4, 3919 
1472 4642b4b1-cf88-4def-8e6a-5d9ec989ff3d, 3919 
42625 63eea4f7-d61b-4524-ad16-fd61224f8b3e, 8505 
202348 cd050185-40c7-4148-8510-7e41831e1490, 3919 
237782 4a12db6e-db1f-44ee-b2b3-fc8846366e02, 3919 
29202 e94690da-c5c4-4d02-9feb-22b8dfc0c90f, 3919 
286680 8f832513-0f88-42f9-8e0f-4b9eb110768c, 3919 
272452 2613945e-3488-4ed0-bcd3-ea25ae7ce30b, 8505 
312886 af748314-0171-4ae3-89cb-f7a88c1be006, 3919 
260000 69886eaf-9060-4115-9fdc-3bc1077f9087, 8505 
375244 bc2e5b94-4b07-4465-88a6-bf39c8afe595, 3919 
224139 56f2f598-71c6-42f7-86ad-79e1fa012e74, 3919 
225254 8cb0d9f5-54ed-44a1-86ce-5d1510eb711d, 8505 
336253 dcc99288-6056-45a4-8c57-efff547d1d3f, 3919 
151848 fe48b7a9-696b-45b4-b094-e88f86fe73e9, 3919 
122914 f93c5aa0-7149-465c-8694-8305b8bc160d, 8505 
222766 bfb75d54-68c0-4496-977a-c12f6985c183, 8505 
192833 3f78f703-077c-4c97-9c9f-0e08207bbd55, 8505 
207606 a3a698df-ca80-4ee8-a05b-c2e11f93f5ce, 3919 
263895 f5074971-d409-46bb-b28b-dec4559c6d06, 3919 
11283 d783cad9-4bc2-4787-981b-9696270feb7f, 8505 
329293 277336ea-e071-4d66-81a6-6706a32ee1d1, 3919 
250673 80085635-d581-42c9-96a0-2fa80313eeba, 8505 
291651 494e2f47-fed0-45e5-9048-1921b1d8519d, 8505 
59581 4111d418-82fd-4411-90d9-544970504a11, 3919 
316996 d18b887a-cc47-42ae-8e05-d740acf46575, 8505 
7707 3c0fd47c-62d7-436a-87f6-6567bf86890a, 8505 
206305 4733dfc2-1484-4091-98a5-1a78f0f6c824, 3919 
93273 1d7c7a4d-28b6-49d1-b6f5-3c13fbfe6c05, 8505 
276042 3e6be595-4dda-4fec-b3d8-e686b3d21b3f, 3919 
399194 c1a0baa3-7919-4f3d-86e0-0af8d38bdaaa, 3919 
382867 b5e2fd10-94aa-4d28-9d24-8e6692db67d2, 8505 
163198 5f63fa00-9efe-41f9-8205-0fffa3957e04, 3919 
343748 c72364bc-45d6-4718-b085-ce0d2851776c, 3919 
210795 8c6fac93-2949-4fef-9320-01d3bd93a2e1, 3919 
186656 8281e503-b0cf-4790-8bc9-6a35d76ca827, 8505 
35201 3669ada7-15cc-42f1-b80e-b8174882b370, 8505 
251235 d47986b8-52f1-41fb-a4b7-8932a994812a, 8505 
80455 94a103c7-cd67-47b8-8b8d-b56d38acee16, 8505 
276437 f74469f3-9f41-498e-a761-2f6faefcc16b, 8505 
249776 a026d266-e8d8-425c-8d6f-c62e33cb421d, 8505 
108212 f1f3b1bc-e3e4-4a51-9b23-f37adbde72a1, 8505 
263934 af2620bd-13f5-440f-8989-afd2a138548a, 8505 
88122 78494a58-51fa-42a3-a11a-5f19f5a66e34, 3919 
112436 ea60ce1e-7e47-4acf-8388-898df620c252, 3919 
248499 570716cb-60b7-4cd4-92ec-5cbfb678d0b5, 3919 
138149 d77d599b-01ae-401a-b5ec-29ab8882b639, 3919 
77838 77bc5e64-86a6-496f-b814-99021c1de600, 3919 
350578 3dd0dd8a-0a0f-4fda-b0bb-417715fcb821, 3919 
195728 5de14fd4-7810-4170-82a5-058f8bf4e83a, 8505 
242207 068dae48-46c0-4e2c-9fc8-fda8744166f6, 3919 
74024 80b5b747-fc94-4fe7-9f12-690dbb503825, 3919 
168436 a5e1f67d-9c1b-41e7-b005-ec09a6ef49c3, 8505 
366456 f93c8e01-0050-428e-ba3d-6d85f2cf7f63, 3919 
53461 ad74b6bf-6c55-4de2-aab4-079e9014c0f4, 3919 
312418 88ba44df-13cb-46e0-a0ed-985500d08f56, 8505 
179864 d7c9ce43-8f2e-4a68-8714-93d6d2e990a0, 8505 
256416 0d21b293-20dc-4f11-9312-c5d60ac4aa56, 3919 
23410 849cda45-120c-4b3c-8293-0ecb51f704df, 8505 
76425 2ef18341-faee-41f4-a445-e94d5d812b84, 3919 
152189 00f0aceb-f7a2-4f88-8c04-33fbdd23b7f1, 8505 
368963 65451f17-00c7-4d21-bd02-2a19b51d1a3e, 8505 
191752 a37c1369-769e-41cd-a8ae-67e2b209ac61, 3919 
310855 e6de2b6f-4e44-447e-b29a-4200fae7a3e0, 3919 
300459 145d2f93-f5ab-46b4-81d8-68b7fb7dae70, 3919 
36242 7df07bd5-32c3-43b9-a832-8201a54c5cf9, 3919 
268843 361dae4a-c4f8-4a39-9654-44b58caf604f, 3919 
286709 ebb7f192-b1a8-4e19-bf2d-15da8d1cf7aa, 3919 
59642 d61a5e0f-bc82-4a20-b1b9-d74a96afbda3, 3919 
212860 708d489c-1543-4b99-9951-040493c058ae, 8505 
370191 9afcc482-0998-493f-9c4b-609ad2f99d15, 3919 
140344 6ef60101-7b59-4601-8e73-b0b7aa4193cc, 3919 
376542 ceda4ed8-8ba9-4adb-90fb-50eb3fa46594, 3919 
350277 258fa825-45a0-4e76-9806-d1af4609f6a5, 3919 
318057 3ac757f8-fe16-447c-8547-8c781967e72b, 8505 
101789 2bc32f8f-c52f-41ac-8b95-bc54d3069cfe, 8505 
291396 ebf124c5-8f50-4c29-9eab-d5facfbc6b68, 3919 
6886 d8339331-ff31-46ea-b5aa-a3460cd97e3e, 3919 
346407 d61674dd-97c5-4b6b-ad45-e18d18295958, 8505 
322401 f98d8abc-8094-47ea-8e12-f107b2e16346, 3919 
338067 33cdd30c-3543-4926-90ed-40cf9507a5b1, 8505 
204169 8bd9831a-6035-41fd-8bc0-35b184b4ec2c, 8505 
117503 9f06e5b5-0b83-4bc5-82e9-23c08f9cb6e6, 3919 
402041 95777814-c161-4e8a-b7c3-0fb5dc3585b5, 3919 
114046 86cda198-6174-4311-8f16-bf9d01f46493, 8505 
144548 b56aa29a-232e-4419-a8ba-4808b25017b9, 3919 
123999 e1c914fc-37ce-43a7-aba0-b8d25e9f21b4, 8505 
368571 ce5076f1-fbc4-40bc-82b4-50e651590217, 3919 
12202 ed5ca09c-1e4d-46ab-9f40-2ec35c991b6c, 3919 
362791 215c85ce-f432-423a-ac4d-77400185d3cc, 3919 
359885 9938ec3f-fba9-4421-89b5-392a60aad6be, 3919 
131699 6f3370cb-68b5-44ac-a7be-a2a032f454da, 3919 
128264 8fd8dad5-f64b-439f-ae67-7840a9c00e3c, 3919 
74030 e71f432d-8644-45f3-a23d-1b4b90d02b59, 3919 
295008 8b5574d5-2473-4e89-853d-4a826441fdc4, 3919 
395226 af65da6b-ac37-48c8-82be-6ec054ca13f5, 3919 
60749 a331d4d4-53c0-4646-8b41-dfdc4fb4b27c, 3919 
206541 644ced77-ea24-428a-be7c-a79152b55eca, 3919 
228230 6cddcab5-acc9-4aeb-82e2-596906e79f7b, 8505 
282206 5c755825-e599-4f5a-9982-a1b2117a9bb3, 8505 
174863 107d54aa-2236-4da0-a2f5-8004441b266f, 8505 
204532 94bcca59-7f19-478d-9ced-5098720bd1d7, 8505 
64576 bec6e984-1274-4228-ae24-eb61ed8bc26d, 3919 
311701 4ca1c269-e769-48d7-b8c2-c6cd7d23a9d0, 3919 
222806 f4bdf04c-fda7-49aa-9d32-4954a28ee8c3, 3919 
153796 6eb997f6-f4fb-4e23-bbbe-1457ec4a2c36, 8505 
314901 d5da7c81-b2ce-47ef-9dcd-b68d54421093, 3919 
361062 baaee62c-3afb-43fe-ba9d-f44eb43a1053, 8505 
278242 9ebd46c7-2e99-49bd-80e6-af82beb90aaa, 3919 
146686 e2c6fbbc-889f-4394-9ddd-7b52e48f8f3e, 3919 
327551 13020a4f-4b7f-4df9-b69d-f308c4e5b593, 8505 
98521 76a71628-62fb-4333-988c-52dface0bdde, 8505 
376031 d8d3ff8d-4948-41b5-87d7-1a86def218c8, 3919 
118090 d0123dc7-4752-4402-b758-0929b123d4ce, 8505 
36567 52bfa477-0421-43fe-aeb2-29077fb24f07, 3919 
84732 cd851fe4-0d2c-44c4-b4e9-6e2de29831d0, 3919 
294298 5e10ea6d-e9f4-4bd6-bb4e-8411cf86dbda, 3919 
217679 6600c592-34fb-4c8c-87fb-b9b088862cac, 3919 
170864 c4090adf-58a8-4294-b027-acff4f1f6d3d, 8505 
282370 073ca911-f096-437b-b541-806969ee9a35, 3919 
350173 ee423454-5842-46b4-a7ae-d11f8f1b8bdb, 3919 
216400 1e8857be-1a97-4808-83a0-41c798613537, 3919 
342271 ecf7da7f-889e-4a51-aeb8-11a686181bc9, 8505 
330910 ae01e97b-d536-4a0e-9b93-6cab9c4c1dd7, 3919 
19514 e057e733-3375-455d-9baf-400e5f5c4a4e, 8505 
60716 b6b1ef6a-794a-4c9f-bbce-0bc9e67e887f, 8505 
188923 d23bfc89-2725-4c1e-b6ea-28a8ee052e83, 3919 
63531 3a6cddf1-2f91-422c-92a9-286a1ea5d57c, 8505 
281897 c95557be-b494-4ba7-a97f-c7d6d1747b7d, 3919 
122556 347f04c4-1ce2-4c1b-a2c8-5e51a5b4b282, 3919 
226398 5b747898-0b28-4fdc-a780-2bd4e8c9d287, 8505 
245538 f4038517-dd04-43e0-ab01-cd196e04fd64, 8505 
191141 47191b5d-8604-42e8-b91b-8e69bea5e606, 8505 
233164 c091dccf-480b-48fd-bd5d-11258eb95bd0, 3919 
298207 c728971d-ad50-4dfd-9ab1-e15cd33b92b3, 3919 
321272 96626030-ceb5-487b-82d5-fcc14621ca54, 8505 
302011 c413b6da-5bc2-4f35-a1f2-71d0c74f4b3e, 3919 
155696 34669dcf-2ca2-4974-afaf-35db44a5e315, 8505 
314990 83975dd4-5103-435f-a55e-2a2b41691f20, 3919 
163448 a0dc8bd2-fd72-4585-856b-d395d6730dea, 3919 
97821 5468c78b-0975-4dd6-984a-c485839e4d00, 3919 
247865 41a76ce9-95f2-4d05-9bbf-88cc4ee8b299, 3919 
213455 ce59faa8-38bb-4775-aabd-0105ca181e0f, 8505 
308000 a993cb80-4938-44c3-847b-b551b43660cd, 3919 
81088 eb73cd79-4f0f-428a-b7d6-47d0f96c40e0, 3919 
319551 23bfa664-2799-4232-be6d-d9edead61651, 3919 
308404 8676d6ee-9162-42be-a9bd-eda27f4869d0, 3919 
10285 0c31defa-8e21-43e4-adb3-9ebfed087aec, 3919 
198788 b78e7467-efcd-4969-b4df-db4c8c4438a6, 3919 
231191 221f52fe-3da4-4462-b02e-a6e46720a734, 8505 
94805 0a5922a8-f69a-402a-b635-2e129e5f184e, 8505 
66165 bc62dc0f-c4ba-4ae6-9c43-e1d7e8177e69, 3919 
349075 bf5c0311-c6e8-4748-845b-3963ac22a0c3, 3919 
45236 4999130f-c752-4c10-a13f-4944092abb25, 3919 
14010 10291098-4800-4edb-9f87-7b21b1618dc3, 8505 
10205 459245be-c845-4420-b50c-93745f602c77, 3919 
49206 a082a89c-4bed-4c42-8778-2d4d4d50f625, 3919 
340430 058a6021-ae4c-490f-a6a4-830360a6dfb3, 3919 
178561 d6c81f3c-c1bf-4300-bcc0-a387f5a4725e, 8505 
268051 33745fae-c000-4445-bbac-0ebd74d2e193, 8505 
268802 4e9cd2a9-7093-459e-a13d-3390b0a2a6ff, 3919 
3949 f29d2756-c5f2-4902-9da8-0fe3edf3e1f8, 8505 
386516 4f34724f-4f2f-4092-bd1a-91c30c0f7bd2, 3919 
387162 6c172acd-f5c9-458a-8399-4d26f893c8e3, 8505 
2181 8d56a326-cf80-45cf-93e3-20cf7057d4ae, 3919 
169578 784b0461-f91c-44bc-adb7-6224eff367ac, 8505 
330263 bccb3b31-f3ae-44fd-96be-54c947b3c458, 8505 
278074 126eecef-7567-4b71-8ff8-2c3df46760c4, 8505 
337243 86f675ae-9e0b-4cc8-b1cd-59f30ad98ed5, 3919 
363564 924dd75f-131a-4b0d-b271-87e8e9c96e05, 3919 
215064 18c42696-f689-4418-a12c-bf3a399a9746, 8505 
362538 1fa47d50-440e-451e-8401-44f48e29c97c, 8505 
219801 fa2dd743-28bf-4a77-a7de-33d9e7780892, 8505 
338868 ad0c41ce-e040-4b5e-aa58-1e701cddcde5, 8505 
362455 af01198d-c3fd-484d-9db5-5acf2fc9d5c9, 8505 
292336 b289b04b-2183-4971-8e7e-0416a9f4a5d8, 8505 
161594 78fd4ea6-9b6f-4567-a693-b691402bd334, 3919 
355040 843bb975-5d79-4a92-8200-0d994cdb98d9, 3919 
352154 b5080268-a352-4574-a56e-a80251301baf, 3919 
58431 d4ae3bf6-0bd3-4099-b5ca-dffa32d742b4, 3919 
352394 0c85be77-6d1d-4a2c-b299-ab738a930152, 3919 
194613 3f9fa70d-5c8d-4cc2-99e5-87a658947176, 8505 
225718 2f0a900d-81ec-4e03-a5ea-5e08d35b7dd1, 8505 
110410 d6f6ad1c-0906-4e1f-8152-0c165bb97250, 8505 
329045 dbaaa5ca-a411-46f0-83c0-e65990ba8f99, 8505 
390682 ba229f80-ac53-4b8c-a1fb-09c8e32690d4, 3919 
125797 9e036cf8-0f90-4d60-94bd-8af52b72b7e9, 3919 
118227 f36398a4-8d48-4222-8c03-a38dd7ca7fbb, 3919 
94939 8aec1968-0773-4054-ad65-3e20a5261167, 3919 
33331 61561e7c-0ec3-4664-8f9d-28e7d885aeab, 3919 
391736 ddc32b0d-9e64-429d-bb8e-7ca9009e2ae4, 3919 
199685 a4625ab0-6ec3-4ae9-917c-020b808c2152, 3919 
174587 937b3c08-67f3-4d8d-a217-73a90a55897f, 3919 
275593 b2aa6503-e376-4944-a30c-84b1f64849b6, 3919 
349034 030e7150-1b49-4ea2-8607-453fc132e4a9, 3919 
217113 adb1e1e3-ce54-4791-bc57-37756f8858d2, 3919 
173818 c093369f-a6f5-4993-879b-ac156ead9826, 8505 
173661 b5254b84-54f5-40ae-8966-a4f219c3312c, 8505 
15603 d61643eb-5cef-491c-a63b-0c2798cd6a8e, 8505 
83488 2faa0c35-fe03-4e37-be2f-ee8d65b7b198, 3919 
130483 c4227f0b-8b2d-471c-aef1-b389df5a91c1, 8505 
308945 b45f7cca-fe8a-48bc-bff0-d876a0463e19, 3919 
333885 cbc5aa95-8022-41c9-bbee-6b56d00d6a7d, 3919 
275195 64c3e829-3148-4063-85e7-60ae29d97946, 3919 
330492 90893445-83a9-49e1-b5d2-665665ef4133, 3919 
279501 f986e9dc-4137-40f5-94be-0eb86b768179, 3919 
335365 575ae6ab-3243-4065-b75b-a36cacaa89d7, 8505 
110003 d2a1a3cd-8e93-4460-a8f1-84310c391752, 3919 
402663 159ec265-a14d-4b73-aed6-c9aabdca482f, 3919 
78325 ef842b0d-9863-4fa1-9a1f-bcab7fb29b2b, 8505 
83600 f7ce5c61-6177-4f33-95d4-36b95e3f3baa, 3919 
257118 ba1e7187-4f13-47be-87fb-95b6e937c112, 8505 
167603 d0678778-bca6-410b-9522-8437b642bbf6, 3919 
179486 cd518bd9-8ed2-4bfa-b847-97777d55f7b0, 3919 
303705 a1f7ef78-a946-402a-a08e-7e7633cfa79c, 8505 
396570 991c93ae-c7b8-4e52-93cf-5d9ccc8c6301, 3919 
226018 1252f481-5629-4426-ae7d-55b49741e6e2, 3919 
91298 78b8dc31-17b3-4a38-bcdb-227f87f3bd50, 8505 
249553 bc95a6a8-de92-4f8a-a49c-be788f9944cd, 3919 
8827 9e43e94d-4e36-4626-81c1-155228df0528, 3919 
73578 4e80a01c-b576-4163-afbe-fdd9b8a58a41, 8505 
175207 a551c7ff-899c-4c58-a929-156070b83b7d, 3919 
279236 6790fd3f-4bb0-4175-8057-d17ce616bb2b, 8505 
213745 4f12dd4d-f125-490e-ac74-543bda135fd6, 3919 
349722 37e7654f-43f2-49b8-abfa-b017b2021767, 3919 
393904 deec23a0-7311-4538-bccf-bc53c95bd32e, 3919 
17757 fa835644-e2f1-4dfd-baf0-3797214ab00a, 8505 
294137 957afab6-86d7-4826-add9-4f5754b2780d, 8505 
263420 f76ed1e3-f943-422f-8058-418b22093b3b, 3919 
193328 116198b6-400b-4a48-982a-21b6dd8f17be, 3919 
115592 34f6bdfe-2597-43a1-8d7b-e72579b1cf11, 3919 
253521 df67a317-80c8-40d6-9835-9eb273aa163a, 8505 
133728 75da478f-e0f7-46c8-a51c-0e7960299e3b, 3919 
25975 d8a04c1b-fd89-42a5-bdf3-cd646fcfe215, 3919 
39693 91121e23-43ae-40f7-8485-c2432e9ddcbc, 3919 
350200 4e18bf12-fb63-4fd3-9adb-8d3524fa674b, 8505 
30069 61d3fa1e-d35d-4a39-85eb-0c7d2b97ed0b, 8505 
257687 7932932f-7acb-4135-b50b-538c82082c88, 3919 
340617 0116ca0e-5c3c-46b4-aa79-216f1d8a7fd5, 3919 
132706 ccf1502e-7b03-4b54-9b35-b9625c4cd971, 3919 
236160 e97c35b2-ec9f-4b49-aa85-e1c3a1388a18, 3919 
39342 d9bfa229-a9bb-41eb-98d5-cdb7ba325e43, 8505 
334093 7802bef7-a20a-48c4-9b7f-67f529114d63, 8505 
241959 9355e209-913b-4984-b8b3-a73a3d0937f7, 3919 
396508 0bef8302-33ca-43eb-823e-e42635b8bfca, 3919 
376679 f95c80f2-ac11-45c1-a518-92881002aa1c, 8505 
275595 db527f5d-f84f-431e-b3fc-5ac8ecc6887d, 8505 
307341 d80a3071-a648-477a-a4bd-703c9673f5ba, 3919 
161707 cff35846-fac9-4f1d-bd4c-29d2c759ff8f, 3919 
348932 986e0b76-e5a1-4823-8dae-c65ce590ae41, 8505 
238865 18ed7a93-45e1-4412-b308-b8b0289d0ebe, 8505 
344019 0713ab17-c3d3-4566-9ea6-090f3f075fbe, 3919 
104572 332cb47c-c0cc-4d14-8698-c88ff38be449, 3919 
93704 eb33ad76-dd3e-48e1-9dc4-5cbabd16c75d, 8505 
55518 f4f17fc5-688d-4379-9b53-163c6168d765, 8505 
340831 91a2fe74-2670-467e-ac70-22b939584ff3, 8505 
269997 29759b2d-0760-4ca7-ac34-995513d22563, 3919 
60689 3b2f120c-00d8-40b4-8504-b759c945df4c, 3919 
340933 35f8c6fa-d727-456a-bdce-a5109e0ce5bc, 8505 
139015 4bc6342f-21f1-4155-b881-f53eb1d3b995, 3919 
194738 650d7f04-33e4-4493-ae6b-1b1cfca8eeb5, 3919 
78406 27e2a255-5712-492f-9f60-9212ed9bd901, 8505 
240875 69cf8bf2-11d8-40bf-a2b8-755ddbbcf7cf, 3919 
271087 b7d47d7a-0933-4ff0-a40a-013a056bde88, 3919 
168261 fb398994-77a1-4e77-932f-d3636c1956ef, 3919 
21686 b7c5575f-09da-4660-a5d9-8c69b0003310, 3919 
362111 6322e0cd-c029-401e-96cd-0c0923ae5291, 3919 
282767 6df9d7c2-03c6-40f3-9902-a4136514ead7, 8505 
338913 ef654ec2-8cd1-4c7c-92cd-924418c63b50, 8505 
282965 3d1286e0-a35f-4074-b732-924e285b69ba, 8505 
47034 f34bf84d-3f28-443e-aea6-9a4bb65a6274, 8505 
122431 e32f7ca1-7b4e-4c80-8cb0-34fb59291168, 8505 
311882 44e98201-5be8-4045-9f50-18d0085ea6fd, 3919 
243772 7b0055c1-131e-4d86-b848-d83fbd1ae08e, 8505 
176194 3928bb73-4074-4b21-9387-4ae76e2b5c5f, 8505 
125817 80e0a66c-31f4-4f48-b687-02c3c67f471f, 3919 
115866 eda38f51-eb8d-4e72-8e70-1c37549b12d5, 3919 
122567 625acfc8-aa53-41db-beeb-069e75b52b07, 8505 
108958 4e644705-0740-4aeb-9893-4dea91446e11, 8505 
90295 032e981c-c930-4994-946a-23e5c24e4e96, 8505 
49809 8d6ab0a7-216f-4360-8a6e-0ca0200474ad, 8505 
179088 07933a7a-e16a-4d4e-911e-56ee133d12b0, 8505 
23290 c1c63584-3a27-41c6-858c-2a475e2c020e, 3919 
231720 9efb64be-941a-487a-aa11-716dbc0055c4, 3919 
95388 62fb069a-ee1a-4a66-a40b-8ccca0e50310, 8505 
285866 46845a8b-9031-4f79-9813-a07dab7473e8, 8505 
300904 b5553206-a221-4bf2-9342-94423243f46e, 8505 
126357 e51f6f5b-c743-401a-84d4-b9e450e91c15, 3919 
60496 afe3d3cf-57d1-447a-af18-5414a9b05e58, 8505 
348454 d6911273-09ed-4478-b4a5-a08713b67674, 8505 
177586 db7914f1-d3bd-454a-ac77-cc73123bc590, 3919 
185985 2c42ac28-05aa-4f7d-81d6-474a97ea41e1, 3919 
322475 fa9383b1-cb62-44c4-bd4a-82924527a1c9, 3919 
137672 2ccf2c1e-734a-46de-940b-0d411575781a, 3919 
388793 c774bf22-0616-41f5-91ab-9f670ca56159, 3919 
241440 225a0a2c-6b96-47aa-b77f-940111666a8a, 8505 
274301 4e00fc9e-46c6-40eb-a9ca-90c30d31aa23, 3919 
154608 e41dd3a4-69df-48c0-9811-0c44a11c0533, 3919 
274640 45071d96-2418-491d-bcf7-3157ed817f8e, 8505 
122751 b439087b-150c-440d-b7bb-96655e67aa15, 3919 
81324 95bdcb00-123a-4dba-95bf-7334cfd616c4, 8505 
90187 593414d4-d91c-4a4d-947f-4efa71b1eda8, 3919 
132489 0310124d-e6b1-4957-9eb3-450288d5c2e6, 3919 
204842 bc8c93de-774b-486c-be61-5009821a08af, 8505 
224062 5f8d2140-000b-43b3-b10d-06cd4052c27a, 8505 
7523 9c6fc5c6-8a7f-4d2f-8b40-12a9361e3a4e, 8505 
215040 9755018d-5360-49ab-a00b-0639d5011ad4, 8505 
149795 2699df96-db67-49a6-bbbb-d0f7453856ca, 3919 
238094 b40cd455-218f-4997-9a2d-29c17615bcdd, 3919 
292443 11534adc-1287-4eef-bef6-009e0be2c227, 3919 
93525 0ed4f5f0-a8a8-41a8-a6ec-c7f0b8ca9c74, 8505 
388160 060a5253-63be-4d22-b724-8db6a8c45fb4, 8505 
182901 800ce4a6-95ad-4c63-b140-75694d74eb40, 3919 
367092 8668dc21-e755-4ba2-bd54-186462b06958, 8505 
126595 25278808-0885-4411-9220-174acf321a41, 3919 
197920 967e86e1-67f1-4bce-b450-bc6d820c5f67, 3919 
193034 84922fa9-b586-4296-b264-eaf86c832dd9, 3919 
81818 99dd820a-c9e7-4511-9264-bb6c1d5418ff, 3919 
250838 5d5d2a5e-5640-493a-8f26-86d94e208c7d, 3919 
53398 254aa712-b25e-49d2-b1a9-05f493d06cbc, 8505 
208271 719ca78b-1c61-4eb6-853b-df6ee6923b58, 3919 
281403 bdad5716-c1b1-4132-b64a-54173fcaeead, 3919 
296643 67613f6b-dd44-4700-acb5-8876fe1a4f64, 8505 
24204 b0f5ced4-c3b1-4f22-a034-121449f01f38, 8505 
40044 18d62b01-dad9-4008-92f5-a12fd35a5077, 3919 
253508 b2b8aa5f-cb5f-43dc-a865-c48e9452a065, 3919 
296390 4e87ef53-42fa-49dd-85fe-e5635a898275, 8505 
885 916f55eb-f681-4c49-962f-693a4eebd370, 8505 
47919 166ebf67-227a-43c6-8910-a93a30787e22, 3919 
207934 da21fb54-8d13-4f0a-a52f-00f0ff7dd1c6, 8505 
220783 dd9339c5-03a4-4b53-8223-a2ca74aff78b, 3919 
333547 5ff272e2-161a-44fb-9592-2a0e0ad8f25d, 3919 
369225 57d76599-d12f-497f-8bf8-577675a02489, 3919 
366991 5ec725a1-a20e-45b8-a683-6c2e277025e1, 8505 
295996 320195b0-9fad-4430-b518-7515949a137a, 8505 
308662 4faf5da0-b829-468b-9a1a-b283da33aadc, 3919 
8879 ceadc69b-5a89-4430-a973-5417abecbea9, 8505 
154947 d3bfd893-2627-43e8-99fa-f6c3334287db, 3919 
6679 5ccd5e5b-e09a-4bd2-b805-2d7a3754df14, 3919 
360074 f0ee4e7a-d1d6-4d61-b57f-402149656bc8, 3919 
169470 d1a01a83-6cc6-436d-95f4-b8b8baf8c7c4, 3919 
93444 dee17a89-797e-450f-a75b-69f34b5a6092, 3919 
101696 881b1403-bd46-455c-ad32-78478ba8abe9, 3919 
186459 8e2b3456-8829-4486-b320-35b96f3e7636, 8505 
177277 07f9d7d4-d384-46d1-80b5-1d9b55888e56, 3919 
309544 8c0a4a2e-86cb-454f-96e1-e4855c2201af, 3919 
33582 6bf09d2e-f4aa-44ac-995e-00de7496175e, 3919 
340404 7d11632b-0962-4b64-aa60-78f888a455d8, 3919 
126707 a81030a6-c57e-41c2-8fb5-0f70050393e6, 3919 
289936 3f7d9dd0-6f1f-48ab-b148-bcfed72b735b, 3919 
361145 40334bd5-3cbd-47fb-829e-9515ff7e5aa4, 3919 
30578 7f257180-3df3-410b-8b53-fa3e567934bd, 8505 
384744 e4d43b27-554b-4f6c-a3c7-7f08d79586e2, 3919 
157754 a3dfca3f-0e1b-4e00-99e6-5ef81eb25850, 3919 
261619 24557324-a861-47e0-b9a2-76b64f0c2371, 3919 
318900 4e8d4254-dca0-437a-b489-d26aa6b2bfcd, 3919 
204264 051791bd-f007-40b6-adfb-e4bdaea00ef9, 3919 
275284 00533f38-8e51-4228-916c-1a565322a15c, 3919 
361981 2389d70f-fbcc-4cc4-be35-9909dd08d0e9, 3919 
201024 a6789e50-aa8c-4041-9ab0-aa463b5834a8, 3919 
227400 7f97a452-70a9-4cd8-8e67-485e81171789, 3919 
352227 6adcaabd-1e15-47b5-9a20-89ea23ea85a7, 8505 
262113 379ab9c1-19f4-42a3-bceb-8abbaca7edb8, 3919 
176915 b6d7f652-2d18-4b39-bbd8-74abce758ccb, 8505 
359249 8e796782-5b2d-4a05-b23a-ccb918212455, 8505 
140469 5f0fbd08-0e66-43cf-b826-e226029736b5, 3919 
24027 eafe178d-387f-4482-ae10-29eeac980a95, 3919 
328264 c060a077-33a9-4713-ac22-fb4882b45641, 8505 
158615 5447c82d-9eb2-412e-8c26-dfcf02ecad52, 8505 
388254 d71a62ca-a2dd-4420-b15f-0681ffee8630, 8505 
166273 6657e4eb-2334-4c26-898b-46972efc29f3, 3919 
364395 3b31b84b-8db2-4ff9-a366-a2d1079c8f62, 8505 
149484 6e07a214-0dae-41bd-8700-eae36ec8298b, 3919 
51824 9a864cb6-bb82-4e21-a3ec-e80f8014d976, 3919 
151299 a37f9d06-bdd9-4f21-94ef-5a9bae4f3be3, 3919 
368741 3ce84d3b-f480-491c-a589-7563fda49ed3, 3919 
125039 5d5c3282-62d1-4346-b1f0-2acaee1c95f1, 3919 
357851 7daf3932-f725-4a8c-973d-eea6efe4f0e8, 8505 
296347 afac8fb5-ff02-4241-bbb8-a78e0fe7b661, 8505 
289173 682be22a-931d-41b0-a359-fc7e3755f77b, 3919 
329247 1cad22b2-310b-49b8-8c49-6554035c020c, 8505 
320697 92ad06ce-2635-441b-90b6-812160499344, 3919 
374078 a312438f-ab86-454d-96ab-4a28e4e2cede, 3919 
361309 11002676-5481-4180-9f68-368ec5f4b4c1, 3919 
191555 a1be1c0c-2a6b-4aea-8a73-6d172c820f57, 3919 
339955 e9853ea0-f02c-41d3-942b-fd4f5b65c0fd, 3919 
388278 b0819c8d-33a9-4e13-bbb2-25fee0f428f8, 3919 
52198 17b433ba-942a-4b19-a9d4-86a713c42911, 8505 
70807 2bfefc63-b4d4-4635-9c14-e1467ed721bd, 8505 
126339 7cd45bbe-75cc-4fa2-8e15-77b4cd5f9a52, 8505 
12785 bcc1c475-2d0c-4b17-baac-0eafaf9ace6a, 3919 
222157 86859fdb-bfb1-4ca7-903e-b2e7c41ab2b8, 3919 
63587 af380ccf-1a10-4b22-a8a2-344aeb192862, 8505 
10159 c521bd72-331e-44ba-a56c-299d68746602, 3919 
263484 aabb62e1-20ec-4014-b34d-2d764bc75d9b, 3919 
72857 9c1ec76e-f681-4df0-8259-c33bf3418ab2, 3919 
216395 bed4cf02-43cc-4e43-8d4a-561f2a6e9ea8, 3919 
396106 05a5c4ce-33d9-4cb9-87ce-19da5ab49d2d, 3919 
271906 1247bfe7-b74b-456e-8e10-962e0ae0166f, 3919 
109838 1377358f-dbe0-4fb9-9542-61298b55e5c7, 3919 
67251 a859adfc-b698-4af0-9a73-ef73368e2dbf, 3919 
267362 7447fd53-8457-4293-bca6-52955a4ca96e, 8505 
276952 6949186e-fe7d-420d-bb1b-c681ed30d0a9, 3919 
75157 d33f071d-023a-4f29-9405-f029d2d87764, 3919 
232341 0074ed5a-a9bc-4df4-93f6-d76e904eea60, 3919 
144318 7c6e6e9f-8155-47a4-8200-442ce354081f, 3919 
265904 19fc201b-2384-49c9-9cbe-98c4fefe3448, 8505 
246133 5d62983b-a3e2-43f6-8754-a3ea7028ef16, 8505 
187560 9156eb71-d8f5-460b-8c41-015b5768cffb, 3919 
371939 04a6eeea-ff8b-4a4c-82f3-9891aa37b233, 3919 
7976 02d2fa14-5d85-4e57-baf3-a2561057b88d, 3919 
324915 3ac60f74-54f6-4062-b320-b9b0e1ff0ad2, 3919 
99276 88ea87e4-07b8-4835-a695-0fc1bfee36c1, 8505 
248284 2375088e-bc37-43f9-a148-490e6966321b, 3919 
353824 a2547bcd-630d-4937-8890-31eaef8abf23, 8505 
25953 491f101d-9969-4e1e-8c6c-a89eb5a1f1fc, 8505 
298357 c5af9fe8-ee9e-4f49-9bab-7413f37f7cd9, 3919 
142769 3d166cdc-c082-4706-8827-61732b4579a7, 3919 
327752 25b9c789-e2e5-4a79-b797-b50dd7b2fbc5, 3919 
22272 8cc6a76f-3c98-4d0a-a381-f0b526917061, 3919 
34925 e7a59dc8-933d-4ca8-811c-0cc3689bed64, 8505 
293902 604d5540-7197-403f-a468-bd9185281c8a, 3919 
152856 3256b736-2f2b-4cd5-b888-f7c2a3b42ad4, 3919 
337624 b96179ad-c65a-46e5-9873-38df68ed1a90, 3919 
151996 8cacb7a2-772e-4fee-83ce-8b3f14392081, 3919 
179885 d357d920-eecb-439c-a855-f7055fd16967, 8505 
155199 19bbefd5-3806-485e-a047-bbfc3700ba08, 3919 
296080 7c9dc9eb-54e3-4b20-8593-9df1155f33a5, 3919 
145137 9bd9d23e-db83-4258-9b95-e58b55631936, 8505 
232557 19a561e4-e404-42fb-9732-ba41c08dcb91, 3919 
148890 ec623079-8b5e-4fbf-97c8-7e6258fbc69a, 8505 
249544 bdd0921e-158a-4f70-b5d0-887be3c2b487, 3919 
270234 ee7acb69-3024-47ea-bbbc-6fa7ee9976f4, 3919 
206447 935e8e14-5635-4a41-8534-62b22fdce844, 3919 
179803 1c677cb3-3d7f-4a9d-bc27-9c3996c443aa, 3919 
375646 626b85f1-1aed-4632-9b1f-a6c0ef45e8ab, 8505 
316117 323ed862-3e7a-450b-97fc-626ddc533623, 8505 
363586 00cdc7cd-38f5-4a7b-87e2-46e2cd0961d9, 3919 
35393 fca7f70c-fc6a-4cde-a6da-d12663cbd9f1, 8505 
399915 c436d8d6-4899-4f34-a075-37e53b6d99b0, 8505 
138764 d8355acb-fd57-4e18-8627-2e7725af33f3, 3919 
272397 2322ce25-8d21-401a-bc59-bf38c0437c3b, 3919 
204862 f8c5bab5-cd05-4f3b-b269-af0cf29cfb44, 8505 
263423 a02e7df6-909e-425a-b817-f193a5e148de, 3919 
289933 63ac5e23-130f-4eb4-b834-9749575dc3f6, 3919 
155836 4c97c590-7a6e-458a-b3d4-dbc2d002b328, 8505 
197411 694a17a9-92d3-4870-a5d8-ecd577070e13, 3919 
280071 b965ff42-1334-4884-bb60-97f7bf553cf5, 8505 
313366 ee482358-2fa0-44dd-892b-a8e24f0bf2a4, 3919 
2608 22fca826-5bcd-4275-b844-c340a9eb4471, 3919 
45595 1037e970-26f2-4b1c-9879-49a7f336d232, 8505 
104883 e9f196fc-b246-42f2-958b-c8bbe850cf95, 3919 
60746 55ab24d3-2582-4156-9b4f-58f1f50b6e4e, 8505 
236519 404428e7-0814-450f-9efe-9b12b7fadb3c, 3919 
71933 ff324d6d-2d9a-48f4-bc1e-e36530e78526, 3919 
76605 e429176c-d89c-43e8-86cd-8c73397c2f32, 3919 
396731 7c50b533-e18c-4e6b-bc13-e4db2db4b111, 3919 
401735 afbc5d70-c65c-40bf-8022-23295e1915cb, 8505 
42229 c3e7fd8f-9b2f-4702-bebb-dd725263752a, 3919 
249274 dc52de37-7ca1-4621-b570-f0fe9cad3ca0, 8505 
345788 7ee9b2f1-b869-4fee-b103-1793d33d4adb, 3919 
91530 554e3b04-3d12-418d-8942-4816f0359806, 3919 
209115 4a30ebfb-7d7a-4ada-b932-f9fb0fe94961, 3919 
213531 f1038f33-ce3e-46f2-b573-373c37883a26, 3919 
250486 4340de80-de5c-4725-9c80-cff0e4fada74, 8505 
137188 fc52afd1-c305-4777-bef0-f8d07c28de60, 8505 
225997 7a280477-3ecc-4077-8d19-b39c31c54b28, 3919 
393219 ce96d14e-05f7-48cd-95bc-4bb24f5ee46f, 8505 
179452 60c1ec64-4ccd-4201-9b1f-5c06638ca3ed, 3919 
284470 e33877ec-02ba-41be-b2e9-a5d780f024b8, 3919 
168634 a0f9d36a-8352-488b-9c65-f7b5c1bb9bbe, 8505 
336049 322d4fcf-eefd-443b-81ea-d93b5e17deda, 3919 
366136 54ec55a5-1d5e-48dc-afc7-00347a3bb3dd, 3919 
150563 aa054268-23bc-46bf-b157-50c8895288c9, 8505 
103812 1440dbf6-dc60-4f16-97cc-91edfeb0ff69, 3919 
221287 8b10ee24-c705-4f08-8d8a-d7f885f60674, 3919 
371577 4b455eb0-64ad-4955-8561-2e676bef9e8a, 8505 
259409 4bb79bd9-b66b-4d86-a443-375121cdd525, 3919 
233958 d4e4a9e4-fa9a-4e65-9da6-7a342e3d747e, 8505 
376697 41c7f119-4cf2-48bd-9522-bc3c2b30f4e1, 8505 
253319 582a1282-2714-4c9b-9416-a862b73daba1, 3919 
369031 ed1f5ae0-a659-4e9b-b394-32b7c3e0ccf9, 3919 
117743 0de53506-cc39-491f-b8fd-32ac13c127cd, 8505 
394452 ce9cf6af-531d-4d1b-b32b-2433df2c00e8, 3919 
94401 63808bf4-8e6d-4030-a2d7-0c72678911b1, 3919 
33965 165e1b5f-cf76-4d5f-a3f5-5b3beb9b2157, 3919 
339773 cd21612c-092e-485f-a26b-67dee75b4647, 8505 
86026 dd3e470d-7fb5-442b-8d2f-bd419fb903b0, 3919 
88933 7668f160-8f10-4cda-b422-f4a3cb212909, 3919 
225267 b84a8008-45f5-448b-a90f-7462d9c8ae12, 3919 
372202 54249564-b777-48e5-9ba2-79f359f74bff, 8505 
297866 0f53ec53-f2e7-43dc-8ccc-88229047e36e, 8505 
395023 c7f9ebb1-a78c-4c75-83b9-20cf11ed1209, 3919 
66584 1446a241-d55a-4f86-87cc-629f17fe4757, 3919 
244987 1905d012-7d01-4c20-aeb3-d0472cef842c, 3919 
243792 775cbc68-f25f-4a58-ba15-b1db268a6994, 3919 
256141 76edae0c-0daf-484e-b2f9-465d4d98edb8, 8505 
92219 52ba1a3f-2de7-4cfd-a2f3-8549ccbecd92, 3919 
163117 2f6a87d4-4735-4001-a1e2-2d88f2b9cb71, 3919 
289429 3927d6b8-c5ce-40c4-9bdf-b512947ab8fa, 3919 
132205 e83a508d-6457-4a45-85df-d60fc9e52a29, 3919 
212652 2fccadac-78df-43fa-96e3-82f7fa1d1a98, 8505 
80607 bde6d66c-71eb-4853-9dab-c80b9612e957, 3919 
392103 88cb7bca-60d6-49f7-b784-afb7ca9c51ce, 3919 
223565 9100985e-86d8-4560-ba59-e20d5da9d2e8, 3919 
290113 1e52db85-fbbf-4e58-a318-d9ed8cf6ca83, 8505 
226094 72cb81ea-bbcf-430d-a517-9c7f24f7e1e7, 8505 
275301 e1207a04-75e3-4f20-a510-fb8fadbb6ca0, 3919 
306662 16e69ee0-4181-44cb-bf8f-6d882d126d56, 3919 
159312 3550d516-ff67-44bd-a6ee-f0589676805a, 8505 
111870 d4c7ea7d-addb-43a5-9f37-5349ec462741, 3919 
88277 068ea56c-ff13-47f4-bbb3-f28b96e7c118, 8505 
10720 0fd98c2a-921c-4d45-ab6d-3b3367245a54, 8505 
322304 536adfb3-0e66-4da7-a2ea-25204fc7f6c5, 3919 
379356 d1ee97c7-51f8-444e-9341-1971892e34f2, 8505 
284564 b624f227-3aae-461d-a0ac-3f41e5fd568a, 8505 
9928 592fd330-03c8-4026-800a-03889e0e82f0, 3919 
280540 ace4e6b0-756a-4712-addb-8e85b7351302, 3919 
379937 e09bbaf1-63fc-44bd-80de-2b0c2795401e, 8505 
348902 14dd0b41-bcc0-41e9-99e2-b7a7b4633b38, 8505 
310826 9c4bbf9e-f608-4520-beed-2d8826bf768a, 3919 
193968 d9cfbe5c-2c85-4bc2-9837-32f175b52a57, 8505 
205343 a7c5ef54-7d67-49aa-9dab-d5e22c11ec2e, 8505 
90285 522ff0bb-59f6-481a-a4c4-fd632faa0491, 3919 
251830 2e6be890-4390-4148-8106-5ad4157d5cff, 3919 
213666 a655b52e-a93f-4ffb-bf8b-b3397445b51c, 3919 
124452 a79b4187-dc59-4263-bf38-38d10ddb324e, 3919 
159279 ca04f4c9-8cac-4281-98e7-ea96834235bc, 3919 
277293 87ed9a69-23b4-4081-856d-aea38e3f538f, 3919 
336421 6ce1f02b-4785-48ac-a90c-787181c11b62, 3919 
393956 bb0278d3-7306-427e-a1e5-7390b2972f7c, 3919 
258049 5fe79f60-a10a-4085-b65d-bef4a29c76b4, 3919 
293102 0f728334-aa05-43ae-b9d3-a8efdfc64be6, 3919 
385726 63a20bef-bb4a-4217-aefc-ba3573498fd2, 3919 
53597 2400b38e-c1a4-46d9-8375-7d42a475ce05, 8505 
263364 8e207a89-111a-462b-acca-87e967ad87f6, 8505 
41172 cf6249c3-298c-42de-8fdf-7eda9c8909ff, 8505 
367102 f75717d8-a8d0-4a47-8fe9-68c3f9d724b3, 3919 
143590 1b6629a7-ae38-445b-8bec-348fc48520af, 3919 
168994 0f5c7c91-d668-4b9e-bac2-05ca675593f9, 3919 
45537 a70a02e4-dd0c-4c96-8535-7ef9e2e29b7b, 3919 
42712 cbad68c4-256d-44ca-a23f-7eeaec100e57, 8505 
327756 bd8f5d1c-a02b-4c4e-85d1-75b413dfce7c, 3919 
359196 7a8aa065-021d-4838-8a91-50e9efa1d02b, 3919 
128551 945456f4-06fb-4a78-a35f-9b8cba35422c, 8505 
143158 50e8ac2e-b33e-4a43-9fbc-d9b227ce2a20, 3919 
51762 e186c3fe-c3b0-4400-aa90-52566b9bd4e5, 8505 
356863 94629c50-ab61-41cd-b607-a979283e6dd9, 3919 
144828 6dd4e174-f209-4fdb-a6d7-b6c6bdd28181, 3919 
71967 977634cb-2602-411e-bac5-2400f3c36ab1, 3919 
177118 6bb55069-44ef-42a0-9725-d4ac7d0c7361, 8505 
273250 9767f47c-0053-4f53-ad80-fec7e354eb95, 8505 
70028 c0d984ff-a280-42b4-8d14-bfa4ea5273f0, 8505 
207828 ddb479d2-90de-4578-91ca-8e66713ded90, 3919 
399599 4d50bab8-da9f-4db5-a7cf-54151a54ef3a, 3919 
209548 8635e48c-08f1-4f78-b19e-aacd17fc03f3, 3919 
97662 448214d1-47bd-49f2-9ec8-a7cf9528fd37, 8505 
68393 8e3f3143-a513-4f8c-84ac-432b7d18311e, 3919 
356881 ed47a97a-5137-42f8-b18b-c8f220d722d7, 3919 
287215 30700cba-8f6d-4b10-a5a7-a007e2c3c205, 3919 
113727 1b68cbd3-ff61-495d-ae15-e7504740574a, 3919 
164092 9eb1bbd2-cc67-4552-bc77-3824fbe5ae3a, 3919 
356885 e988567d-e253-499d-aa06-a6b3451eecb0, 8505 
316525 185aa6a1-55b6-412d-86d7-6729a44451d8, 3919 
352289 817c7569-a054-42a4-89f5-d259e5284079, 3919 
264834 5f7a6ed7-f6e2-488b-a795-2f44d6c73d62, 3919 
17322 7aae94d7-eb39-47a4-9099-b5a460d639ac, 3919 
269069 3983a8ce-bc20-4527-934e-61ed707afc87, 3919 
374893 3b9c8f45-7bc9-4a47-9de6-85d575600434, 3919 
249641 cf263d84-e210-445d-8c83-522d979c42d1, 3919 
402601 2473cb5a-0d87-46f2-ab50-f86da28ed52e, 3919 
350466 e3eb1f2c-3794-48d6-a5bd-494188ac102f, 3919 
79426 e787f48d-a4ba-4c10-86ef-d4fce6642fa2, 3919 
340458 b41c98ee-fdbe-4ff6-9588-43a1fb67e206, 8505 
284098 661e76be-fbbe-42ef-84df-31d9c0849f73, 8505 
59258 61e371a9-d391-42b6-893d-7221d6f77b7a, 8505 
384951 a695d30e-e63f-4ad3-b3b2-5d2056cf8053, 8505 
358946 461adb3a-b29c-4000-a27f-12b9635ba75b, 8505 
149843 5ae9f63e-1da2-4b02-9782-1cace5e6b2b0, 8505 
82632 87c0e8d1-ffb4-44f9-8fdb-965ce7b52e79, 8505 
308465 0fdc5c4c-0601-4429-8d9b-bd810b6439f9, 3919 
230494 eba02c46-fb31-4fe6-98b5-c026cb20ee84, 3919 
309789 b745b72a-a205-4cac-b6f4-d3411a4ceb0c, 8505 
39366 faac369a-9215-42b6-9328-0f3af2a33333, 3919 
71090 842d325a-b418-4c3b-b4e3-639d2f571ba1, 3919 
153780 9d0dce3d-3ce6-4fcd-a3be-e03a87d46bcd, 8505 
346977 297f29b9-b5ba-409b-b8b8-d28660df3a13, 8505 
126362 38be20e7-d7db-4f18-8da4-a3f4354e247e, 8505 
384304 a3c762bc-8c03-4bb3-8a2e-818ec9f3b4c0, 3919 
140231 9736d055-6a62-47a4-868b-059a57878e51, 8505 
221323 a33ab14d-7591-4a32-9cab-9887fc955511, 3919 
92507 798e550c-5ca3-4bdd-b0ff-4098104bc2f0, 3919 
274488 4c2a9f81-a0c6-4c68-89bf-98607599b58e, 8505 
342952 d6521eb3-be2e-4264-95b1-7f3f6258425e, 8505 
221418 6d550dc7-e4eb-4970-9efe-61c74d894cf2, 8505 
368891 74b1b5f0-c185-439c-8142-e99f6eb85a40, 8505 
3174 0b58da42-5a25-49d1-ae66-70e28f3d3771, 3919 
100300 0a3b0d90-1cf4-4f71-8bb7-01fc3e5b79c5, 3919 
114576 d0058813-857f-4ae3-8cf9-a0929df0062d, 3919 
108183 88668a60-af41-421c-a498-06f24a9bcef3, 8505 
294819 5cd851bf-8725-470f-b3dd-2d98266dc4fd, 8505 
148764 dbb535b4-1335-485f-a844-f11ae79d30e8, 3919 
196535 ece1c19c-ca03-4517-b940-7ac16ce6771d, 3919 
210402 b524490d-ef36-4509-a58f-51f8b7c8c491, 8505 
139848 8b373e3f-7c68-480c-93c7-a126fc8c78cd, 3919 
352647 0b20c593-7365-4b1b-ab6d-15e407cbb0f3, 3919 
374861 af2ef307-4164-4789-bfa7-a93a94522cb1, 3919 
315311 0f997532-2136-4a78-b52b-45d1dde5b05e, 3919 
243289 385deae2-5af2-4481-a2e2-02e835e8a842, 3919 
355879 99a03b1d-ab83-4195-9c39-5d51167620ac, 3919 
339993 5d699166-67bb-4a6b-a548-032981e0ba72, 8505 
390618 857c76f1-8030-4086-996b-733cd66d74de, 8505 
246223 7f558b1a-2d02-4d2f-9900-a51b14d430d6, 8505 
359305 a13764a1-ca4a-4850-ab21-af8b1db45ae5, 3919 
63982 1d7a9ace-3175-42f5-ad0d-1d05e086396a, 8505 
299182 b08dee80-1f91-41fa-97d6-5347f7b3bb01, 3919 
313528 9d4fb3cc-aefa-415c-afab-dea0b80d6014, 8505 
162488 36074f81-90b6-4831-be91-d95c05754aee, 3919 
301271 95149e97-45ea-49a5-99d9-5f24a8c93033, 3919 
284419 f82b0dd5-b995-44e6-94f0-94f5a5e933bf, 3919 
18640 eb6c18fd-59dd-44c1-906e-e7c9d85ce562, 3919 
224916 458764c9-4c33-43f4-a002-3707745046eb, 8505 
305925 d3241eda-98cc-4f0a-843b-9d3c846ba680, 8505 
184226 9cd2577d-5c15-4ff6-b089-f9cc0f75bc75, 3919 
58966 0eef1f65-2dbe-4386-90ce-52d0767e6088, 3919 
354299 3eaba12a-ff9e-40f2-93d0-790719d4393b, 8505 
44592 db6dbbb0-40ed-4e5c-92a8-62ea74e302d1, 8505 
195471 8c4182a6-60db-43ec-8348-836b14a4ab8e, 8505 
353913 5f008ff3-9af6-48c1-84ae-c0fbfe9a717d, 3919 
143242 ea34175e-af05-4501-a79c-9be002e889eb, 8505 
90802 74efefba-9598-4132-9417-df099023b76c, 3919 
7597 d3b69e51-29db-43ff-bc83-604206e702eb, 3919 
301460 68b83749-a37d-4b5d-9a11-ad893291a682, 3919 
223113 1bddfb2e-05be-4b0d-9cb2-81d42a7aca30, 3919 
360620 8aa37898-3550-4845-bf15-1172ef1e3ffb, 3919 
331036 045823ec-1d5c-4429-b901-1f51a7fa36c1, 8505 
229071 688dfeb4-1927-4583-bcb6-8f271dd7fab7, 8505 
137015 dc8cb305-440e-49ac-baba-8218efe7fed7, 8505 
300650 5eba303f-7eda-4739-bd70-8bafd8df555e, 8505 
184526 a1eef434-210f-48d5-b0af-42758c71bdf4, 3919 
196187 2aa00cc5-c525-4720-bf6b-30289438c8c6, 8505 
81513 42ec9ebe-1d2e-42d0-9315-c5b1b63fb680, 3919 
116443 6c2c58e4-9478-487c-9cc5-9d00102a6288, 3919 
351282 828e8e4f-74c0-4bf1-a9c3-e47acef7bfcc, 3919 
202543 a6992281-696f-49f7-b03c-f9da4890b933, 3919 
172250 da47914e-fd9b-43b8-9dff-d0a08f87b818, 3919 
162034 37f3858a-c8ee-48f7-ac8b-38071434d167, 8505 
239613 d19d49ea-9275-4aa0-8a79-70145a591ae5, 8505 
396691 fc245419-353a-4925-8abe-20c0c9203bba, 3919 
299849 76e09007-59db-444e-a241-60cfd80ae633, 8505 
3986 7e88e5b3-c991-4a3c-b49b-fbaf28a423d0, 3919 
180047 00df4d17-ffaa-4869-b54e-c86b5a3ddbba, 3919 
324481 da133b0d-9de8-49f4-b6f6-83f94e1c865d, 3919 
303360 6f202a58-a66d-4853-93c1-6b363111ca7c, 8505 
342743 def0e697-887c-49c0-b57e-4573be1250f1, 3919 
28027 3177b59a-e2eb-4976-9c12-b20beb23a4d5, 3919 
201520 e7048a33-9663-43c0-ba8d-69d444ce736d, 3919 
298317 dd082126-efd5-425d-b20f-b11a30de6dc3, 3919 
203186 04bb99f9-5501-4f21-99e5-24320c67c229, 3919 
14297 f956e07a-d67e-4fb3-850f-394c14756f97, 3919 
91145 855a2bb1-e2f5-4497-ab92-4e8b50766091, 3919 
214516 660ad161-6260-4ff3-a342-8be810820065, 8505 
372735 90f2aaf0-95e7-44e5-a9d2-76d917e75228, 8505 
373170 3f728e94-17b8-40c0-8fe6-b2a2207dab27, 8505 
349558 e0b07482-cef0-4957-9cf9-65e1537ecf7c, 3919 
119718 f89ca12f-82eb-4db8-ba25-c95284a89c1d, 3919 
146012 ac8879e4-a2b5-428a-b914-7ea048225c7a, 3919 
317650 1f48791a-037d-43ba-b8b1-4e6962699a14, 3919 
137347 0e46a060-a078-4ad3-80d5-c8361b4b60eb, 3919 
155214 78e241c8-59b0-45d6-b456-076e1a58e6cb, 8505 
216876 a3b6c643-846e-4d6e-962a-b46c259b8ea9, 3919 
269655 0ecb23f1-c2e9-4e40-8b32-74bb731993da, 3919 
175490 72875ca7-737b-4ac6-8c20-37c4d95cb303, 3919 
187418 e5aa1805-d6c8-4dfd-9db3-fb57ec280f98, 3919 
96131 83fd3f51-af83-4721-a241-831684e49761, 3919 
59404 151e0cab-051c-404c-a2d5-dc05d20c4215, 3919 
159847 e4c29d53-01ed-44e3-ac77-c3e3433153ea, 3919 
344498 86129045-be6d-4dc0-bf35-e449c2848468, 8505 
18776 0ba6bfb8-d44b-4bd0-9e24-d192dce67ae1, 3919 
215143 b8d016f8-065a-44d1-a53d-acc9bd74ff8a, 8505 
318923 6d4437d2-ee0a-4f9d-a620-fb27b6011d37, 8505 
335806 296244f6-8d20-43da-b5b0-28cfbb92fc12, 3919 
150920 287dabd5-ba3c-4546-bbfc-2bad83f214f2, 3919 
130244 a6ea0bb9-134f-494f-b53e-b85c488aaa2b, 3919 
219204 c7d8b430-4fcb-4c2b-b7d9-645e8ad13e67, 8505 
212686 34aa04e4-2404-4de1-a6f5-063849fe84f4, 3919 
78653 5cbe5006-4488-4ac6-9f5e-ca5de1d5ba3b, 3919 
326984 159849de-77c2-42fb-973a-e984e0aba992, 3919 
292758 52affed1-8e63-450b-878e-fa3cdb25a59c, 3919 
379551 10d8f155-a894-4b19-94d0-39e798c89912, 3919 
108163 5c1a2ec9-071e-442e-865a-9510238d0741, 8505 
217585 888605c0-f54f-4dcb-8d60-23b47d2c6790, 3919 
94014 eb29b11d-924d-4198-b9ae-84222ca554fc, 3919 
64415 cb3b2578-a31a-4844-82fc-576023275e6a, 3919 
152334 881013a2-fd79-4295-ab81-1d11b6694b7d, 3919 
395420 97c84ee1-33c4-4949-9048-2afda5c5514b, 3919 
9967 855cd991-d18a-4f98-90ff-5f46991cb3fb, 8505 
235535 83579f5f-f8e7-4664-9f9a-071c4b5f567a, 8505 
325321 3918315c-5d62-45dc-83a0-5700a830abfc, 3919 
210040 7bc9f838-93c9-45df-99ce-579a2cd841ef, 8505 
2130 5d501e3c-6a98-45b8-b7ff-5ca3b2f3672a, 3919 
260930 452157e9-3148-493d-963f-ef4a7494f45a, 3919 
185008 523be4c3-0d1d-455a-add0-25dc20257aee, 3919 
394092 d73128e7-8fb8-4057-a274-052ad7517352, 3919 
2961 87087fa6-b0b5-40d2-bdef-917b30cd0305, 3919 
34739 21dc2cf6-c046-48d8-ab7f-46279b297b84, 8505 
207058 21677880-3de8-426d-b7d9-65b941d1d952, 8505 
293466 c385547b-79a2-4ff1-8d88-08f2831b75b0, 3919 
381728 41fbd729-5a90-4f6a-837e-b752df00d875, 3919 
213771 f71421a5-400d-4ef9-9709-8c8d47a3f87b, 8505 
174693 ba62f1b1-0d31-4035-bc3e-346b377d0734, 8505 
286961 ff189e3a-447e-41a6-801d-7e295dfed335, 3919 
145451 37a346e2-2320-4dc2-90b6-990f5a58d8da, 8505 
232152 60f16252-eac7-47c6-a661-e14973eaa529, 8505 
157698 42fe9f71-cb2e-4976-9f3d-e00c8a8fa77e, 3919 
255846 243752bf-f6a8-4446-8d64-af293f4c557a, 8505 
139516 10eed05a-913a-4a40-9da5-dadb92dd1955, 8505 
67604 b2a2e9cd-0685-4c3e-8f76-afe3f275c27e, 3919 
375981 4aadfbc7-b530-466e-a336-d100e0bd2716, 3919 
322104 2d3ab683-74c3-425b-ba83-ca30c035cdbb, 8505 
187242 5e2ae539-d264-438b-8d84-45f2ff5f21aa, 8505 
103057 1845defd-e4a2-4e9b-a3aa-fa3bc2cd0c83, 3919 
166382 ea3f2ee7-e132-4812-a2f6-463fb70eff12, 8505 
191985 bfc21a99-9b97-40a6-8fad-07d0e84fa862, 3919 
69322 e9771ed9-dc24-4724-9246-b537d411f783, 8505 
274076 206d78d0-3163-4615-8910-aca496b3f9ef, 8505 
268555 b36dac2f-d0b0-4665-80c2-84135d8a0157, 3919 
153716 4443a9d3-4f49-4b2c-a5de-3de5a2d877dc, 3919 
263315 eda3001c-9079-42e8-adae-23c360c8e481, 8505 
50671 ebaebb4a-c3d7-43ad-a68d-8a60f3c3c981, 8505 
274265 5dc470e4-d22e-464d-bad4-ae32ba3556d4, 3919 
83927 b41b6f7b-f3e9-4c0e-84fd-dab858d6efe0, 3919 
115040 97e23273-61ba-4bf0-855c-e881b54e4aa0, 3919 
173961 1e3a9c8e-3e13-49d2-bf26-e46cfe12f226, 3919 
289567 31dd6035-6d0b-4909-b0f8-89797710e409, 3919 
120201 e04aaa7c-3f2f-48bb-a1fc-b316eac81749, 3919 
158156 85fccf7c-b6eb-4061-836f-2b6939db9a88, 3919 
197986 698f8dec-1c40-4124-9b93-d45dbc1b3d42, 8505 
359010 fa970496-ad02-4e2d-8706-4dc2b97f2ab7, 8505 
22378 252d9ba8-065d-4dc1-a388-d2b1e84bd35b, 3919 
372751 9de29828-1b59-4c16-8f75-bddffa2cbdc8, 8505 
108631 f4b3b2c0-f8d0-4fa0-b9ac-b9191b014735, 3919 
179438 156a7cff-5755-45ae-b57c-2b47acb77470, 8505 
249630 5183ec1d-1bf9-4c54-a200-74329fcdbef7, 3919 
255596 ce3d6023-6ba4-4c72-818b-dbb057c26032, 8505 
53645 792dac2e-aa44-4c35-97c9-c2a2b6a3b758, 3919 
256619 833d2bec-a409-401f-96e1-73ef2f825f63, 3919 
245508 42dc3fe2-e017-4117-a234-5d551d24963f, 3919 
352659 68a341cb-6a65-4094-bfdb-d647f466e758, 8505 
234790 09ff3c66-e297-4214-bb20-db5e609a3e61, 8505 
370624 2a77df60-fccb-4616-a030-61b0425e9059, 3919 
109883 0fac8623-30fc-4958-9c8d-3fcbf89946ea, 3919 
234064 c0df3228-339d-4514-8e8e-8324e7b325c2, 3919 
237247 a932c742-4e15-47c9-bab3-241e439d6c3e, 3919 
100792 54c57735-1e86-4417-830a-df03f70a491b, 3919 
206565 d3aca81c-37da-4fb4-8dff-6bc766986cbe, 3919 
327087 ce67f75c-5759-4443-aeb5-249fa18a34fc, 8505 
339252 d1ca9591-8abe-494b-b837-60341d9162e9, 3919 
73588 f1051e78-de48-4a47-8070-0d93f9a4f1ef, 3919 
378320 704f2b1b-de4b-41c5-88d4-71f4668973ed, 3919 
93622 2c42e103-b100-48c2-889a-e02231503d4e, 3919 
196210 7a3039cb-d3ac-423d-bbb1-72a5bc3ed84c, 8505 
160099 dae3151d-1885-4d0e-b7d9-316770836cbc, 3919 
77640 c9d94ca0-b8e0-4974-a65d-a5ee144ab3e0, 8505 
96281 9d1d6994-9681-4995-817f-6255aba60945, 8505 
79782 992d1a5f-f93e-478c-810c-a61aa7750ce0, 3919 
182965 9f653990-1e2f-4556-88d0-ef17f093f934, 8505 
146596 b9b79074-289e-4e6a-a17a-56b949d8639c, 8505 
75417 82508f40-e453-473f-a449-01586a3bb9f1, 3919 
349861 64d0a860-4b70-477a-9378-7ddeae19fdc1, 8505 
385772 adc24b49-e481-4c62-a1bd-1c576096e8bc, 8505 
127235 df30d634-2742-42fe-aeca-d3b8be77506d, 3919 
94194 2c2d37ff-1b7f-4a92-af48-0d6ef2939e01, 3919 
16953 9b236956-3774-4c7d-98e8-43526d4c0238, 3919 
77475 ccebc01a-2da3-45fb-909c-14df57d9f327, 3919 
150829 d7610bbd-2ebf-4c44-a26a-f036b7048f24, 3919 
3672 b11cdd47-9b0c-4606-bff8-6e311875f531, 3919 
195833 934420f4-19c8-4b28-8c16-6a66e41980ef, 8505 
283863 9e15423d-ed80-44e4-9bac-98076cf358f8, 8505 
296255 8168baf9-7544-4860-8e97-70fa9133bfac, 8505 
203552 c0b58dc6-085b-4b61-9c99-b190cc6aa89f, 3919 
63852 5c25b27c-2169-45b8-968e-4ae0d23c100c, 8505 
277739 f02f8860-5f17-40ea-85e1-bd728ae39d3c, 8505 
403589 f58a7291-4e0e-4584-961a-50fb9ce87627, 3919 
347308 3a050c47-2d10-426a-9ecc-00e4dcdcfa47, 3919 
12582 be678633-5be3-4b75-b9b5-f6bfd8cd7c8e, 3919 
50893 1de63a38-e7de-4664-a6a9-d5a05159eebe, 8505 
170241 c9a24f66-2e6f-4f0b-9de2-421c6e3f578f, 8505 
281631 eccef765-bb50-4a86-bdb3-74914f1e0627, 8505 
346929 cd2737bd-003f-4beb-aa2a-5d87c5c0628d, 3919 
374063 6646bc35-30ee-4fad-916b-7d8fc94a85d0, 3919 
222026 e6a826c9-5c27-4cec-8b2c-7ba855e153af, 8505 
332288 7725065b-071b-448d-8813-3b49e1bd62d6, 3919 
360319 0111b5c0-84b7-4ed5-a697-e8231e208d31, 3919 
52714 e6cc0ae7-a188-4942-b869-b60a118484ce, 3919 
303882 def526c1-51cf-4153-b61f-2e85e5ba07f1, 3919 
57388 4755e00b-5cbc-4707-9e9d-1f26e3024b95, 3919 
371416 a309c970-ded1-480a-b9e8-b017d1ace66b, 3919 
373992 c847ec6b-9d0a-4808-8871-872a5db98891, 3919 
169247 6501d40e-a5ae-45d9-8b9d-bc18c1bf1f22, 8505 
170287 3571fd0e-39b1-4010-b61b-6664a0b0039d, 3919 
30807 4906ca59-cb0e-4fd8-8c26-b80c8cab916f, 3919 
322232 c99b22d5-da9e-4fc7-8dc1-c7bd128c2053, 8505 
256494 d2428b11-37f9-4f0c-bf15-a6eedad25edf, 3919 
1373 82ee072b-e2c7-4c8d-8fe7-e0cef525a789, 3919 
283751 741cec74-c352-4458-bbaf-724627dcd873, 3919 
337368 4a6f3601-0be7-4ba2-a8f4-544057f4522c, 8505 
170210 3fda3cb7-5833-4e7e-975a-294992ace0dd, 3919 
268689 d44a2971-6326-4148-b840-c3836d21f052, 8505 
98972 6672443a-6bb4-4b79-9159-a29c111cdf5c, 8505 
183145 8b994cf4-9628-4079-8086-3db9f265180b, 3919 
69109 26e852e7-3218-4a60-a6f9-ca85d4be7417, 3919 
203117 e66cf613-bf85-44cd-8e0b-b6cedad70529, 3919 
43689 a8493bc3-f556-454b-8fbe-e27c3431e6dd, 8505 
139319 11b0c0a6-fdf4-4dfa-b9a6-e9e878e56d9e, 8505 
251069 2167386c-2aac-4cbf-9f0a-59b365240beb, 8505 
360265 ed9776ce-fe6d-4614-bfb0-46cf4dedb686, 3919 
122737 054d7717-a32e-4678-b459-d3b2ad81a164, 8505 
312161 60828ea3-4e53-4af9-8042-d8d11651ccac, 3919 
229717 22f10878-b25b-46b3-9d62-12944c27568a, 8505 
283282 b34590ff-63ec-4ee2-a5e6-c88243bf3624, 3919 
188314 b128c08d-3aee-44ce-beb6-16f38e57d83f, 3919 
126546 6a840198-511d-453b-aaf4-cb6c6762692b, 3919 
238157 999b729f-90e5-4c85-bb2f-df15aef3b1bb, 8505 
363244 a2076cde-2042-4a03-a46d-815fba6b09b2, 3919 
238598 abee10bb-a96f-413f-9954-b1f5135bbd4d, 3919 
131852 008f91bd-696b-4955-9f9c-c72ba08f05dc, 3919 
229406 7db713d0-556d-40ce-b6d6-cb2ee3c10eaf, 3919 
29503 ec01c887-e0dc-48c6-949c-a37fa75287bf, 3919 
97270 96ffec76-867a-4da1-ae37-4e33fd794178, 3919 
26971 e676342b-110e-41e9-bc19-8930f9b8e916, 8505 
68473 3e575644-4219-43a1-b20e-5d45365cec43, 8505 
267753 607e13f8-b249-43a4-b5cb-590b490bf19f, 3919 
376209 7c47182c-e0a5-4e57-8904-a83687baa008, 3919 
72712 a0d56d2d-a2f3-4813-9fb5-a36b03ea1999, 3919 
301306 41d11023-73f0-44b1-9170-032cca2b5fde, 8505 
389670 c1e3bcd8-25cf-45c9-9f46-075463b41b33, 3919 
164266 596d5d42-aa84-4013-a86f-7de2136562e5, 8505 
143106 5b886225-cd7f-4a0d-a842-f6aff178c9ec, 3919 
219166 6627c305-3aa8-488a-979b-aa7e65f5c3e0, 3919 
310378 50f949b3-bf52-49a4-a657-3d03c9c311f4, 3919 
37099 3acba1a7-6486-4918-b93f-0ee56d7a4451, 3919 
83294 5911a6fe-b212-496d-8492-9415c5df0d83, 3919 
250829 ce4d2308-9eac-49fb-8f95-219fbd948367, 3919 
4103 29e5e185-4582-469c-a63a-b8c080542c83, 8505 
171461 e731c814-8da1-41f5-9424-9e04988441de, 3919 
38895 33b2cbd8-49f0-48b8-96f0-ed94b76196e8, 3919 
158867 190b11c7-3b72-443f-bfed-c48fa35b13b5, 8505 
15583 f329c256-b262-4279-8141-16d779b6acde, 8505 
333091 8ad87e4b-1233-4845-81a9-e9f297a780fc, 8505 
177637 3c84054e-6919-485d-8c06-19e4d6e018fa, 3919 
126373 63d0605d-8471-4a36-af1a-332ea8bc7b83, 8505 
22348 8801c51d-8925-4731-bac5-86d64b898671, 8505 
367795 a38e5ac1-fcb8-49b7-abe1-0fa12ad5c5a2, 3919 
349706 1073f415-bf8d-4064-b72d-9e88199639c4, 3919 
385651 0e6573f0-92b9-425f-94b5-165fd1b2d8a5, 8505 
119120 f2911388-c024-4880-acbd-632824b3e590, 3919 
188956 a9483621-147d-4d01-9da6-960e9c1fea43, 3919 
24038 e10567f9-b87e-4ff7-aa33-0608ab5ac630, 8505 
364557 5e5b70e6-779f-4b28-b16a-a9e6ab83301e, 8505 
378501 99b42f52-a020-4780-834e-bf96883a93d8, 3919 
216026 0b041142-b064-464b-8c9c-9c6d5a2e5e1b, 8505 
89106 5a8112f0-f58a-414b-aa41-2fd3d51f0815, 8505 
242108 687de080-4b76-449c-b835-e51515dcaf44, 8505 
353381 9c7ab9bc-dbeb-4454-ab00-409f2ef8845a, 3919 
202809 fcf5bf9a-3f0c-4db3-aeca-5c654d91265f, 3919 
359656 69c4ecb4-ecd0-41eb-92b3-1b039c055416, 8505 
269599 0464a71c-577a-4fc3-bfa7-ab4159313e66, 8505 
114304 2b64a667-88a4-4b84-81c8-d328b4d98a5a, 8505 
370367 47f9fcc1-2437-4468-940e-7e0d6b4ed584, 8505 
398023 2824f800-0868-499e-a473-91d8507f97ae, 3919 
31814 13bc577c-2da1-489b-a9c0-4eb2aebff6d7, 3919 
63108 8254a6a2-9b85-4458-9ad5-08dd4942998c, 3919 
351874 e598c879-c35e-4eb5-9dc3-aca2ae7166b3, 8505 
195934 6c9f8b67-31d2-48b2-9ad9-d112f3692e4b, 3919 
335115 e87198d8-856d-48af-b76f-2265d8045bba, 3919 
276725 d7d3cbff-11c0-43ef-a634-cda3315b0b97, 3919 
329960 e57b05bd-a59f-4e78-9f6c-04e8558f08af, 3919 
367379 bcd07540-939c-49bc-ae9d-43bf905e174a, 8505 
379384 858cf07e-262a-4865-883c-a5cd69f41f62, 3919 
256852 12090677-a252-418d-8f2e-ef639a3b7efc, 3919 
287254 57dffc78-d675-4010-ae37-ba2232a92b3b, 3919 
267752 bd84ab31-233b-44a2-9298-f60ed598fbb2, 8505 
332259 5ac6f5cc-9f1e-42ae-bc11-4316ace7923c, 8505 
77436 98733016-b767-40a3-910c-09281869a354, 3919 
15304 f0188512-d0f9-4d94-b893-11bd69d98812, 3919 
24965 3f0479a9-3fea-4e2a-8abb-6d2dcf1ad68d, 8505 
224114 156b15be-cc26-4b34-954b-b65ee633afa7, 3919 
292367 6c808312-7401-4df6-9ac6-61961af13af4, 3919 
343641 8ab75a5d-6db9-474e-87c8-9356b85312e6, 8505 
84672 100fbf8b-fc5f-4e75-9a88-3688cac8d8a9, 3919 
34017 b12e3b79-27d3-4c55-a237-b3a189f281df, 3919 
403275 613d6600-a7ce-43b5-baf1-f5179292478a, 8505 
257858 d5212879-4ee3-43a2-a27c-7524fe90d1bb, 3919 
91046 a602cf7f-5b4d-4e11-92a2-04ba69b1db4d, 8505 
38385 ca43d728-6ded-4351-8da5-510043ab86d3, 8505 
71019 44002b90-986c-4846-8214-f0df5aca8ed5, 3919 
85100 e34af87c-9986-49b7-8813-b556a91c4653, 8505 
258649 6022fce3-55d1-40c3-9893-9e520ede3cf5, 3919 
395053 de5a3673-614d-4a22-b742-7a26405494fa, 3919 
194928 5f2a7cf9-63b2-4a55-83cb-d54e7225a8d7, 8505 
285472 13690cf8-2411-43cf-a5fd-d895a4066392, 3919 
241150 7c5ed891-7587-4bca-92cf-6023ebd06001, 3919 
60907 cf56581c-fc1e-4990-9dad-e79c60037ff9, 8505 
242199 821ebb27-24cf-41b9-9305-62f94b79ad93, 8505 
192272 27a32b61-fc0a-4394-ac8b-295fb21ef33b, 3919 
242992 059ca1ec-00d4-42c2-9de6-993f64b9317b, 3919 
268315 cee0cf1b-a3fc-4b15-8690-6a0df5514b2c, 3919 
396238 30ead6fa-7f00-41f9-b9b7-9b4a5d3ca650, 3919 
348887 64005c8a-3147-476d-a523-7477d1fa64c7, 3919 
267315 7daed9a4-b69f-4052-8368-0122c12cd050, 3919 
306080 166add81-3715-4e80-bc6d-3b10f5142d31, 8505 
292701 063678a2-29b5-4ef9-88a8-2e6735789d89, 8505 
259987 f3258128-b8e3-41e3-8190-6f52c6a8beaf, 3919 
390080 6fc81750-575d-4b1a-9c8e-efb836fbf8f4, 8505 
155163 bc9725ad-337c-480c-905c-fa0ed99737d4, 8505 
192522 a47434c4-89c0-4ca8-8f59-64738c790d2c, 3919 
289518 7357a253-506e-48d8-9e6c-54bdd3ac39bc, 3919 
369172 482f60b6-770c-4e37-b6c8-59e26899ac79, 8505 
240609 c2955d8e-e194-4162-bf38-618c683784f0, 8505 
210187 f60be0f5-a489-4e2d-addd-297f9bb270f0, 3919 
209918 0e5c3fc1-24b6-47fe-ba75-14832244f1b6, 3919 
216114 0df064c5-976e-4dd6-bda1-1d37f449dd45, 8505 
290290 67d8b49e-4901-4d1d-b727-3d628508a6e6, 3919 
161137 a86a1d77-5684-413d-aed6-cb27583cc19d, 3919 
396358 4cf9949f-546d-4f40-bbc8-d45231353cfe, 3919 
286729 0ee1e9cc-d5cb-417d-a11f-273c3d146f19, 3919 
115572 39ec62dd-c269-4240-86a4-d5f67c7fe014, 3919 
375661 2d077c70-a04d-4c91-b110-21ec88abbbcb, 3919 
254415 cabd7d38-7949-466c-ae9a-dd2bd6d3e79d, 8505 
192220 3e46cc50-1039-4f0b-a0fa-301420512a70, 3919 
344829 372c0bed-a20e-4af8-b8f5-662d27891de9, 3919 
256115 a54cb10b-6799-4483-89a7-8d8d56755bc7, 8505 
171318 bdf65d48-ddf9-479b-87b4-692a44b81042, 8505 
193206 d9a50b9f-c11b-401a-884f-19718957c7b3, 3919 
371113 c0df7ea8-05ac-4c4b-aeb2-0fee423f5ba2, 8505 
91263 294b1faa-d281-4b0f-b580-d64da0e88004, 3919 
273715 6390d4a5-e0ef-4250-906a-fe7921f70731, 8505 
258671 5db39bd7-6858-4952-b441-84cb99312058, 3919 
203610 41de5327-7536-4604-afaf-b978288f10a3, 8505 
140302 55ae2926-4777-4992-bd1f-8472317c7259, 3919 
185443 34d21232-4a4a-414f-8462-21d9387b0fd4, 3919 
114952 fb3f6fa4-1e80-489d-8670-9289b031e2a5, 3919 
362057 9f006bc7-e66c-4b73-8955-4e33c3df0890, 8505 
129844 fb7b942f-0511-4d22-a5d0-6a881c8dff38, 3919 
261679 50d8d0ff-a174-4adc-8474-c56b818533ae, 3919 
221625 be925894-bd1c-4e91-a1fe-2b1cee014c02, 8505 
46846 3f3669dc-baa2-4880-b6cb-d4da74436593, 8505 
188866 9447c72e-11e6-4768-84a5-777933f4b20b, 8505 
385025 6608a836-a1ac-4d6f-84d7-dc1cf6071e62, 3919 
340276 382a2e34-ca89-430d-ad1c-e2fd715cf4e9, 3919 
268042 3e842137-91ae-421c-996f-c15a54e60752, 8505 
323113 92398b0a-5b2b-4f72-9ec6-4fb10be83f6b, 8505 
2601 ede569b1-e301-4e68-b9ee-88cd775b92f8, 3919 
171956 c9b8643c-a021-446f-80a2-3f0e7ec6a016, 3919 
316219 46a7a645-0abc-4d3b-a7f5-f27f2307e777, 8505 
336381 a2b3d815-dbf1-441f-9438-e934a8b4e473, 3919 
286762 ed1c70aa-b4a5-491e-a78a-bb7699244c7c, 3919 
312852 7cef6f4c-8ad5-4f6a-bbac-f92e65d705c4, 8505 
114391 4aa2e12d-7d42-44f8-8b96-9b5970f73adc, 3919 
309081 c419080e-81b8-4fcc-a7d7-8e181bec1528, 8505 
389838 e3b9306a-95a0-4e9d-b85f-a11962e33bca, 3919 
286342 1df54bb4-1971-408a-b60d-2e862c08b97e, 8505 
5032 43c4ac31-b826-482d-bb14-06fe205b6811, 3919 
179956 5071934b-e265-4774-a385-ef42d5d2f6a6, 8505 
30841 6a20e91e-a1b0-4a8d-af01-5afdfcbf8e3d, 3919 
258672 e9a5b0e9-651d-4773-896d-509e796df8ab, 8505 
302114 bf1a8bdc-16c0-4e87-add2-49a134b73f47, 3919 
281003 ac465311-b67e-432d-9f81-7249a7403f87, 3919 
356058 080fa9a3-322d-4a2c-837b-f98355975a0d, 8505 
112429 bb817888-7da0-4fe4-8932-c2f33f78b809, 8505 
42616 98463447-2be5-4759-b876-07e3fefc87de, 8505 
254615 f8c75b76-2d04-445b-bb21-50705d7bc978, 3919 
155688 bb41e44c-f683-4799-81f0-eae91b934202, 3919 
59328 75f1f656-51e2-41fc-848e-cd5b39ef7157, 3919 
284548 7d919353-0c88-4220-b403-746fddf5a4ce, 3919 
345542 30bda4da-c188-4666-a274-913ae93fc0bd, 8505 
293025 edc9a580-a0d0-4110-a2db-32a8ad7d7e88, 3919 
249258 aff7c595-97e9-4847-9e47-d006d399559a, 3919 
385090 7e73d7af-f771-4b40-bedc-981ec3643ead, 3919 
122725 1c94c35a-310a-44cf-91f2-0edb5e9ec21d, 3919 
282705 a1666423-eb4b-4607-9dfa-6beab1c91ef9, 8505 
399541 7903ea40-8a93-48a1-b58b-be77f4c1e882, 3919 
339499 7a9e1cb0-b057-487e-8a09-910d6f053fd3, 8505 
289891 d9c994eb-f628-4948-b66e-60a8ca360609, 8505 
126198 159e08e3-c723-4ad4-8c01-ef82ae687bad, 3919 
606 2bebd6c5-aa15-46bd-b890-60612223dcbf, 3919 
322659 9f162167-c2a1-4f02-9038-0ef964d8a5aa, 8505 
275330 caefdd03-5bce-4105-b1bb-1b7220568230, 3919 
169596 0121ea0b-d428-4b5a-ae64-c8db01b95d56, 8505 
261876 c49cb499-d5f0-49fa-8e7c-a619c6736613, 3919 
27753 50bae0a7-e9b5-4a27-aacb-5e27bf554507, 8505 
291435 c5f6822c-efcd-4944-9b12-c0557b504460, 3919 
219007 068aa74b-d6aa-4c60-9286-79c4085a47f4, 3919 
351209 828658d1-7121-4197-9cfb-65c82df46689, 3919 
163010 ba97a728-63e3-4b80-9715-725f0800fd38, 3919 
149069 39daf949-d0a6-4c6c-9b51-43580780bd24, 8505 
139967 c2b59b94-0a10-4c74-9981-758b4355ee9c, 3919 
88316 b1d10f44-025a-4684-a6fc-9147af8c482b, 8505 
279663 bd4f4d97-5e11-482f-ba97-1d328dab84eb, 8505 
358944 a8a89fef-136e-448d-8efd-09fede2e1c14, 8505 
239145 8edac668-9ee1-4cbe-b4e4-2bd8d643ee23, 3919 
289658 3534b0d1-a56f-4b1d-ace5-02977e327f81, 8505 
241271 e0d0cc74-209f-4ca9-a3b7-ee3cd930ca98, 3919 
144374 f5b83902-a7f0-432a-8bbd-2694d6e0dcdf, 3919 
242730 f9a1a430-b19f-4fd5-9eee-9c6e09e5d3c1, 3919 
181725 1fdf476f-4c66-4725-a958-d3c189af0c82, 8505 
91430 d9f447d8-cc02-49b0-878f-ddfeb1f06201, 3919 
279899 083e1f3e-4d87-43de-9ff6-b2ba9dbca8d5, 3919 
351952 7971c62d-3011-420e-b89e-de61be4ad1d2, 8505 
95911 17f0b642-3896-46d6-bcea-8f729cf942bc, 3919 
234440 68666af2-2c81-47b6-9eb3-f91f5723df54, 3919 
255568 3a1a3e78-0dea-45b4-ab16-7b3cb1e3836c, 8505 
363429 ea629747-4b08-4f21-ba37-d36d49797f3c, 8505 
244015 5206cc20-41c8-498d-a296-5cfd575db337, 3919 
390583 2fb16d87-5980-4e2e-b919-a16b93bae48b, 3919 
235561 85dd3aee-db1d-48f3-9d70-ab6bd80586ce, 3919 
329977 115ae2e6-05dc-423f-8c19-bd36ebe9ab47, 8505 
51969 c8155d51-9e3f-4d48-b0d8-bd74fd01ec99, 3919 
148034 e312831e-ecc1-44d2-b57a-dc7922936482, 8505 
376261 c3ab24fc-5082-4f34-8a07-f487dac26007, 3919 
364 b494df07-4cf7-4f27-b728-3793701f59e6, 8505 
355216 57dc7ce3-4d14-44d9-9c8c-3b965b979c2e, 3919 
23069 7222c6a0-baf8-4719-9cc9-9c710113eee1, 3919 
13010 df2a66b0-5dac-4c6b-8ed0-63bc32107ba9, 8505 
115326 2f307372-0976-4312-bc00-7c91403df90c, 3919 
66005 024c89b3-d116-4704-be44-56fd78d3a048, 8505 
306990 834fcd92-d0fd-44ba-90f5-4233ef5ad4ed, 3919 
224619 3c8122d8-e533-48d5-a1e1-85afd9425c8d, 8505 
142340 635dc7b4-a31d-4903-81ee-93840e711df6, 3919 
219131 7427a1e4-08dc-42e7-a432-9bbe5d90f80a, 3919 
78322 613269c6-0a0c-48fd-b3f6-40bd8240091b, 8505 
187872 3bff9133-8176-4bee-ac7d-f7614abca6b2, 3919 
149023 334e6acf-9f34-4171-ba84-1e72d02e0bcd, 3919 
94326 56ae1d18-4af8-4041-8db3-7fa9327dda5d, 3919 
189338 b20efa68-4f14-4cfd-ae42-fba5b08b737c, 8505 
131661 3cd05087-60c0-44b5-b0de-e308127b7fd6, 3919 
360778 3dac9c04-8bd9-4602-a32d-0d725c20152e, 3919 
7912 77588aec-ae52-4e60-87fd-476c6656919b, 8505 
178609 23493a88-3aaf-4492-810f-209a9dbd48b5, 3919 
59217 20c0b5f0-e8f4-4062-963d-cf23e0ebb449, 3919 
193045 2f244733-b89d-44d8-953e-a45cd528f1a7, 8505 
17827 5a9e085f-e376-4f0a-a5b8-51beff7269bb, 3919 
229634 111ebd8c-e065-4cf7-b3e2-05d9518d8a25, 8505 
365683 8d6f5094-3d78-47ec-addc-2a76632b510b, 3919 
28119 fb3c6747-4def-4d15-9c3a-e0c818a1e521, 8505 
75831 39e8459c-10d3-43fe-a57b-48f517afa3c8, 3919 
143472 9d827083-8fcf-4c90-9a89-0e1281971ec1, 3919 
180491 b0b2a71e-c5b4-4cb3-99fb-7381a750868d, 3919 
331308 9f5e39e2-851f-4fe9-a121-6be583dd356d, 8505 
22812 33755da6-1a2f-456a-96de-3cd6448b9450, 3919 
369005 8d74cd6d-045e-47b9-9dc6-08cb4cd23251, 8505 
125805 ada08958-7736-4d67-bc7a-1963b78a51fe, 3919 
94561 6b17170a-7505-4e2e-b2b6-5fb76e5c0be5, 3919 
169633 a1054a9c-7714-44d3-b347-1f532095d121, 8505 
167328 a1833ee1-5f8e-4b7c-a2cd-57018d84598d, 3919 
101795 b3f7770a-f164-4bb1-898f-573d7d079d29, 8505 
204445 d29a7c9d-8ae6-43ba-88fc-92f3db06f80a, 8505 
228335 1bebbaae-e064-46c2-94cd-0de69f08b1ad, 3919 
235522 51110905-ddee-45a1-b036-9c61ff8cea04, 3919 
295660 4af1de7f-126c-4765-b5d4-424d6f2b49a6, 8505 
188991 87156434-812b-4b99-8d58-288a479ea600, 3919 
289944 d98d24e0-0aa7-48db-952e-e91f72c48c8f, 3919 
185370 8c4e72db-2f58-413d-9299-8b06158cc7b9, 3919 
228687 5fe4791a-77da-41d9-acba-c6eb5effcdae, 3919 
295493 47197546-0ef2-47bd-b49e-14920d49eb89, 8505 
269740 ef7dd300-78af-4de3-8b76-be95a3371844, 3919 
123755 771c4e73-2271-410d-aad6-c279455f028f, 3919 
383924 678933e9-8783-4765-8049-9e8bc567117c, 3919 
107466 9a0c54b3-e9a0-4740-8436-7e2d24bb9c41, 3919 
248707 b6d4ca91-5913-4030-9269-2f899ab10d4e, 3919 
331451 49a1a972-07ac-4131-8141-8e748787e473, 8505 
107064 24e1b0f6-a51d-4afc-a5e5-4351d697f68f, 3919 
183790 b4f04ab7-64d0-4683-a212-28432eb190c4, 3919 
158660 5a20faa3-1bf3-4816-96a0-defdaff22420, 3919 
289164 e0274c48-0908-4c02-86a3-c1b222b0ef95, 8505 
345471 88279f6e-9c71-43ff-9ab4-cef73aeb555e, 8505 
391211 0ce1d4b2-10f8-4024-bf45-fe061be0837a, 8505 
395594 f76ee556-f1cc-45ea-ba6b-5128cd389674, 3919 
75326 e0e4adb8-f090-4e87-8d41-03c189397439, 8505 
289554 ffbcf000-f492-4bb1-a4a2-00a923ce7200, 8505 
333933 4e70516b-56fb-4960-a10c-39c46f59f536, 3919 
265641 cdf09349-f209-4243-8dbf-640f65664baf, 8505 
353214 989f1390-cccb-40d5-8848-e4c0ab4b5cad, 8505 
184055 3216a7dc-7cd4-494d-9586-1d31fba27c4a, 3919 
48411 ad471fdd-9bdb-4fe7-87a1-7cde92b3add6, 8505 
110460 619eb3f7-2067-45e3-9cdc-92deca214507, 3919 
149600 27da1e3a-ced6-499b-9f94-7ec24f5570b3, 3919 
112490 1b0e546d-d7b6-4385-b209-4de06c5e3c11, 8505 
347752 4b07868e-d9d8-44ec-ae6e-ad9349702ba1, 8505 
31529 2deee02e-a91e-49d5-b3d4-cf0e8d3ed5cc, 3919 
69657 ebcfeb6f-1519-4ce6-bbf7-4871aa0abf05, 3919 
153604 79ffb9c6-6eeb-4cd5-9cca-3949a1e47c1c, 3919 
87918 1feff5b4-bb3b-4626-af77-70def11bb648, 8505 
333743 05943b73-8718-4a39-ac90-e1a88ab1cd6d, 3919 
63691 5c38ccfa-d297-4dae-bf3f-7bf0163c004a, 8505 
293553 d804aee7-96cd-474d-a7a3-c81ab5aaf79f, 8505 
107884 c8ddfee3-7c75-4b6a-8c98-4ae56e244a2d, 8505 
62915 f13777dd-f76a-44b6-82b2-325575c1db8f, 3919 
165791 b94b936d-1473-43d5-baaa-a076a68d48c2, 8505 
221803 b8d829a9-0123-488b-a135-2eeb53316982, 8505 
397938 0ffcfd8b-fefb-41c4-a988-213683861dcb, 8505 
94119 efa2debf-b1c9-4cce-bde0-9b7cd7f41dfa, 8505 
244400 2a6e5f0f-92de-4ec3-8d25-c92205d0aa2a, 8505 
391255 2420483e-e2ec-45e2-bc3b-ec786f4bb46e, 3919 
326076 61f718eb-2bf2-48ee-afa0-915fe8b7ac22, 3919 
91583 afcb2fcc-b05d-4b32-9e75-913a52028900, 8505 
13554 57d7bb2c-7f21-4882-9c2a-8182ed8e921a, 8505 
148079 04d68d99-71f7-4455-b17f-11854142a673, 8505 
180998 a3bf7976-7b09-4cb4-92b8-1103341d3f29, 8505 
307175 4d269055-c3e7-40f3-a6bb-ffb172190e91, 3919 
387013 c3364de6-a93b-48d3-81a9-00969aad397c, 3919 
302740 66cc1af9-111e-47ab-b1cf-50f53c68b38c, 3919 
214290 c75d9970-708c-4623-8ce2-0b330187d8aa, 3919 
392812 b6fb338c-8ec9-47aa-aeb4-cac9d64bf479, 3919 
6281 667b3f4f-6aa6-43d4-a149-64a3958f9305, 3919 
198980 ca1f04a0-fa46-4608-baab-6690b08d7b7a, 8505 
225864 833c3bab-7aa9-4433-a1f4-5df4e3a8fa76, 3919 
367493 9b0fffd1-e064-4b6a-8c0e-742fc6839dc8, 8505 
386717 c3737d23-a220-4455-a82a-92b603013a8f, 8505 
18325 ee3beb0a-b947-4d16-9420-06e4fb948b76, 8505 
115863 1464a996-f009-4cda-8cb3-3062e00c30e7, 3919 
249764 e3290751-1541-4276-bdee-c08e381092c3, 3919 
183274 10866825-0f98-47a8-bdd6-0581c1c15e63, 8505 
39412 2c5688d5-cccd-4156-b674-566cc15c37cc, 8505 
146566 8c96ee7d-8187-43f1-8686-83704cd5a0fe, 8505 
379852 76b6e230-6aac-4238-9e90-dbad63364079, 3919 
98395 fc19e5d2-e426-4c35-964c-f82fa708ca50, 3919 
56827 f58247cc-a068-4902-a26e-dc867ea73958, 3919 
167350 7c4ad6c3-6856-4f22-bda8-bed169b3a62e, 8505 
89584 a71fb404-0850-4e5c-aee5-c24c4e70e6a0, 3919 
337320 a21d12bc-20e9-4184-9915-47326e2306d6, 3919 
228358 3b3ccb45-da67-44c0-b72a-ff75d22158de, 8505 
8184 bfa21772-53dc-43de-b49f-d5d766f67620, 3919 
218463 111e2225-6b17-4502-a7f8-298ae09c31c3, 3919 
338777 49ee7ab4-8da3-4c25-9274-a0de7df13019, 3919 
352306 e22816ac-6feb-4f47-8e8a-d31331f7785e, 3919 
335417 28c3be2d-f99f-4209-92d2-9d5cf874d5c8, 8505 
186028 52c959ef-63f6-49da-8c8b-66e4830a94b3, 8505 
310582 adc4b759-04f4-4878-8e0b-ad06d4601d68, 8505 
153051 283d56c9-4913-458a-b0c9-331765ac4ecc, 8505 
350340 09c1a286-c37f-4bf6-9cc1-c64648f9190e, 3919 
143195 bf1206ad-529a-459e-aae6-f8948d448f88, 8505 
166690 d90dee14-7170-451b-a4e7-88c160ec1bb6, 8505 
319674 1a161266-4e6b-4e26-92c7-2fb6cac140e6, 3919 
190005 888e4367-fb42-4fbf-9f9f-6f17b42ebebc, 3919 
367732 e3ccd18c-3473-48b5-a414-88f7bd8160cf, 3919 
201887 a0a58d0e-f6f0-4ec0-8d48-0f4b32b5d18f, 8505 
9528 9efc08c4-94f5-41f0-a844-ed555ef4657a, 8505 
400947 ba475155-e00d-4d92-852f-be8a45d37aa9, 8505 
168820 b9cff8d1-640d-48fe-8d8e-9fe0aad0047d, 3919 
41935 679c34a2-f28d-42d5-a14f-9bbd95855cf6, 3919 
132353 9b72492b-fec1-42f7-886b-26cdcaabe7f0, 3919 
118065 755c24e6-9414-4548-aa9b-27ae4fbda283, 8505 
244724 1a925c72-c388-41c5-9e6f-c8811ba5e500, 3919 
92865 2d5182eb-7708-4fec-8759-76a7a616c418, 3919 
227138 8779520b-f2e3-4cbb-84a2-8b5f35ed52f1, 3919 
63363 73eb2245-2a8b-49e7-9057-2e10a480115b, 3919 
208167 508c95f6-1da7-4afa-9d88-d8ba8ed3f6ac, 8505 
207967 52b913cc-8c46-4ae8-9f12-9c3292f3b61c, 8505 
270350 b0d412de-a4ce-44af-8fe0-274ecf5054c9, 8505 
227300 67a745b2-473e-4d36-b532-5fc68377d5fa, 3919 
309411 f3cd5e02-7e1a-46b1-8932-44465f599af3, 3919 
103417 0163d1ac-beee-404b-b3af-55ea09bb0e0a, 3919 
31214 d2ab0e59-0252-4759-8338-1bbee20bb124, 8505 
275066 47c6ab1f-e90e-42b7-8a75-3b20465ef513, 8505 
112139 6aa9487c-97ed-4601-849f-f15d6e5d13bd, 8505 
286771 67ca15b7-2d64-4a35-94e6-3478d499f961, 3919 
119071 6e9ab1ed-ae2a-4280-830e-b8b2517d3844, 8505 
64373 d23060ec-074d-487b-91ee-927f40ab5de4, 3919 
165776 ca5e9e1f-5e13-481b-8ea9-0ce2b6527354, 8505 
243203 4b8b1a71-71d7-4ec7-9613-cd88ba764411, 8505 
249920 0d75eee3-190a-4d8a-aef6-941e7ca3ce2b, 3919 
275112 cafb2ae1-f755-4c8c-b154-6601e826f27f, 3919 
156293 b797b940-c864-4c22-8f1d-095ced9fd42d, 3919 
129009 c81d8888-8eed-4c9c-9266-26a5be958444, 3919 
224990 7cb452cd-e48c-46af-ba7f-96b68903cfa6, 8505 
281648 41e91e2b-be8e-49ed-9eb0-68ba346b9cc6, 3919 
173516 1d5badf4-6e22-4000-92fc-fadfbd394022, 3919 
348076 cee78c39-51d5-45bf-acc4-aff32ca28b38, 3919 
264257 b73bba34-c827-44ad-b29e-b85e2a4b61a5, 8505 
159570 d112d1c5-d2b9-4bd6-b28a-78fe4ede40e3, 8505 
306986 cb7f3949-a802-4df0-b3c2-86388aae4dd8, 3919 
61277 9c10b882-7473-4209-a85b-c14ac48076e3, 3919 
262317 8acc1b8b-5a9e-438f-90d2-7a5cec7abe4e, 8505 
157185 be95b3e2-e35c-45d2-a4af-7c207066b951, 3919 
274584 b4be96f0-be93-4001-b411-f0dc41fe3e28, 8505 
13185 76ed3f7b-efef-4051-90e8-27306e0c8cfa, 3919 
399588 bf63ccd3-d064-4b60-a593-5c09dd5f9e6b, 3919 
200745 3788bad1-c76f-4d60-8251-9e823a63f92b, 8505 
6958 d666e189-9827-4663-94d1-c6084d8f90ce, 8505 
253692 78e445b5-51e1-424a-a77f-5cda3e8d077a, 3919 
267052 a6b0b58d-3499-4a91-8f35-342e28a14b8c, 3919 
218023 60002b8e-ca49-4a3d-8fa4-91a1b3c9c075, 3919 
253268 cf80cf67-9c9a-4f40-8bb1-f567ccfdae9f, 3919 
39616 2fed054a-e5c1-4f3b-8f1d-27f4ab56f532, 3919 
218004 32952d83-f3e5-42e0-8e40-4a4aef2919f4, 3919 
314012 427a0b54-4022-48ef-a875-2d7daf996655, 3919 
220686 c49e81c9-cdb8-4be5-af33-3a53552eb4a3, 8505 
182176 fc6d070e-1ef7-4dfc-b157-3ab7622add91, 3919 
127330 fe3c9c46-3d03-4053-86f4-168f08798cf1, 3919 
76912 c4730b6c-68f6-47b1-8273-c5ac650138aa, 3919 
28740 412ecbd5-5571-4350-be28-21c7753302d8, 3919 
293985 49da1fae-16c0-4f88-a4ba-b86a472170ba, 8505 
349257 e8819527-74a5-49f2-9022-c1ed47773c2b, 3919 
32547 8e75abcc-95a4-4459-82b6-41fce6556012, 8505 
260452 e243d3c9-9b32-4578-8552-7bf5cfb03da7, 3919 
26356 ce1d7449-4dfa-46b4-ac2e-43700ee83b5a, 3919 
75314 ef26b576-eedf-4830-97e9-80054e34e0a2, 3919 
297144 49c1d49a-651f-411d-93a0-f302884337f6, 8505 
160841 4a375df8-7977-4519-96b3-b7999cb4dd3a, 3919 
228205 2e89a66b-21f6-468a-8f38-4456e60ab8f9, 3919 
341591 0fd0dfce-a63b-40cd-816f-ba7050bea742, 8505 
339918 40bd2271-5bf7-43a6-9b38-52665b3b9d25, 8505 
334002 9149f68c-af56-4f44-8ecc-2fd6bc2ee8e6, 8505 
155244 9e8220df-b2c9-4b29-8af9-7875f621c55a, 8505 
236082 7e0a6d2b-a7f9-4883-8d72-192ace80ef91, 8505 
96207 b01864b0-8dfe-4d55-9c47-f8a4eb330ecd, 3919 
20145 bd45acfd-47bc-4e37-9aee-707a08bbfae7, 8505 
198287 f8cc46f1-3999-42ec-97af-ff90b8f090e7, 3919 
54799 12a7fc93-7372-483d-b280-5e5ab2a9c661, 3919 
86092 77e499e5-0285-4b88-83f6-b4e939df7733, 3919 
106073 7d4967f8-fb88-4dfd-9bac-404557c4b7d4, 3919 
34480 048c9397-e0c8-43e4-931c-b66dffc85fe5, 8505 
21862 70bbb6a8-08bd-4df1-87a9-51035f1e770a, 3919 
43224 5b80afe4-d99f-4213-8c82-29a6d42e00ba, 8505 
176667 227adf07-25fe-4740-a315-b3fb1046b1ad, 8505 
342865 b9f618af-5c96-4bbd-9231-c4e1db63b89f, 3919 
131702 0683366e-3db3-4667-8d86-96a7d0f7dbfb, 3919 
183268 930b13ba-8753-4752-9c88-3685ab1541a4, 3919 
124492 17205a0c-8b15-48a5-bf1b-5b5c175e4abd, 3919 
100784 21ff9dd8-693e-435a-ab08-1ddb8a3600c4, 8505 
153992 c17c3147-7000-4a62-ad0d-682ef16dc326, 3919 
359494 854b60a5-0d3d-4ee0-8000-6f8805a54c00, 3919 
314222 bb8d6c2a-cce9-4105-9afa-697de8e7f697, 8505 
153512 cea2ec58-879b-4996-9ab3-b1d9a3e114b1, 8505 
60776 2286b3f5-0c3b-4cd9-8f0e-a7b5d599c613, 3919 
25017 875f551a-92f1-41c5-9594-ec3e2aa1d777, 8505 
103895 5c9a6537-9a92-4393-8af9-b1383315062d, 3919 
263545 fcc2e6f7-7e44-4f1b-90ef-57c598deaa9f, 8505 
73202 ebdb6da7-b63e-475c-8dd2-dfe72f5d55b2, 3919 
74413 74850bf0-5912-40e5-897b-5772ddeb1b89, 8505 
126867 c106f5d3-cccb-4ed2-9934-58e4f48d211a, 8505 
241197 a4c06b0f-3d7f-459a-83fd-739dd084965d, 3919 
318098 8b77eefe-5c7a-4838-becb-62064035ee03, 3919 
390929 15fd2408-eb34-4e3f-b5ba-10326df7b11c, 3919 
213978 3dc0802c-e723-447b-b989-4a4af68b470e, 3919 
244919 e22104bf-1498-4104-b72f-c301656e96d5, 8505 
345958 7b423044-7bf5-4419-99fe-9bec12779444, 8505 
30726 e1b5599b-9037-435f-8cc1-afe1ed15e0c0, 3919 
356511 0628fdbc-6af1-40f1-9812-08d4f3b823c1, 3919 
140988 1b715132-7258-4d53-a332-6d555bd2809e, 8505 
227854 f7eb3b12-4f94-4f56-870d-ab407477b00d, 3919 
112038 d2174e30-daa6-4909-88b7-158a42bc2df0, 8505 
103995 1f9e5e3b-4127-4168-93e8-78b95f49f66b, 8505 
48345 acf9c5e5-ecdb-4ff2-b462-7eeb7e65c200, 8505 
67921 8dfcde5b-ed97-4d4c-bfc6-312aa2a390a7, 3919 
402189 4dcafb59-13ad-4b95-85ac-934b7dee7b5e, 3919 
179617 7f924c6e-a6a3-4b3f-ab7d-1b14ea911aa8, 8505 
304599 173e95cd-83ae-4acd-a026-baf8681e5311, 3919 
343193 1c6f3f6f-e8df-4cb0-ada7-21e09cc0a3ae, 3919 
152620 525d6134-5d2d-4074-b530-8b73d2a99bb3, 3919 
292167 fd6ebdd4-31fa-4aa9-bb20-5d598189ab77, 8505 
236290 56e95d37-d94b-4bf9-937b-b4fc56070f6c, 8505 
277034 bcdb2fbd-7201-48c4-b448-6e1bf06a7970, 3919 
223613 1ad94501-65d8-413d-86b8-f55484a1b6fd, 3919 
340913 f34f5b57-646c-4a9c-b018-b05bc72cb682, 3919 
274842 fb0c74f5-f6e2-47a7-a4ca-8353e29eaf31, 3919 
24061 d2282bae-6f34-469c-a0f6-baef325db12a, 8505 
225496 e3c5a02c-436d-4b51-9965-567b5b5e55bc, 8505 
194741 acb13f55-3ee3-40d5-8286-a2398bf434b5, 8505 
336368 74283b0f-0bb8-434b-9358-06fa1184def6, 8505 
118192 b4b50cf3-69df-4485-bd8f-cbe823ea9107, 3919 
88470 5bd4a817-e7dc-4629-b92e-3f7cb70395ab, 3919 
253337 4d87f2e0-c022-4ee2-a356-662ba744990c, 3919 
93568 827a0467-94f0-435c-b290-81e47b00d633, 8505 
311324 1193e1ec-684d-47e9-a2aa-2c8873bf9ad4, 3919 
304625 c11c1837-eab3-49ac-90dc-20d492b0984a, 8505 
5970 376754e8-94a9-43e4-8084-e9932687be37, 3919 
14026 157a1f15-cb8c-452d-9969-578b717bd476, 8505 
310052 987841ba-e615-4310-a25d-8a447999f7a8, 3919 
137370 f819a872-f3a3-40e5-9018-ad74bb44bcb2, 3919 
217217 d7bf8a25-bcd8-4789-8522-b6a00500ab54, 3919 
196790 f3ffb12d-4593-48c5-a6d6-0ba8ce3ebd65, 8505 
130114 0d1eb0cd-9e9f-4837-b04f-7d982a0bce7c, 3919 
381 83543c17-481a-4124-b982-dce8368293cf, 3919 
50969 8459908e-26fd-4708-919d-4f273694be90, 3919 
345802 5504250b-4655-4d2b-ae5a-805ac8681d9d, 3919 
214627 287c31a1-83f2-4162-a455-bbd592c0e40a, 3919 
106543 63264253-90c1-4e21-8312-d3df0e168a87, 3919 
75296 c27d907d-a824-4704-b1e9-938ae0ccb84d, 8505 
129961 4b2b1c7e-e248-4e13-9c13-8471f433186d, 3919 
287660 a8bb9fcb-c10a-4a63-9610-698752fc5d35, 3919 
154789 76534e1d-fae8-41cf-b611-995a21bd07b3, 3919 
262571 4361fc39-553b-490d-b3f4-2c068512d671, 3919 
45669 ac1a5e5b-0665-4cc0-9088-e83f284543ec, 3919 
23674 d4c05c86-e2ff-4b99-a7a0-ad929c436d48, 8505 
34566 bc9fa976-e92e-4728-b7cc-b5c7d0839d47, 3919 
140135 9e649f9e-3a78-436e-bba8-c8e0e84b8bd6, 8505 
294948 cc5a5734-4e08-4f84-ad2e-4a10ab93e518, 3919 
181864 1c7627df-5a4a-40f2-b38d-57d8f59d4ab9, 3919 
352115 7e9b8169-8bfc-4dd7-bb0b-cc5c3728ac65, 8505 
239116 7d3c1ceb-b9de-4150-985b-7b7b0fd1bd5f, 3919 
78622 3b3855fd-0a47-4915-b3ed-244d2c76a7af, 3919 
327908 fcdaa662-3549-4e2c-8fd5-e131f5e810f7, 3919 
214859 d29d9e2c-e8c3-49c1-8662-e7e40c86a312, 8505 
306526 9c7f90ef-4683-489f-baa1-7dabfda3ca87, 3919 
382153 7ebb79bb-fd0a-49ed-89bb-8432459c6fed, 8505 
303024 60467185-bf91-45d1-a9fe-bc136bc6b9ff, 3919 
171932 cfce9aec-91fe-4b00-a659-14fcb890bf19, 8505 
103579 452e7885-22b8-4249-9e0c-4d55239dc2ae, 3919 
39746 5ed33367-5139-48dc-9681-644cba6a37cc, 3919 
270048 df4e6ae7-c5a3-4740-8a9f-36ffb205eabe, 3919 
397856 9a3a828b-c88c-4976-8c57-eb67e1bbc51d, 3919 
367571 d8e35694-dad7-4d0b-8fc3-110c1b846aa8, 3919 
339624 c2496369-716a-4e0c-8d01-05ee3b26a88e, 3919 
221726 72eff46f-cbdf-4019-98b6-c63a97e80d86, 3919 
179187 e4ad636c-abec-49d3-b2c4-5c2bcd1a7103, 8505 
28762 50228050-ec26-40c9-a402-4e898215b09b, 3919 
13473 e09a67b6-89d2-4785-89cc-a36620a320a2, 3919 
111136 3fae177a-4755-4605-885d-62341a0a6b19, 8505 
68964 802d1fb5-8669-4685-a49e-474a9aca14e6, 3919 
74964 5ac7ad1f-c0c0-4503-9adf-b1794feecec0, 3919 
124535 bb860cc5-8702-48dc-9a1f-6e0b4b7a57cc, 8505 
121845 f7bccf18-da05-4ad1-90c0-48aad5389c64, 3919 
209778 845f4f47-a9d8-4a7d-9915-38494af1136c, 3919 
83641 08c8cecd-b2bb-414d-a808-7a1baf3adfb4, 3919 
196586 4a6de2ee-11b9-445d-aa62-19cfe2bb3584, 3919 
51185 fceb4c62-9027-405f-b593-e2159e239c01, 3919 
41054 c6f4b6ad-989d-4e1f-a07a-fbd5572cecf7, 8505 
50330 9ee6a065-a2ca-4b14-ab0f-6445582f8cef, 3919 
189633 10be5ba4-ff94-4b14-b827-b870a15887ca, 3919 
397889 38f58ea2-aa1b-46a5-91f7-2e16b0912252, 3919 
15693 47f55a6d-2949-4b33-b8c7-30d4fc0cc16d, 3919 
193859 5f8105de-f3c5-4546-81a6-e0a8adbe2e18, 3919 
40160 667cd9dc-51e8-4d15-908f-c0f2ca7f7e61, 3919 
169057 85d1d401-e8ad-42b5-a31b-746e1ae49a8c, 3919 
204957 efdfb46c-2511-4a42-935f-fcc68bc0e4c7, 8505 
126140 7a0a5c16-9c03-449f-890b-091c83a45b75, 3919 
178840 bd38c175-b90c-490f-905b-6fb4dfaabe83, 3919 
243855 2ec433c6-84fb-4150-b841-6bea9a41f004, 3919 
190700 3d438e70-3b49-42e2-97ce-55e070fbadaf, 3919 
348355 96d48694-7774-4820-88b1-2387912c04a7, 3919 
342838 e33dc58c-d6a4-40bb-b51d-481e2a193b4a, 3919 
146128 3aaf46b4-a2fb-47f0-a86e-8e1cc592e19a, 8505 
56327 2dfcda9d-adf3-4144-87bf-32a7294706d2, 3919 
61627 1649ad49-f488-4fd4-9565-8cdcc9f7d3d1, 3919 
199718 70c3bd8b-a5d6-4e6b-91b2-2bfa36ab0e53, 8505 
192141 57e08cb9-d431-429d-b7e3-bd0eed9f8add, 8505 
336028 f2395780-98bc-4404-9d32-7af1e65cb744, 3919 
11060 3c98fd12-54db-43e1-a40b-e6d330ae4729, 3919 
294799 3711c9da-d7c2-4e90-998b-5571d716fd0f, 3919 
2111 20bab0a5-783c-4d34-b301-fb4277830035, 3919 
125873 b54b9ad9-79cd-4465-b745-d3498232d032, 3919 
157470 2de1413a-2bd1-47a2-be6a-7fc7be51902f, 8505 
148419 3addd449-8bb4-40d2-abb3-da4f8b8bee3f, 3919 
176655 b9f0bdf8-344d-4625-b393-f7b959213900, 3919 
386229 80befb66-9271-4279-a0cb-cda39d787079, 3919 
97233 e1923344-bc99-4b1f-9bfe-e671a1aff0e7, 3919 
33691 51570e12-dc9b-4a69-8a15-c56b7d817197, 8505 
309877 447dc7be-1ee0-4e2c-b454-4cd39fd4687b, 8505 
243633 f1ff8057-8b67-45ad-baba-82570759b00f, 8505 
247071 bd5b0d02-5032-43fc-b1e8-05f3d277f143, 8505 
267730 0da7cb8e-98d8-43f4-91f3-ea47e37402fa, 8505 
147371 7dada64e-30b6-4066-bb01-84a2b8a14154, 3919 
140399 592cb9ea-9f07-4930-b3f1-d9f99a5e54b9, 3919 
325203 210c5a42-c6f0-4e8a-b935-7d7320329012, 8505 
241030 c9c5fec5-f637-460b-ad8d-e1e2479070ce, 3919 
98473 4bda2382-270f-4238-bd65-b33ebc9b6d6e, 8505 
318293 3cbc59dc-9b5a-4a50-82ec-88abe5a41556, 8505 
106577 b7889420-e2d0-475a-b678-83d5898c7a1a, 3919 
329459 a95f5206-2221-4e81-b7aa-c8c8e30ba2f6, 3919 
401718 be880ae4-f2bb-41da-b4d6-119ae11a4620, 3919 
115211 2867275b-7f6a-49af-9b76-49f699114d0a, 8505 
152338 39da529f-4597-4709-be5e-375b5545da97, 8505 
93672 ed1cfb62-24bb-409a-bef8-a0741e3289b4, 3919 
349340 9be13293-3513-4e34-bc63-0a52b7c4ff45, 8505 
95287 6930f294-2ec4-48b8-8407-ba592976bfe8, 8505 
216247 8e113faa-5eef-4969-b240-a04ee6e57433, 8505 
137909 d1052488-6e4a-4c97-ad42-aeea35d46082, 3919 
186025 ddc4585e-f95b-4e5b-abed-24379d8bee2f, 8505 
357680 c306e824-ba5c-459f-b148-e74c85819df7, 3919 
10984 c96c562a-89f8-4f58-961a-0598ebe8b6c3, 3919 
283938 d6ff7b92-c0d2-49db-872a-74c01333a887, 3919 
132362 0bef53c4-d686-452f-8312-805aaca75e56, 3919 
26317 f0ba9b23-2a4b-4e71-8767-d5a629c21ea2, 8505 
251747 bbaa0967-b667-4f66-be0d-2434b766017a, 3919 
249329 2bf53aaf-5b87-4ecb-a9a6-aa46ad391099, 8505 
114866 04a7538f-0165-44f8-8194-821056469819, 8505 
202019 a690ad2d-4488-43b9-866a-c31d4b1f8ec8, 3919 
31315 9f1bd357-593d-40b5-bb08-a4bbb0926868, 8505 
284195 081c508b-0e03-4250-a0f8-0b83c37bf759, 8505 
372456 39b20dd9-8db0-4bed-9055-3dfa49bdaa37, 3919 
64242 4f3fff02-781f-45f4-9d54-fa06839896c0, 3919 
264815 26318652-af3a-4dcb-8b27-37a918eb177d, 8505 
308886 93e2263f-db83-4c8c-bbc0-0b497897da69, 3919 
191163 e765e5c8-b9c6-4165-970e-7aa512efee62, 8505 
359694 4c17f058-d009-4a0a-8f18-e191b3ddd53a, 3919 
196282 7b6d4d7f-b595-4350-9be1-880f2ae38ea5, 8505 
118119 0edb0d4b-5c87-472d-9541-76f1573128a1, 8505 
226548 c6c2bb21-1156-4deb-b379-c8f0c9c64661, 8505 
269451 33379ad2-02c8-478e-9787-b82d1e5f0da9, 8505 
323833 1f6fcc3a-d51f-40b6-99f4-ac9f5b2914b0, 8505 
339013 f9595249-4e33-443d-9e40-5713acd693b5, 8505 
319131 db328774-2eb6-4b47-992a-67c29c18b9fd, 8505 
25422 fa74fa08-c63f-4bdb-a1be-2b2b93c31577, 3919 
376100 64bc347e-4a1f-4851-b4b4-c337abc960de, 8505 
374560 70db514d-ba0d-41d6-9a73-adb440c686e2, 3919 
352981 fe95e92f-e744-4ec1-a7c9-becd868ce696, 3919 
240136 761f01d3-ad78-452b-95ac-0225142f0e36, 3919 
277210 d560d97a-8577-4684-9512-52593d18495c, 3919 
399528 8da13513-6e8c-4190-95c0-13833cc8d780, 8505 
80192 d7bc1bbe-9d91-4ec7-b499-abe352d1309e, 3919 
95229 f5ae4242-8fed-4fea-8cd7-2f64b44c4d23, 8505 
389268 0e910ff7-b78f-4e3b-8062-aa05fe5992d1, 8505 
205379 36d5e67e-37b7-4dde-8773-c04d77682e27, 3919 
121876 f5adedf7-1fdc-42b6-9c9d-71c62b59937d, 3919 
359251 b7b51c83-17bd-470a-9612-c4c87e7a0bbb, 3919 
62930 bec1d115-97d8-42a1-8da1-aa336c6f785f, 3919 
103748 fec178a3-f95f-433b-a0ba-991baf3a93f7, 3919 
3467 3063d149-da12-4ac9-82af-00b0d60637f1, 8505 
222181 b1d3af19-7872-4ee7-8eba-edebb2673fe6, 8505 
67493 f07c7030-abdb-41d9-bc5d-0583e0181ada, 8505 
229041 381c3717-b1d5-48d5-879f-4f66421e30a5, 3919 
112721 3ffec585-a91d-475d-a16e-d74d9896f22c, 8505 
60627 599e8dad-b306-44de-b4cb-da6b0234dbae, 8505 
321603 6ea7e368-87de-439a-a015-87b6e49650a9, 8505 
13203 75cdfced-5cac-4ca8-b526-59125788876b, 8505 
118577 76e3ac0d-c43b-45e3-9720-c2967cd38e50, 8505 
209062 4e27e965-8ec7-4eff-97b0-b09b662a410b, 3919 
58627 fc9e7e91-30b9-4f5a-9923-2db415ca6eff, 3919 
290505 8e975469-d984-4cb5-80c2-95e5fe94bfb0, 8505 
194007 ea8a58c9-b56d-4bb6-8c57-7572cbdf6aa3, 3919 
172163 395ad52d-c563-4023-87db-2022d6d6f640, 8505 
106599 f68f0264-cea2-4cb2-b855-7f81c888c1d1, 3919 
311162 30f02356-65e7-4dcb-ab58-c5f17e363343, 8505 
366315 3353977b-ab11-498d-8ec6-83a06f2c6f20, 3919 
365743 a1be04b3-17ed-48fc-8ca7-a7fe4d67ee68, 8505 
102981 c1834642-1903-4321-8c89-0cf415043b44, 8505 
153013 18a9c4a4-a7d5-4aca-8a1c-50b872f95c48, 3919 
16235 3d97b2df-ba67-4078-8336-8d7f91e7f4bd, 3919 
60174 1a21b76d-96fd-4610-9add-9006f0aa7c52, 8505 
42191 c28bdf00-808c-4186-9ec3-f5b59ff6e554, 3919 
44936 5d8f4bd2-2f62-491c-a8f8-f1c6c34f8f30, 3919 
252678 345f9a54-6509-453e-9a29-d1201d57dc9d, 3919 
11324 cee8e0fa-db0b-4c27-9e8c-9513befc5518, 3919 
180129 38764503-9a60-4bc1-9b03-d4ae88720ba9, 8505 
233316 3cbe141e-b3c4-4557-bdc0-526e28a17b7c, 8505 
268696 b35ae73e-9b43-4de1-b6e5-349c35a6c027, 8505 
110065 0c2d3e39-08d0-47e2-a232-a4bbeaafa222, 3919 
254500 eab89a8c-b91a-4c1e-b3ce-8e13c0b1e0b2, 8505 
299098 30f25700-ef13-43dc-a7ed-97e3b87ebac3, 3919 
33182 245eb416-8e36-4ef8-8465-1027600d73d2, 3919 
31185 1f7f745e-36ee-4f26-9b1a-8b4b2fcd45a6, 3919 
307403 56015cb4-5083-415c-ad2a-8a80413a9151, 3919 
322163 736dba4b-d822-4d95-9660-907079a28f18, 3919 
179613 cb58e9e5-7d01-4fc0-b776-0528d78ee847, 3919 
128204 bd1a5b76-4942-4b3b-a290-5136910c477f, 8505 
246751 18473fa7-9290-4bc3-8aa4-87c2c071884a, 3919 
270820 9521c11b-4cdb-48c4-9353-68d42f2a8954, 8505 
96743 fd7f2f9a-3a52-4c31-ad18-e0c5935a9c34, 8505 
304069 dfe68688-30b4-4de9-ac29-97ab186e471a, 8505 
397606 07342e4e-1657-4740-ae2f-8d2a0d3b0b6c, 3919 
45943 826d4d93-dfde-4615-ad6e-b5ecdd147c3c, 3919 
338781 9405d630-08e0-4054-a1cc-31e870ea9037, 8505 
401141 aaa69cca-8be7-4be5-bc1f-c9a31c9b8b95, 3919 
403566 8586c29f-8df5-4bea-9f12-17c30e6be23b, 3919 
198526 cd01cfb5-d948-48b0-ade7-bf74185161c4, 8505 
341479 fb1444cf-0961-4450-b730-4927dda1b18b, 3919 
130347 d6622ef3-4b11-4120-9ce4-c1d8693ab0f0, 8505 
58066 6f228a72-9af8-4197-96a3-b908754936e2, 3919 
356925 4bea1310-c969-44dd-b722-0c1dede9c5a8, 3919 
109115 9387b755-8b94-4895-8513-86100d4494a5, 8505 
140521 69efbc16-6b8d-434b-bab0-14ba91f3ed2c, 3919 
330421 6f3b3314-4725-40a9-94b6-272da587188d, 3919 
187211 4c822900-0482-48ed-b86d-b376433dab22, 8505 
93166 3c1cf79f-14ca-4f5e-94df-5051de2c6d2a, 8505 
227150 dcb45fee-b354-4152-9b70-099072f6e958, 3919 
333912 18385c12-048b-4250-b173-7ce3d6971007, 8505 
332350 5edf451e-895e-40ae-a2b7-52e8c16c70ac, 8505 
46485 3e8178ce-0aea-44b4-af92-c36451e64e59, 3919 
238768 141e43d1-647e-469b-9a53-f75717569622, 8505 
60618 5624f5c7-3e9c-44b7-b58b-69db1454e8a8, 3919 
34031 92909493-c08b-4e3b-948f-71b806c80ee9, 3919 
342032 e3d8c260-9ee7-457d-8a93-2908d4dc0f02, 3919 
211437 033efc52-24fb-4a09-b983-29d8620164fa, 3919 
96286 2ccfd9bb-7070-47f2-b68a-4ab696b9354b, 3919 
44136 5a5c2d4a-bd1c-45d8-8863-4770399114f7, 3919 
109055 70bc9b8b-6087-43ba-822f-76dd5e33608b, 3919 
149185 84a43ff7-f920-4b95-9f49-81bb755a6c05, 8505 
1657 c5ee74e7-3c2c-4f6f-a864-8481f318e801, 8505 
347693 9b6d7bac-b45a-4abb-a744-a7ae40827eb2, 8505 
2544 aaf403a4-9306-4aa3-b1c6-0a6fc10913c0, 3919 
128258 ff4453d8-46fc-4e4a-a746-8e3ef318ef12, 3919 
58976 da3760f1-aac5-42db-bcce-4e041dda3892, 8505 
156122 a83e8ea3-7b7e-468f-be30-2c77ef1ef525, 3919 
203488 16735630-6e53-4ced-a899-bf20ad9ffe70, 8505 
361629 58680fc4-b8e8-4960-81b4-f826687e7ff7, 3919 
395506 4814957d-9fb4-4ef3-bdd4-dfff4c232784, 3919 
15885 a4c04b8e-9908-4940-9b25-ba16b2b1c6ce, 3919 
175032 325417ce-c6e9-4d8a-b866-50e8be496eda, 3919 
293381 16e8c13d-7112-474f-a8b8-56796af07cd6, 3919 
389271 baf449ac-86eb-4dc5-a2fe-0b808265f110, 8505 
94409 619d131c-77af-4db7-90af-0f25dba6782d, 3919 
177955 7f2877ab-dde3-4abe-b7cd-11eb2b6bc7ad, 3919 
214266 41cb3303-d1e2-40c7-9bd5-e306c42f4254, 3919 
69230 ec6fe2b5-f2eb-4a2d-9ec6-5155af74cebe, 8505 
10859 cb5c2cf6-6ffa-4361-9634-812021c4cd46, 3919 
327825 47595ac3-6e01-4dc1-87a5-77f0936eda42, 3919 
179117 07a7ba63-1c64-4f23-aecf-def28553e9d3, 3919 
233151 2b9b8c26-254b-46b9-b1d1-be9c3097fc7a, 3919 
70771 27a20899-8633-4021-b444-0dd7ce37e78c, 3919 
398669 a0e51f95-46e3-49c1-9f12-a216c9569326, 3919 
103919 97de75d0-bb8f-440f-aea7-36a0f65697b8, 8505 
269714 b78fc8f5-3b2a-428c-9209-9d7c1ca3b7eb, 3919 
113286 1a086879-b3ba-444e-880b-acad85cbc8fa, 3919 
225809 f1853965-d115-457b-8cf9-8d0f365a0a77, 8505 
283836 a1f7c7d4-3d41-41b5-afe0-a76dd82ccf99, 3919 
337746 09636c79-10d6-46c6-ab01-820987863d0f, 3919 
367594 6003a94e-687b-4128-8b02-8c307f428b5c, 3919 
81373 9865cff2-baf6-4374-84fd-4823bfedaeca, 3919 
147846 673d8a90-dcc9-42d7-8304-31f15d770fe2, 8505 
309245 0ab4fcd2-fcf7-4a46-95d1-d3efd9731186, 8505 
205992 25d86cc4-a500-4e48-a4e3-6f7be92c17ce, 8505 
8881 d689873c-741a-44dc-bbd1-cc76bcc09686, 8505 
176024 165e9067-383c-488e-af13-c98056114953, 8505 
303855 1d4f3c28-a835-4c20-8a78-55d17d341141, 8505 
273907 3c08de90-04e3-4066-b4dd-aceb2045938d, 8505 
242892 aa451dd6-4a80-471f-9a9f-8c0718751fc8, 3919 
106032 261451ce-9fd8-41b3-95a8-5ed658d7fd12, 8505 
8465 bb3d7d60-b796-4210-ba8f-68348b55caad, 3919 
294195 61c32c1f-e813-4d5e-aad0-2ddedf6e8625, 3919 
116146 d2ed4a60-f8ae-4339-a4be-8d76c9a1ee1f, 8505 
326370 ef21a4fa-e510-443b-8f5e-6a81ce0f0dff, 8505 
335080 3811d5ff-813e-4a70-8a5d-6ccd559a2c04, 3919 
248837 ce07805b-4028-42e8-b9ce-5281d64f26a5, 8505 
156810 36301767-3ea9-4b90-b2fc-7633947179e4, 3919 
63050 8ada3a73-8291-4c81-b7db-61fa9a14ae9a, 3919 
184974 7899d5bc-4a78-496a-bd87-0a6374b939de, 3919 
246660 27d91211-ff2b-40ce-93db-19021484f476, 3919 
44965 83422b2e-09eb-42fb-a52c-8dd194feeb91, 3919 
163786 b6edda63-47e8-48e7-925e-273f04b79956, 8505 
264055 331f8036-1419-4660-ade4-b30aec4710b1, 3919 
163968 61508b8e-51dc-4d80-b89b-91bcf73b5610, 3919 
266084 8202a95f-5b04-4819-aaca-4058d84482fc, 3919 
209710 c47c8f2e-acca-47df-bcd5-241525ae83a4, 3919 
162226 927bd0d0-c00e-444c-bf2c-d3a4b1ff24ad, 8505 
282888 f2b0ed5c-29c6-46bc-b58a-58813acc75f1, 3919 
305161 cec4d766-37bc-43d5-80fb-77e00dd1799a, 3919 
221958 727dbb9d-5e83-4796-9b8c-dd6eab22967c, 3919 
124974 a300d7a6-ff69-4569-b169-4f75cc17557c, 3919 
153516 25ca41ca-8115-4992-b0a7-01b3c63173fe, 3919 
351053 c46cc976-45ac-4bd4-ae5e-d79c7f005a8e, 8505 
314626 2cf0f522-a625-4d81-af74-71981914b66e, 3919 
341692 83148ed8-085f-4c2b-ae03-aeba9b7b2fee, 3919 
232665 a31d22c0-12fb-474e-840c-ef68d1590ad1, 8505 
272076 cae26ae9-ef6a-4ff7-b2d8-f9c7edd9cb7a, 3919 
88149 43f6e891-2652-482e-b260-100484aab012, 3919 
393732 27f84639-5d55-453d-9c30-b038849a25e9, 3919 
225495 f717d9c2-8dd0-4b77-a0c4-4958da7563e3, 8505 
184334 dbdcf76f-28ec-413b-aa1b-da183f539073, 3919 
329218 6cf904dc-b2eb-45e8-b6f6-ed3b3e39774d, 8505 
170598 ed87a8ab-6b70-4872-bdca-5d2049d3ffb7, 3919 
342461 b99610d3-710d-4c95-a0d2-d22bed44874c, 3919 
95968 82284ae8-75db-469c-a939-b38bed275c07, 8505 
137787 67eceb0b-b882-4453-995b-dc59f4c8d9f4, 3919 
369396 d8c98e81-8127-439b-9139-6f84a5719f6e, 3919 
9631 99907b56-ad4a-46d8-aca3-7d5268aa96b9, 8505 
282138 166b0aa9-4ab0-43a6-9881-d05c0e9bd088, 3919 
363023 5274120d-de6c-45df-9eba-03223147e866, 3919 
128415 804d1c8a-daa8-43fb-8908-a8917289f3a3, 3919 
135374 d15292d4-e875-413e-a4e0-25708938981a, 8505 
402113 88d53b68-0676-4a33-9e74-68f391227fcc, 3919 
170776 97d6c94b-b054-4142-8ad0-f392bb9d69b4, 3919 
207133 02d7be19-a043-44ba-a30e-3cf13bdd3229, 3919 
46329 5cd0c7cb-2715-46f3-a580-de33b478ccce, 8505 
396834 1e44339c-0e08-45f7-8e9c-bea3ffff5309, 3919 
53972 a07f6ed8-04b1-43ff-aacd-536365cee201, 3919 
162665 8a1fba6f-f587-4c32-a854-9188b67e55a1, 3919 
388352 8d526f78-5e7f-430b-89ce-869432fdeada, 3919 
350930 3b9703eb-9122-4252-a8cd-6600c47e41de, 8505 
76636 e14b7b78-8d15-4655-bb6a-7e21817ec7bc, 3919 
34801 22a58798-9153-4d69-aa79-a840d0f2e9d0, 8505 
64403 c50c4d3c-35ce-42e3-a9e7-1176de96a324, 3919 
185217 1d5ff9f3-cad6-4838-8e91-8db7ce5d04cb, 3919 
333837 32724d80-93c6-4471-aee9-4ea6dd74ed0a, 3919 
300289 50bc6b15-4a1d-40ee-b6ba-e18de921b697, 3919 
336120 3f6efdc9-0688-4060-97bb-57ed21987226, 3919 
191307 30bf97fc-51a0-40af-ae94-c85ab5e070ac, 3919 
186884 3a7449e5-3293-40f5-a2d1-79422bc1fe17, 3919 
55949 117646a6-85f4-444e-92e2-d75d014d5f72, 8505 
65714 c893b985-46ee-4ba4-a6c9-54bffbeeaa0a, 8505 
18724 0ca1fc3d-d835-4692-8876-6a9910c3daa2, 3919 
104703 45248e48-d109-4f32-ba13-4c6ccf7fea5d, 8505 
139893 1c94d9db-5afb-480a-a2a8-8ff3cb36609c, 8505 
213833 662eb423-7ed2-4c41-9eb0-fd0295b6a207, 3919 
140287 121883f4-c0f4-4249-8b0e-68aaba5334d3, 3919 
159992 fd8d07d9-463c-4cb1-a3ef-37418dc74ab6, 8505 
173906 59e82bd9-86d6-4768-bce6-96a983d8cec0, 3919 
365798 b368df52-e2c5-49d6-9a72-7b439a9f2d33, 8505 
364421 d11ca3d0-db11-4c6f-97f5-c6f3e9f6b859, 3919 
313791 bf2f5645-c3a0-43d7-8fce-1e6ad28698cb, 3919 
261500 42a8e573-1378-468e-8c2c-961f534708f4, 8505 
277570 03d3b1c0-a6c2-43c2-ab64-50e800c3b5c5, 8505 
104998 28750692-3bbb-4463-a3b1-76a5472939dc, 8505 
380153 653f0fcd-160b-441a-9884-22c2012fb083, 8505 
68753 f5c5a89b-d7d5-4094-96ae-d70a4e166d7c, 3919 
10403 dd182553-c71a-4469-b93a-dea0ca35e539, 8505 
324005 a0a8a0cc-5264-4e08-88b5-381a2222ecc9, 3919 
331170 812c7eaf-f123-45df-bd25-ff2cee27ce20, 3919 
84618 1e778c73-c628-4fbc-a147-9f6ba45cc383, 8505 
83779 383e9f2b-6767-4000-a1fa-7603b6de3717, 8505 
300796 1fe99559-ea36-44b6-bc52-330ea7bcc8d0, 3919 
75139 033adeb8-5ff9-4405-be6a-00174d466544, 8505 
72941 d536fd8c-ca7d-40cf-aa04-c999126957b3, 8505 
109684 4e693e86-52a4-4c50-a372-fbe238ba3d73, 3919 
200269 987a7b66-5ce2-48f9-b4d7-dde78f1a8fb9, 8505 
103555 1f8ebd81-d366-45c9-a13c-a2574a38fdc0, 3919 
47377 660e4cbb-f06c-481f-afea-07fd7c11d071, 8505 
367522 f0b7eaa4-e874-44f2-81c4-ae63ab374534, 8505 
260474 0acae9c2-13e2-4b40-a078-3d99d013908a, 3919 
366918 d214559e-e96c-48a0-81f6-e997d4f23c2a, 8505 
154645 446c175a-a47a-4653-b311-e29ad59c8593, 3919 
72689 b72ec272-b425-44d9-adc8-09692cb48689, 3919 
265137 eedfc6df-6dc5-4f3b-a611-1cb83629e6bc, 8505 
135488 96d99c49-9948-405a-b727-f5b22ad0d9a6, 8505 
289325 2325db3b-2d45-4672-8130-d72756a4c8f4, 3919 
235305 230a7766-0f69-4e3b-aa47-ed8d4f24deaf, 3919 
255692 9f95b38d-fd8b-4d1d-ab38-86f4268c70b6, 8505 
8786 4d7b4a55-7aa6-454d-a041-ba459a2049a5, 3919 
116355 1b7ae38b-7d33-455d-aba3-1cb64e2ea862, 3919 
6116 fee2f611-de79-4319-90bd-d1de61d45006, 3919 
64298 fe22cd08-2e39-408c-b051-5a297d4efd0c, 3919 
360301 4ddb470d-0ce1-4893-adff-36a5286b2cb8, 3919 
326027 ffc7c73f-ee1a-4634-8325-e292fae2d97c, 3919 
125246 009edeef-f809-413b-89da-f5f6fe6e72ed, 3919 
3037 1d940274-96ab-4ee4-93c1-0f16e1ee2086, 3919 
281456 dd5298b5-e536-46e1-baad-0e15b8f96f71, 8505 
10804 7236ad1f-3742-4d43-962d-00b5b4467ded, 3919 
297099 c1ed2501-7dca-4465-80f4-9363fa08465d, 3919 
216777 9887690d-2aed-4b32-bd47-ce6a40c291b3, 3919 
259233 40a4c5fe-f4ee-4533-be53-ef58ee411d12, 8505 
52857 8e71f56b-787b-4e13-b7fd-5f5cc440fa4c, 3919 
276413 4918448d-85c2-479f-bf74-3dfad493d59d, 3919 
299611 1405fbc8-6b6c-498d-aa6f-d9109bd78c2c, 3919 
63969 5fd9fccf-9b5f-4627-bfb1-26ec98ca72f9, 3919 
10289 ee24ac1a-0430-44df-ac1d-a4f4c5a227e4, 8505 
278572 79c02d8f-82ca-47de-a723-80088cc3a6b2, 8505 
209080 1fb3a102-b3c1-445e-9008-b856f57f2dd7, 3919 
250738 e370e5cf-c097-49d5-90c9-926f1d949855, 3919 
158304 aa42c40b-bbb0-4ac9-a192-48c2ba26dae8, 3919 
278271 204c0402-bf2e-42b7-bcbc-d441662215fb, 3919 
186279 2934b555-56ad-4af4-af39-0abcfe2e83b7, 3919 
119670 c71e9c36-c929-4cbf-90d5-8275ba69978d, 3919 
259547 55eb4967-d433-4c2b-841c-6ae96d6db371, 8505 
333420 04ffb2c7-5c90-48f2-96a0-58eca49dc041, 8505 
359266 aacd1da6-a622-4cf9-9de7-6d6b5d9f8fb6, 8505 
145124 3670cffa-1a8b-49a5-85e7-f2eb1665cac0, 3919 
169826 a8ffc9da-3971-4a2a-adb9-0a3dd9ec62fd, 3919 
278917 83f52e96-600e-40a9-bf9a-e7ffb7aaf98d, 8505 
186254 faeb86c8-9ec4-419a-9f9b-4960400c3876, 8505 
270584 30eac41f-4284-4389-9dee-83576986c043, 8505 
53318 a10e9a6c-330b-4bb6-b0b7-446605bbe990, 3919 
68726 1bc6cf2e-3da6-4d65-9b90-95b6d3094237, 8505 
190966 2b49df84-3826-4763-b674-3294d4c6ec1e, 3919 
231463 2f06ebb7-a2ae-4f0a-ad5b-36987c5b3434, 3919 
47931 6aad88cf-9d99-4af4-8496-aca4c01acc9a, 3919 
113940 63c4c5c5-1781-4acf-b187-7bdea9e0aefc, 3919 
109190 25c674ec-6bd2-4fef-b75f-c995520c011b, 3919 
95842 ed3fa606-41b4-47ca-a9d9-9897b7e6133d, 3919 
205890 22496452-e41f-42e4-b51f-ee44eb5296d5, 3919 
25492 0628f6da-b69f-4af3-929c-4746728b23de, 8505 
134124 0edef2c6-12d7-4604-8a75-1168384ed1d5, 3919 
7339 65a2faa3-d06f-4ee5-b72c-339e9be21a8c, 3919 
48192 dfb19faa-6f2b-455e-9bdd-fc078132853e, 3919 
397529 a597ab1b-12d7-41fe-92e2-6ab0b29cb474, 3919 
318212 9160fbe4-5d46-4e77-acf3-90480dfd549a, 3919 
282482 ac3fa38b-00dc-425e-bb86-c30f9a27d423, 8505 
75602 900ae992-972b-43c8-af05-361a7bc6cc38, 3919 
165977 63cbe2a5-6559-48aa-a323-d976f84018ff, 8505 
67759 e0e31e44-d09a-4f60-8969-ace5c146af6f, 8505 
53696 cd7bae33-028e-48c6-b9c7-738c526943fe, 3919 
383137 605345ce-8d4b-40d1-817a-f1ab3d70a183, 3919 
80269 9bafaaa7-51fd-41d4-9681-394aca49b32c, 8505 
214770 234514b5-36e4-4908-b951-65288ab370b3, 3919 
367101 b6d66107-9348-4150-b1b0-2a5932eb7dcf, 8505 
227968 4c099d79-be15-4fc1-abde-5019613232c6, 8505 
135372 6bf085e6-1ba2-4e66-9e75-c84efef0da8f, 3919 
350513 076e8d81-5203-4aff-8479-30ba461ed002, 3919 
377232 97247c01-f2ae-4302-86e3-f462da9e48be, 8505 
210858 33b52fc7-38e8-4bbe-bf3e-91a68df4a23a, 3919 
237689 63633611-e58e-44c5-b1cc-197350b96d84, 3919 
265401 346f9ef6-8fc5-4a79-9c7f-d88bbc4c2964, 8505 
113862 3dcb950c-8f6c-4134-a9a4-7450c8fbf315, 3919 
276060 ca3f8a2c-610e-4e78-ad2f-50f49da12b30, 3919 
194989 983ba087-2be5-417e-a3f2-64ed6845f1dd, 8505 
401180 fe064f18-5a70-422a-be58-c5bcce1a05aa, 8505 
167189 3cd4d359-b978-4cf8-8983-3df142f281bb, 8505 
366285 780dbc8d-c10c-4eb7-8bd8-c592054ba460, 3919 
105252 fb5f58f4-90b2-4b27-9170-14b507f85a71, 8505 
165476 4a21d461-b051-4d64-8275-92113906ec7a, 3919 
104285 922b35f6-0b1c-4a2a-8875-0f2fdf014358, 3919 
217902 083ba876-4b2d-4ba2-a3c0-25934aacae6b, 3919 
352805 49ff58ea-a89a-4483-b5fb-7deadedc8192, 8505 
205006 c07aa8c5-2bdb-488e-9819-dadb07aa78a3, 3919 
321058 8992b079-2c07-40f7-affb-89265d5e2592, 3919 
175108 a7942040-4e0c-4b0f-9465-83f9a949ee26, 3919 
254184 8e884eef-627e-48ef-837b-985ac817861a, 8505 
248832 03fcfbff-277c-4ff2-b1c5-58a0881fb11a, 8505 
213912 6647213e-e4b8-4961-9b4b-c9bf14245fbb, 3919 
193572 9214ac0a-0c81-4a64-a354-f27b82d4432a, 3919 
292108 ad37c9c4-bc3b-492d-818b-69064d41c4ad, 3919 
153876 15d7a854-d621-429f-b7d7-1911d43a73c4, 3919 
138315 b80276cc-d651-4172-befc-8b15189feb8a, 3919 
120897 e8ff4b23-2104-436b-9646-7ccd1ebd5f53, 8505 
336745 65dcf0da-bc9b-4ee1-8f58-36ea44749b21, 8505 
61564 1a04a264-64d4-42d5-92e0-b0b8067574fe, 3919 
371807 fefa1ec6-8dbd-42ab-ad62-6ff4bbb7ea79, 3919 
162735 c36c172d-7f1a-4415-8890-0afdda5bc21c, 3919 
214145 d2b892dc-588d-4d6d-a8e6-af565a2c3007, 3919 
379778 c5590b99-f235-495f-93f1-6ab7987930d7, 3919 
155907 40a637c9-87d4-4240-addb-28f460e25153, 3919 
169431 8631db98-7eba-4148-8f76-43069c4d794e, 8505 
43832 d8e61c52-75c0-4fb6-8729-f07e6bec96bc, 3919 
347283 478bb920-05ab-432f-ab0b-04651619c9aa, 8505 
176075 443d8db8-78fb-4861-90e8-f5d5f37f991d, 3919 
171894 ce0b11cf-4b02-401f-8176-9343b19c8236, 3919 
305 72ac02a0-6a0e-47c2-8731-3d97a9fb1803, 3919 
29595 85f55d13-6cc0-4e74-a10c-6fe0138067d7, 3919 
143869 7401e79e-a356-4531-bf51-21232dc35abb, 8505 
198104 8ca67c3e-cbdf-407b-b5d4-d2640caa0a59, 3919 
81038 3e7abd9a-15e4-4df6-935b-c384b68fc491, 8505 
262394 174b073c-8027-435b-8438-e147fae20d94, 3919 
279300 e643ddd9-2cc4-4855-a4ba-f6077b71f43e, 3919 
349458 dbe6c8c4-c2a7-45e0-b512-4261b1b3d136, 3919 
2141 426c8f33-bb1b-4c7c-84bc-dbcf01ab425c, 8505 
310360 599f1e29-5aba-47cb-848e-0cbf2d4fb4c7, 3919 
208351 ee507a99-358d-4c91-a9b6-f6d82685df8f, 3919 
376163 cef78ed2-8cea-449f-b942-17cbfa76a663, 3919 
384493 10d1021f-a867-464e-bd2c-a6854b0d5107, 8505 
227394 b7ea7e7d-03c0-4b64-a772-3030b0aea343, 8505 
210440 885cf169-4a9e-4e68-b58c-6b15f96d927d, 8505 
143072 a697cae3-a02a-4875-b778-5289e43e66fd, 8505 
359508 4516fdd4-a01c-4dc3-b715-fcf0af88f0cd, 8505 
308137 72b9da23-8964-4e64-8bd8-e7a8d249a699, 3919 
312786 aa60d014-7f83-4d05-875e-66eafc5de390, 3919 
183800 40bb24b2-dd1b-41ba-9e11-95adf05784c0, 8505 
244250 20703e28-cbff-4584-9427-fcb474e3cc37, 8505 
363996 7e71829e-f6dd-49f2-beae-a95d22566101, 8505 
155419 d2a5f34d-a593-4c51-8d1e-31f574546c23, 8505 
100413 8164e21d-2905-42f6-a2c8-18f0db815bd6, 3919 
135163 67445ec7-8fde-4f2a-bb72-e23bdfdda773, 3919 
5856 d1feffe4-96f7-4c43-9ea9-db1f82f56bb4, 3919 
198628 862f12f9-5c39-4bbf-8f0a-6a8fd119289a, 3919 
112367 1f96e8c6-47e0-496f-bf61-1b261f124463, 8505 
279055 9949ee3f-856a-4860-88d6-768df990d293, 3919 
344858 b532a5e0-cb4d-44a4-b7eb-3777318e67dc, 8505 
300733 8b4685ba-b04b-4222-b28e-3c8f70a6e6af, 8505 
285567 5672ec15-a56d-4de9-ae74-b39776376c06, 3919 
101508 b01b0ba8-9163-4e30-9f87-212d6496452d, 3919 
301488 8f878d78-91a2-4c67-a539-2057093daf0e, 8505 
368217 8444be30-431a-45aa-8b08-61f118d37e92, 8505 
166325 bcd4c071-4601-40f4-9d94-0640a40b9065, 3919 
27976 cf12f3dd-3623-4f2c-8b77-95432a7ee34e, 3919 
102824 a04b6ee4-9b26-4da3-b86a-74372c4ed0d6, 8505 
340836 c54bdf17-6dde-48f8-9209-d7f9b6596269, 8505 
390521 b095c1ce-ac4f-4d99-9ad5-0a61ceb9bc4d, 8505 
62765 4c996def-e949-405f-8de9-02b93e924db8, 8505 
242619 aecda302-b871-43c9-85c1-0d6aae52144b, 3919 
195161 3fee200a-2f10-4645-a5cb-56b5aa3c9496, 3919 
254211 30737016-a655-49f0-9ce6-090cb7ce51b2, 8505 
66373 51ab1873-992f-4a38-9f9b-a9fede073d06, 3919 
156310 a57c2e03-63f5-48b0-8664-1158271c6182, 8505 
281076 b96afa6f-d26c-4208-a544-64e2a9dc1dc8, 3919 
245899 c2caf443-897e-406a-ac23-930e3799881c, 8505 
308611 32d956b9-633e-4559-9ef9-7161e2bbbf3c, 3919 
46085 1c09e3bb-b23f-4c37-a9f8-26f35378af3c, 3919 
233149 e84a41ce-6f5a-47ec-98dd-b016bb362439, 3919 
94706 cf5b3759-6e5d-4c38-9898-6790785e3e20, 3919 
172806 e1b7c22c-b079-4469-8efc-c193cc7b93e5, 3919 
152388 57513150-c322-4f6f-84cb-60a7e805d7c8, 3919 
282412 0d78e158-7001-4a39-9ded-87ae8da48909, 3919 
393675 b7b73460-33ae-4059-a8b9-5c8d53ac427f, 3919 
70534 9f61ff03-abc1-436c-b2aa-0b9d325facc0, 3919 
305849 2e579564-665a-4611-854e-87b7240fa41f, 3919 
70443 1e21db76-c15e-4257-9703-a1aaac900a50, 3919 
116525 5967edac-b8bf-439d-8237-1e937486a4d8, 3919 
187316 87b1a46c-334e-400c-bb56-6462029b6410, 3919 
311369 37a0a000-544f-46ae-9c81-5eee361f28c5, 3919 
336610 7d79144c-1ab7-4fc7-89e6-f5cf92c337f2, 8505 
323415 d1a91e6e-d836-4b36-9686-6270e1d9a8f2, 3919 
273599 b7db19b1-f6ef-4129-a2ef-94e571e6a230, 8505 
277983 85d6c3ec-4de1-4d98-817e-a966f9b9bcf3, 3919 
69422 922c0c36-5a0d-4573-aa1b-c81b676f454c, 3919 
126407 29953c19-95ca-4ac4-aea5-384cf347a88e, 3919 
88412 32ed9549-10c7-46bc-9389-0386f9324d0a, 8505 
115850 d3b00cc2-6f39-4c14-b863-b76cfb470a44, 3919 
116493 085bf4ed-c2d1-4a20-9330-58922131dccd, 3919 
92719 fb119beb-a840-44a6-bd58-06e8a41d0da5, 3919 
25034 d0363df5-efb0-4f10-8fca-8929ed61ab91, 3919 
226416 a48a51b7-f1ab-4314-8c03-e90aff4ef93e, 3919 
46089 106f89fc-8e85-46d9-858b-1210ad96e2f8, 3919 
221979 d39e64c8-2649-434c-aff5-2059b1a8b00e, 8505 
254447 b4f1d9b7-2209-4d8c-893e-f820a61ca26e, 3919 
195876 1ac59f97-a7d5-44bd-88a3-938388cc130c, 3919 
357905 3cc86348-e2c0-4339-9fed-6d707fcb3ba9, 3919 
361780 b154c591-2824-40a6-b462-3eb0cf9673b9, 8505 
128334 a33f21f7-fa2e-49e2-bb59-5afc800ddc37, 3919 
280662 78a403a9-a3d2-4347-b4a2-ab4fe77867fe, 8505 
191780 d446a9db-2920-42e0-9a18-e1f544afca3c, 3919 
87361 f1be98fa-c7a7-44d0-a865-9fc8cabf7018, 8505 
136545 d8478d4b-a492-4ae1-9319-b981728eae3c, 3919 
50606 09647cb9-f68d-45de-a5f3-5d247599074f, 8505 
310775 79b5682e-6c03-4134-993e-82828f2774d2, 3919 
61345 3dcb0b0d-ae52-4737-a978-3e963c918488, 3919 
177008 53aae1b2-859b-4893-9f4d-9297dbf614e9, 3919 
101807 fafab88b-6619-4eb6-936c-4f4d1fe4e579, 3919 
379765 38cc237e-26cd-4ae8-89ff-ba027302447d, 3919 
74052 8bf2c0b4-60ea-4593-bc0e-68bd2ea9594b, 3919 
375404 9fe1ad48-5fab-487a-b22b-b34ed3ab6421, 8505 
344734 7c89309b-b6fb-408c-8746-1a4c6e602706, 8505 
90657 857fe897-8667-43ff-bcac-b9e5e3ed9c10, 8505 
215024 9d5046be-8e18-4ed3-9d73-8e68c0dc0c57, 3919 
162195 f8b59ec2-71c2-45b6-8023-9cf7cdfc7b4a, 3919 
103298 9940f7a2-6b1e-4a25-b8d8-f1ac9a6b545d, 3919 
33028 e2ee73cd-8327-46de-a9d4-b7fe148e18f0, 3919 
337991 b0cee972-a9da-4bf7-a68d-a86ab7145799, 3919 
175911 7179531d-2e32-4d79-8e33-1ea250911385, 3919 
235249 e2c104c0-a801-4371-b5f8-d10f9ef81681, 3919 
101697 7b0367fb-dc7d-4a60-a58a-b34611ffdbe7, 8505 
120788 92d4c090-5468-4481-8936-5afe88aa79dd, 8505 
331592 3c3b8ae5-3956-4bbe-98ec-15d3fad43e31, 3919 
257740 af7c5ff2-86e3-4557-a03c-3063b1e4c847, 3919 
123521 5480e0dd-7cbb-4f8d-89ed-c44ccc81eb1d, 8505 
161213 c734a49a-490f-41a1-b77c-9d2f45271093, 3919 
260667 88ec6b14-78bf-49a4-b7e1-52caf49ce363, 8505 
224281 f9a18e1a-8c5d-44ee-b2f9-9d5d1db9d048, 3919 
212508 b6d89a8d-18d8-480c-ac59-a77119dcdc68, 8505 
284543 30efa79e-6b48-4bba-9890-ca066a30dd6a, 3919 
189431 c2692b9b-72b2-41dd-815f-011d8352cba0, 8505 
130985 2570a197-4ee2-46a6-a59e-80b553c27d0c, 3919 
103586 462a99e7-0467-458b-a70d-29caee6fc495, 8505 
37046 f28ac0c0-b025-47d1-be5c-a33db01c7b31, 3919 
122487 21f3a6eb-a51c-48bc-940e-700b6cc08ba1, 8505 
353184 e57be47a-638a-486c-ab35-06dee54481f8, 8505 
282269 f1aa5ad9-176e-440e-9612-4ed5fd962e4b, 8505 
401055 2ec8da79-b45d-4ad7-8efc-0e5fa9e1665d, 3919 
225947 ff44eec3-2dfc-409d-999f-240c2447edf3, 3919 
347951 b1d48b31-b063-42a7-b2f0-92fe9318b6b0, 3919 
268929 d7dae06c-0ea4-4ad2-8b44-15e956b36464, 8505 
70359 315117d6-0295-4fcf-b702-18a67186a7f6, 3919 
218498 3a317f3b-ccab-4a99-979d-d03af5bc032f, 3919 
15556 80d81cc1-3867-487d-9968-1b90a4386bc8, 3919 
184501 5bd3530a-5b14-4600-8830-7028f0400ab6, 3919 
342341 3fed3b8a-37d3-44ee-a700-2a0eb1dc9553, 3919 
326168 c7b67d8d-49c8-413b-ab7a-8b09f106ace3, 8505 
365275 3c132eed-b35e-464d-8509-e42745b9dd98, 8505 
325027 5b1f2a91-378e-4f66-b582-6a15bddffd24, 8505 
107326 84151dc8-39e1-41f7-bf83-4da97b956c19, 3919 
255231 97d342cb-dc61-4855-8c10-4cea679b084c, 8505 
148159 eb412eeb-36f2-48b2-9ba1-10fa9c7d525c, 3919 
69609 6e3fe826-a09a-486c-93dc-0d3e8f11ab1e, 3919 
275782 e75299aa-cc4e-480e-820e-2bf5213b62d4, 3919 
239424 9aed24e8-c23c-4959-9bc4-e093804493b2, 8505 
98353 7ef009c1-bbd0-4ab8-8bcf-2a93eb9bd1b0, 3919 
250305 b835ef1a-e5d6-4437-a10f-fdef3d63f252, 3919 
185636 ecccc286-74b4-487c-9792-2ba5d92bd7e4, 8505 
354967 b0d072de-294e-429b-93e9-e5e479241ce5, 8505 
62173 4b7977b6-5860-4ba2-aaec-adfde3021f69, 8505 
347196 60b3ac6d-94f8-4c8d-a58c-cfa42c640f32, 8505 
353916 3c3204ac-945e-470a-9389-227a1564647e, 3919 
374287 557ffaca-ffbf-4883-9d70-057bd8dd08f3, 8505 
113893 b7fe6770-2c93-4c3d-9417-a46147588be9, 8505 
210789 bcaa4407-148f-445d-adb4-ba90541893f9, 3919 
23221 abc6bcbf-6af6-4628-ab87-27fb76a07ab4, 8505 
157641 c7af4545-a50e-4d26-99e3-7891adeb0c8c, 8505 
185401 32918763-3a5a-430e-ba61-f7b8a17db1b6, 8505 
283505 e6d7db02-94e5-4aea-b7eb-848cdb5aab91, 3919 
64996 f257b56e-fd21-4972-a258-7412decf99c5, 8505 
77116 1439ff6f-5c6d-4650-ad0a-d29cac04ae20, 3919 
383931 681858e2-ece2-4212-b9ba-e7c4cbd69e75, 8505 
365725 7183f691-d600-4fc8-81cd-21bbc907afa5, 3919 
350787 cd6dacc7-8d1d-467f-a986-02c591135777, 3919 
135563 adee0e7a-0424-49b5-8cb8-171c96c05174, 3919 
58235 86a34499-e457-411c-ad55-eafe68bfa2fb, 3919 
228252 f022f0b1-b745-4a5c-ab21-87c44db52591, 3919 
190490 6240e90a-c473-46bd-a566-65f91066d6a6, 3919 
24072 44e4b2dd-bef3-48c2-b9ea-ab43f17dd0b5, 3919 
154242 9bbab8c8-a479-4e05-af92-2567963c366f, 3919 
363439 0be1b88c-3711-45fb-b4a6-37c51d265208, 8505 
403419 4c221d20-946a-4811-9920-c8c1c24b77d6, 8505 
80141 550864cd-bbec-492e-be35-89eaf667c6cd, 8505 
270876 ec53162d-d804-427d-841a-dfef42748a7c, 3919 
385462 10ead74f-b3cd-4d5a-a03e-966075f41ba1, 8505 
130173 ff0d9083-8dfc-430b-aaf0-44815a894bac, 8505 
220532 947bab07-bb5c-4b16-8835-3c8344303222, 3919 
12310 1d28da80-a1e4-4ad0-b14e-a0dd48d7d438, 8505 
87394 20235f40-16c8-4a23-b4ba-4f43f080d319, 3919 
7127 fe83491a-4819-4a07-b995-0b466095424e, 8505 
153033 6cbb50e0-0322-432d-8858-66a83c5a5733, 3919 
256636 98279055-1014-4bab-8b0f-dd21621ccddf, 3919 
261078 2c24e37c-1269-4b6b-b001-0e66cb4ed6d8, 3919 
107694 6a0a0249-a98e-4cfa-b13b-1a03fdaa4328, 3919 
309806 55c1bde4-5270-4e37-8ff3-99baf650171d, 8505 
237143 4dabb77b-c661-4e03-9251-3c7c15e21bb0, 3919 
6834 90aea146-936e-4934-9cae-2693e66e9be1, 3919 
81889 d02119f9-e65e-45c7-ae95-c0106175d8a0, 3919 
325993 3d81b10d-1000-48b5-8bc1-ad432e7867a5, 8505 
318295 33964bf0-099b-4adf-95d0-d01011262683, 3919 
246882 229b0df9-4dca-4e86-9116-19efd0f695ec, 3919 
138455 7b1d2824-a71e-432b-9fb6-d03163f86882, 3919 
357698 d6cf6679-43fd-4586-b7f2-df0d86d70f51, 8505 
89013 e2cb5c86-f419-4ed0-b673-a5a51df20aa7, 8505 
251122 d1baf889-d87b-4102-9110-52951a8b1b50, 8505 
220539 97714ef2-159e-459f-b2e0-b4e110b4c199, 3919 
139807 654dd20c-d3ec-499b-b294-7b75800b1819, 3919 
112847 82bcb542-3f52-44b9-92a0-f74ec882d1de, 3919 
300312 8db324de-0f55-4287-a202-c6bba93a88d3, 3919 
200823 eb89eb48-ba1c-4871-a13f-2bf57cf79566, 3919 
390448 aad1207c-43c4-43b6-afac-0ac5fe951197, 3919 
179728 9ba2a274-9009-4f1a-adce-5b67bd0d049d, 8505 
140098 848d9507-cf20-4eba-a7b1-10358eb97f1b, 3919 
81280 a5d4bc43-a120-451a-aa97-d206479b4987, 3919 
4871 d78ab90a-864e-4444-b3a1-14693576997e, 8505 
67518 21512227-ad85-449f-bfd5-a744ce6760be, 3919 
86493 7f7dc551-3a12-4cd8-98c6-eab891346fbc, 8505 
46924 640de88a-ad6b-43fb-91d0-4162f4409c20, 3919 
161697 04488ad5-38e2-47b6-a63e-3f49db17018e, 8505 
26296 0f003c73-731d-43f2-9460-8ccd4c42e8b4, 3919 
43458 6d00e6ad-a87c-41d1-a5af-e6ab2f2e9540, 3919 
133836 ebf197f2-1cb8-48b1-af9e-da515eb6b047, 3919 
5403 fb2bac68-2796-4a61-af08-aa7e9bc57868, 3919 
267213 421f3810-b02e-48fa-8143-2d42f4fc73ec, 8505 
330149 1772f379-31b9-4ed4-9e63-6e65c695384e, 3919 
77117 96162689-04ae-4881-9dd0-e4ca35ac7379, 3919 
26580 c2faf3db-9eb9-4ac9-a84f-7c65d5bbefba, 3919 
337496 69629dbf-0844-4706-8575-fc5295ed0826, 3919 
343330 9dde78d3-07e7-4fba-95d6-800768766b19, 8505 
74070 19806e82-90fc-454a-b9d7-ce5227cc96f6, 8505 
39567 7d23d9da-f0b7-4144-9b4c-3aad7a35ab6a, 3919 
299205 fb180ed0-aae4-4d69-bb69-0416342fea98, 8505 
284626 946d809c-2433-41be-a4ff-4164649eefd0, 3919 
70943 851b7b4d-06d2-4bec-b9be-a73633cf725e, 8505 
155491 eb449d2f-cdcf-45da-9ec3-84c9a9df63d0, 3919 
30071 64004fbf-3a4f-4131-b2c5-c41229bf0a5f, 8505 
195442 32e52eae-9c35-414c-92f3-f49697050bbc, 8505 
92641 f7a2ebaa-c3a2-408d-8b94-d0f97df64db5, 8505 
403151 b7775cbb-f336-41ca-a42d-bf6a9ef2cfc5, 3919 
2760 eea935a4-c078-45d6-a453-90c3414f02f0, 3919 
342503 1b08ff6a-3d90-4070-bd51-3c7ba9754fd1, 3919 
230837 c3ce70a8-1c71-40bc-90fd-0f87e65e013f, 8505 
141225 4f83d548-0f6b-449d-aa57-5aa55ac0fe24, 3919 
302445 5a340d60-d6d0-4a98-ae54-1557bc2b0634, 3919 
58539 c46074e3-b950-44b8-b3f0-a8ee2ec990cd, 3919 
328760 db366ad4-05f2-47f1-a67f-e99da7cecef6, 3919 
318641 de5ba835-daa0-4cad-a18e-491ba4deaae2, 8505 
365681 99f2a76d-ea2e-4410-b6ec-517046005944, 3919 
89426 f5f443be-3032-437c-844c-a4e4081b8db7, 3919 
350217 0731effa-94c1-4379-a4a9-a85b24647d90, 3919 
54938 4cca0575-3ae9-48a3-aab2-49d0bb26d142, 8505 
403828 3cc0441c-2efc-4171-b0ad-a6d27bfc8e4a, 3919 
199946 85fb75bc-5cde-40bb-a2fa-f1bdf339c106, 3919 
267134 ee3b091f-a08e-4dd2-9c90-833c8ef70ed9, 3919 
372577 7e5e2831-c772-4af5-8ce7-fbd2a904af7a, 8505 
63914 a0a51301-223d-456e-9465-6f46842bc9e3, 3919 
69667 1408994f-abeb-4da3-9671-0501175d90cf, 3919 
198792 3d69a671-c1b6-4ab8-b102-6d2786e88cba, 8505 
209559 42c9dca4-cae8-433a-a554-6dd0d85f3b7a, 8505 
175179 3214e0a9-8479-4364-a1f0-e311a10b804f, 3919 
160043 313abe05-64cf-4656-b094-d9df2ee6f8ca, 3919 
333061 6fdf341b-f6fe-4285-8f5d-0d3c86936a25, 8505 
242981 2c01a011-d8b8-4687-adcb-c2f450afe939, 3919 
172657 2cadc1b0-c8a5-4f46-862e-17971d97b153, 8505 
214023 55809033-c841-49af-96f0-583527331bb7, 8505 
221243 93cc1620-c59b-49d9-b0d6-b9b08c34c719, 3919 
53485 e6b8cb28-26b8-4edb-9038-285391106f32, 3919 
365604 48287aef-d058-4f74-aa22-4c6a5de7eeff, 3919 
289767 e7fc0d2e-be2f-44cd-a47f-ac66f7fa7508, 3919 
192093 a6d8ea60-a6cc-4b9a-a2ea-f14de25fa7b5, 8505 
172312 06d94763-1bf5-4fa6-bf90-8a628dc97dfa, 8505 
71592 58c2e6b9-55ab-4061-845f-0e9f7c1337ac, 3919 
155125 7c33e93c-8be5-41c3-a066-c2ffdb737faf, 8505 
184858 617bfc54-e2e8-4363-bc85-ee3098386345, 3919 
299892 584589bf-5d5a-49c1-af00-e11bda016f12, 3919 
18099 c528a6b4-3a71-4e82-b81c-177b06c74536, 3919 
319644 fa1ab9a6-ac3d-4193-8ddb-0ee4d62d640f, 8505 
38474 19ff2e8a-10b9-4d2d-862c-5701678cb13c, 3919 
339771 6c1ad378-976a-4385-af7a-7594ea912ee9, 3919 
55069 c64ffa53-91c8-4885-a473-d2a27f0b4a8e, 8505 
61626 38f4c41e-5a4c-4238-9c09-c30cecd0caca, 3919 
249513 1d10b5df-bc7e-415e-a4ab-3f302e2acb22, 8505 
333071 6880da8e-a884-4f66-af2b-780774f8854c, 8505 
212123 3bce8c1e-ee02-4f9f-afbb-ea5590cf048f, 3919 
143624 d15c01bb-54ea-4b86-9657-f2b3fb9788cb, 3919 
120168 5066fde1-9bb9-47a8-91cd-99dfad500615, 3919 
89041 a893d218-c8df-4fef-80b4-6df690bd3b97, 3919 
303863 b980d7de-66ac-44a8-ae06-ee1a30df48eb, 3919 
92140 d02b85ba-4fcd-4eb9-9756-11b8a51b9ea6, 8505 
46518 74947a39-40f4-4a4b-ba60-b29ff3093723, 3919 
92334 f9a95139-8356-4281-ad2d-b2cf3016ce6f, 8505 
124079 6e2aadbd-5196-443f-81bc-37cb91c9ba7e, 3919 
342993 d37c9d53-6dd5-436d-aa9b-564feb1ab4b7, 3919 
24984 efa4ffc8-49a2-4703-bbce-50153b9b6c12, 3919 
76535 00cfbdbc-c484-4f09-a1f7-2aa746501f6b, 8505 
334497 7cd24d5e-69ae-4d45-81e5-cad462ede41f, 3919 
367074 f78336aa-6b4b-435b-9352-b0ce026a89f6, 3919 
185736 06ef85f3-2a4c-45f6-a878-73557e6e5ea5, 8505 
382239 8218961f-380c-4732-90f3-3fb22061a7b1, 8505 
60188 0469fec4-7a2f-4796-96bf-a17ca90a74e1, 3919 
147751 492df266-a1ec-4758-ab59-ede2cb095ace, 3919 
29044 95b4397b-709b-47f2-a420-886258e1cf08, 3919 
199789 9c3f7eb3-2cf2-439f-af8c-290ea5ecaecf, 8505 
333935 63d08903-23d3-42a3-8fd6-432949bdc2aa, 3919 
151631 08e001d1-2925-4d28-8ce6-4d5a63612698, 3919 
221777 ff357233-efb1-476f-ad9e-25cd80ab3141, 3919 
370669 9749eaac-b61f-4592-af35-39416fba3c70, 3919 
28936 c393dfa0-164f-47ca-a289-8a7b526139ab, 3919 
402345 edd03893-ed06-40f8-9b67-e2b4272c6493, 8505 
171339 cf3afa29-3e07-4e32-9dca-cf956d121604, 8505 
175985 cb3883ad-9f46-4443-bec0-12140d249a8e, 8505 
139952 94f0f54d-54bb-44b5-a85c-c91ac23f897b, 3919 
64466 3059ad78-bbeb-4853-9cb1-4eea07634375, 8505 
178635 2bdf89db-485c-4095-a460-1a80438fced7, 3919 
51102 57217bf7-0dab-4e88-838a-bc45f6df368c, 3919 
163882 0ffccd44-980c-49d9-873e-371b17c96e38, 3919 
6603 b8bc3ace-019d-4702-a517-e0659dd44ab0, 8505 
287086 4c65a92b-d86a-4a86-ade0-2c9d3d59c97f, 3919 
111571 8d4901e8-c038-4734-91fa-4cc53c0da24f, 3919 
293324 d6cccfac-5b70-4663-a628-9bc4b1b280f7, 3919 
257287 d2981f9f-1a41-49d5-a9ea-3d2144e633a9, 3919 
121793 8a9ab1c3-49c0-4fde-8310-2e3c6c8fc23d, 8505 
130240 cea7e891-fbb9-4f23-b512-4a6f60cdbfd7, 8505 
76509 ee658028-ea50-4d87-bb65-61fc009322b7, 3919 
111016 e53848f4-650f-43c0-830a-ec6dcae5dfc3, 3919 
331553 cba6be58-4dfc-4de7-a675-e0fff470ff7f, 3919 
158820 6ecd9476-158f-4afb-bc05-f0a96d1f25df, 8505 
325266 a8c7cda7-5dc7-4a2e-ae51-cf0acb114936, 3919 
149198 fe5d687b-6207-4408-984b-d796e457c4c2, 3919 
43213 a8f7d1aa-c860-4d60-b1ee-97576a1b95b7, 8505 
395151 d411b1c2-e238-4f2b-b8bd-d8f07c0b3337, 3919 
307784 75fcf17b-d7c7-4ce9-b354-e19f6c9829b4, 3919 
109593 c9813461-c64b-45ca-bcda-9bd6fef07210, 8505 
59658 465524f4-d3aa-41e9-9fff-108f964f6340, 3919 
79405 65c8b8f5-9b05-4354-a976-4b4455b45e3b, 3919 
211339 3ed6324e-6e24-40be-a503-824e42264a8b, 3919 
153589 82211bf7-5c0e-483a-ad6c-95908c5e35ba, 3919 
264106 9fe10a24-3e0a-4838-b733-92ae0effb11f, 3919 
93959 c88f9210-ed21-4efe-aef6-ebed0d4fed3e, 3919 
106550 1fcfb62d-c3da-4a88-b6b2-15cbf351f6fb, 3919 
46987 49ac4819-8028-4a68-a356-f685d18f915a, 3919 
181654 a9284234-eaf6-48c6-9199-5038fdc9f892, 3919 
359410 1c28d95c-dfc9-42eb-87e5-a7baf2ec780c, 3919 
111436 987cf256-49fa-429d-b284-177d8105f037, 8505 
168337 d926b70a-1992-4fcc-a639-56e10ef35007, 8505 
188081 88d94fca-02e5-445b-b272-2071fc849f08, 3919 
65614 72641961-a69a-40a4-83a2-091d6185719e, 3919 
187035 516d8682-9386-4c80-9345-cd7b957f80d1, 3919 
124909 b29da865-ff7c-4329-a5c5-0ac1e47b8f7c, 3919 
79068 bf714c33-1429-4e92-a7b8-3be49856dab2, 3919 
40967 5b953a0d-6b97-4802-9597-1ce412cdf349, 3919 
335683 2e794ced-6e79-4e60-85b3-cb8345b1d173, 3919 
138531 e9eed41d-5944-4c64-85fa-2a27e04b644f, 3919 
102134 8e80997f-a9ba-4318-9ebb-dba812c03843, 3919 
366064 212e8dd6-3042-4fb5-81f0-683304a4432c, 8505 
315863 c6828a73-bd68-4828-a438-20770e27908e, 3919 
140775 3aa1f4d3-5755-4350-a855-ac4404c471f3, 3919 
283777 55a184d9-b15d-4976-bb01-785ee98d6d25, 3919 
355611 ac4bc73b-8774-4e86-8250-b49ca3031968, 8505 
165557 cc14ba29-722d-4537-848d-20ab16709392, 8505 
290288 901b924c-7261-49d6-8677-e96628110e0c, 3919 
122162 f1f34fd1-a772-424e-94a3-3c9a7153dc45, 3919 
3432 214a7e74-ebf5-4a7c-afa4-d8bda8cf4269, 8505 
110449 86a72971-747f-4b52-a56b-07be9a1aed13, 3919 
227653 a3f3588f-817e-41ea-bd5f-7a4a0b0f1566, 8505 
169429 ade329ee-f4a5-4ad6-8f8e-a73808683666, 8505 
104524 a3305735-442e-4526-877f-9dc1210d038f, 8505 
63744 ea863216-b68b-4a77-bddc-70f465092743, 3919 
270607 aefcff7f-550b-4816-b43e-5f4fbf6dd935, 3919 
87579 c7f48ff2-7870-4e45-aa7a-bef368e6b190, 8505 
157811 f731d4be-41fe-428e-a91b-44efc5b4bc47, 3919 
309169 9c5de270-543f-4c63-92df-916e9271c64f, 3919 
293099 4d559450-0435-42aa-8d25-9d4b61079cb4, 3919 
337503 ff03fee2-61fb-4ae1-811f-d9d0d72dbd3b, 8505 
173009 56f68982-d0c3-4e6b-b113-d370a2c45178, 3919 
236849 5ae1f0d7-3c23-43f4-ab75-1b19c438545a, 3919 
223283 05a28122-2c93-49e6-84c5-7099f9fc60a2, 3919 
35196 7304fad0-6fdf-4816-ad55-df3097742c10, 3919 
245333 75d0f09d-72f7-4315-a442-6b2f8ad29bb6, 3919 
311980 961064b6-c268-4a12-a1fa-9ba97aa53abc, 3919 
91222 4fd4fd2f-2d99-4505-81ca-b93afba71850, 3919 
184854 29879204-d612-47fc-868d-809397d1773e, 3919 
245327 6fd88a76-dd3e-40b8-b257-39321d34fa6f, 3919 
119218 7604c795-51ff-4619-8751-e6f3ff1a4526, 3919 
28576 7d9a7b6a-3f75-4e47-815e-713bc7514692, 8505 
177684 4c252b0d-4a28-4f2f-9d5e-f427809e4738, 3919 
230665 a0ca48cb-7966-46cc-9e2d-5b966ae51fa2, 3919 
278368 0218ea84-89c5-4dee-9788-f6a5430e3c6f, 8505 
202125 fee3c16b-4c6b-4f53-ae6f-66b05f856bc2, 3919 
222676 62693b0c-b894-4dd0-b6ae-d1a7fbf32302, 8505 
29087 1a1171b7-dc8b-477c-97f4-8ba2584733fb, 3919 
70798 19bdb27e-c04c-4dc8-9a37-357402082b0a, 8505 
350425 4bf9ad06-6188-4907-a0fa-8c49e5d3f30c, 8505 
50947 dad5e958-8d69-44af-afe6-7befd4c73f46, 3919 
81181 4b423c4a-d314-4778-97ee-e6d24121d64c, 3919 
103268 825486c1-25b9-441b-afd0-bf2426c32323, 3919 
224984 280f33ea-e64a-4ac4-b023-7b82af931a1b, 3919 
312439 92a1012f-244f-4cad-b616-f1cf966c62e4, 3919 
58032 5c998c12-dded-4a4a-9a32-6cff6942345b, 3919 
123189 6b6ba668-5212-45a5-b40b-b738bfaba9d8, 8505 
25009 9f42943e-f633-43be-9d7b-df72e052960a, 3919 
114436 64fff505-c438-4966-b7cb-5b203171f293, 3919 
280126 47abd906-967c-4a17-85ce-20f6d955843b, 3919 
87720 df1fa136-8ed6-4962-8825-bf9374f7e65a, 8505 
286298 0a624bec-9ea9-4e35-bb28-fe17f73695ae, 3919 
311156 3528c9df-67c9-4b0c-8f8b-a97ac32eabba, 8505 
103546 2230de84-3a8d-4d35-99b1-4f190b931524, 3919 
45937 5dc27956-0b3e-438f-9a3c-ef18df2a89e6, 8505 
386349 a89018f9-7865-4edb-8235-3a62b06fdbde, 3919 
70390 77330d56-8021-440f-81bc-4d84c6586549, 8505 
215871 5fbec578-a6a6-4f56-b875-519ba22c3338, 3919 
261694 80437cf6-3008-4cf4-a063-38b1bdd107da, 8505 
1468 9c0c5d99-c558-4042-a1f1-4fb11ece03e3, 3919 
153148 90ea3543-8e4f-423d-a123-bc37aaa8284e, 3919 
81829 912bb20f-ca6f-4b64-a62c-65d49f5a1868, 3919 
289334 33edfce5-a44e-4c66-8866-38085450a82a, 8505 
12326 b479951e-1667-49cb-b29e-35d8b712f39f, 3919 
112736 f29b9736-ec96-41b2-92db-386346e464ee, 3919 
324674 b79e255b-ea83-4cdb-840c-182cc16bc635, 3919 
307796 52d9bcc6-bdbe-4b03-9b02-f9f1b9efe8b3, 8505 
210123 be381038-3c10-4ff0-ad05-4cf28e95ca3e, 8505 
205720 80a8bb62-8c3e-43bb-8b7c-59226e1bef24, 8505 
211341 f618e1a3-1ded-4dfb-a42c-28587cb2cd88, 3919 
116959 4f82475d-a86c-497e-832b-8f6272811b58, 8505 
321006 e00fc2a2-77a9-4cb9-b90d-44be1ca12487, 3919 
83646 9e8157be-bfdd-40ac-9a60-80574743b6ac, 3919 
350979 59711ee6-2266-48fc-b7b9-8ff465d12e0d, 3919 
290510 779d66f0-b8e0-485d-a3e9-b34d4c3d4e0d, 3919 
2712 713fb161-6426-45cd-b881-e47df28d5c47, 3919 
175488 7a99b3bf-c529-44fd-9572-89c6163cec7d, 8505 
191871 df19630d-d3d8-4ad3-98ba-a698caafaadc, 3919 
180658 2f81122c-f738-4d34-b8e0-d418891d9e2e, 3919 
80078 93206f65-e9c8-4c0b-a451-f64502eb50fb, 8505 
110666 05bc6c4d-2cfe-473a-94fe-4b7a4475f68a, 3919 
271998 76fe6bb4-b5bf-4246-bce7-08282178db40, 3919 
93173 81942583-08e5-4025-a6c5-927e100ccdee, 8505 
403632 ff233cfd-d39e-4615-b5cb-736ed7dff0b2, 3919 
344222 60a17ee6-a268-4b33-9417-4b0548eebe3d, 3919 
400138 38abc327-4079-47d7-b9b1-6668f5adb3aa, 3919 
108776 aeb22a89-f911-40ed-8689-b5311d2d33c9, 8505 
269050 e215cdb3-27bd-40b6-936b-69d309f6a6c1, 8505 
161706 39d2f70f-50c9-4c64-9c57-abb92a9ed32e, 3919 
126184 467d2eff-51c0-4f15-875c-34664c1576b8, 8505 
225236 d8d3e4fe-1bc3-42d5-8b7b-3d70df8f0c0d, 8505 
315702 2f4835a4-0383-4d5c-9b4d-a43db9cf1f18, 3919 
221586 aa5bc18a-4763-40ac-bc4c-963ae25102d1, 3919 
301425 2f8aab18-74c0-4bfd-b0ed-58d596fcae59, 8505 
156265 d977e8ab-d1f5-472b-9593-b85db3543a71, 3919 
328467 3d89d889-73c1-45de-89b8-e68a8721e8f9, 8505 
54149 989e4ee0-2676-4214-96b9-af4b7ed78ed9, 3919 
306666 3649e089-0c1f-4075-9e7f-c5fb0ae90236, 3919 
109206 973d4072-be3a-4694-bff5-40b58dc8f5d1, 3919 
185608 2f5cab45-55a0-4ffe-bf4a-6f4526606081, 3919 
207721 20a813ac-ad3a-4f60-bdfe-4fc931d6176d, 3919 
77263 7bdce867-17e4-4bcd-b3af-2733e45fdc06, 8505 
36292 f87e9311-1b33-4495-bcad-9ce7e304c268, 3919 
145940 5d6823c2-245c-4ada-b8b2-d9904146b7ef, 8505 
142526 9dac6125-b1d6-4892-9fb1-1f5f34562eb4, 3919 
116333 bd9fa20e-a63a-40c5-8cbc-3418af2b7d90, 3919 
204182 292d9766-40b6-476c-85ce-9a8f111a3bd1, 3919 
78109 614d1caf-e7bd-4444-8b41-145140c36c29, 8505 
224378 6c75d757-512f-4555-955c-f2bd6f2830e1, 3919 
236700 7f9ea3e4-2fc6-470f-9345-f05b764c0a7f, 3919 
293961 5be5db43-b908-4aa5-859d-89267b7bbd7a, 8505 
74424 38ae2bd5-3de6-4dff-861f-08c64f32f48d, 3919 
323930 9e0143ae-694f-4a07-84ff-92473bf9bcaf, 3919 
26979 6a0addf9-86d4-4488-8b9f-dbb2b43f8007, 8505 
146229 c53e953c-39d6-49cc-9fa8-52238d6f7a8d, 8505 
79237 d4e2bfd1-0034-4061-87d8-72a0f49b05e8, 3919 
197867 7d1b0d31-8209-4eab-af03-b7be248c6486, 3919 
5409 45bf0e30-482a-4014-84db-af01f60f428d, 3919 
33868 e871015e-a05e-4435-9617-59a0f4cbbf8b, 8505 
138879 ad3cc6c3-a69b-446c-b1cf-a4e2e9eadfb5, 3919 
355171 28883a84-2cb9-4f71-9e50-17abb53d14c1, 3919 
378490 e3375c35-2424-4ebc-9dc1-857e891f744a, 3919 
132499 c3344f45-6812-4409-bb90-078025c82172, 3919 
55486 3433ac9a-095d-4a85-80b4-05602969076f, 3919 
348245 c528d3d3-13bf-4e5d-b18d-916675dbcbbe, 3919 
243514 7781a714-9d0a-432b-9650-2d405661b0b8, 3919 
120649 49c3c11b-34c2-420f-905d-9f67eafd9e65, 3919 
48744 68c4ac6f-4767-4d14-b80a-e47209fc19bb, 3919 
273680 ff05ac99-6671-411d-980b-70284e89c25d, 3919 
382678 bf58d343-a165-4833-ab82-0a5d1b388c2f, 3919 
209003 84889bb7-1bbc-4dc3-bfda-a707d6a4651b, 3919 
394649 70e117c1-83d5-47df-bea7-448a32800c1e, 3919 
326937 9d7448ef-3ddd-4d83-ba2f-59054a9dfa7a, 3919 
218730 a89216f1-17d8-47a8-89d2-7598e4e374c8, 3919 
381100 299fab2b-2cd8-4055-8e08-ebebb738c2f0, 3919 
14800 09e68ed5-5817-41c5-a743-9c2790d6c475, 8505 
84284 66861907-348d-453d-ab51-e1eeb48d714e, 8505 
307899 8b3d01dc-fe30-4522-88fe-23045c872cdc, 3919 
130209 c556924c-ca34-4381-8af0-fcea0c2c9f17, 3919 
305431 28147bd8-8a23-40f6-b8a0-955104995e43, 3919 
184452 abac77b8-7d0d-40c4-99dd-52b29824fc16, 8505 
163845 3f66b87e-ccf1-40b5-966e-5cd3b67b138f, 8505 
13817 9b6d89be-21c2-49e7-8281-8c5e53c68ed8, 3919 
238288 8fdf4fa7-a0f6-4b8c-a350-8f85946c49dd, 3919 
210580 c024d6da-89ac-48f6-9a1e-912539000da1, 3919 
26638 8230f2c2-9a6a-452f-b584-7c414595512e, 8505 
264228 a1fdb293-9d7c-4b7b-a6ff-12d6ea580e1d, 8505 
263346 ea7253d1-74fa-405c-bc01-1199110bd20b, 8505 
105373 ba2bb88b-7da8-43a6-a2f3-468b6374b1ff, 8505 
290917 718e7ea5-b2f5-4a2b-ba2d-10d5e507974a, 8505 
402387 d3081bc3-4261-4b3b-92f7-6087dc892cf4, 8505 
37240 915677f1-6da3-49f3-93f5-cd2acd854e28, 8505 
360732 0c6ca142-a512-46ad-ba8d-b41372acf826, 3919 
377657 c27bcc17-153d-446a-89af-31fdd3a4330b, 3919 
284547 3cb4af59-c38b-4bbb-8756-ca96dbdb6c92, 3919 
172062 fb14afd0-6787-4baf-9978-174a1d265af0, 3919 
255695 961a7565-f939-4d21-81a8-bbe3e108271a, 3919 
172504 8dc71415-0b88-4a76-ad5a-b2d0462d6930, 3919 
301348 afd50422-d5b5-4d51-913c-cc09c33bc440, 8505 
174584 eb27af83-5b07-476e-9fb5-35068a9135c8, 3919 
37198 102f94eb-8861-47e9-8f72-6f170a15e570, 8505 
163859 bbbc2bcb-5eff-41f6-ab3e-2e5f3a145a9c, 8505 
358214 39c4f9af-8954-4e65-9e8c-640f5d49d665, 3919 
178498 4b88469d-db1a-4a84-97c0-c3f2a8ded7fe, 3919 
15894 c2a4aa70-3b51-4dae-9a33-5334ffb2b2b5, 3919 
50801 3450ade0-1cbb-4f08-9eb8-6d80b4311457, 8505 
70017 077c7bd7-a049-4476-9cab-2bb75cb9714e, 3919 
90986 7ef5f2df-1701-407c-8029-b6349e16bea9, 8505 
334399 99374df3-6c70-4b3c-a33f-ca328ef9d603, 8505 
134706 183d2093-0cb8-46d9-bb63-c513d69dd68d, 3919 
178904 067f617a-baa5-4894-9bd6-d958de35fb23, 3919 
278972 92baa16c-7c9e-47d8-bbf3-40d0a95c323f, 3919 
320187 f7191262-6190-48b2-ae1b-e21258b98b41, 3919 
227176 8a0d499b-5c2e-48a1-8888-309f7976ed75, 3919 
398154 132b9e2b-c376-400f-8fe8-49d31684fbac, 3919 
46751 fa31791e-de38-4f0b-ae01-5346b9efd837, 3919 
392009 fedc02d6-8462-4ba9-a1bd-1c139743778c, 3919 
241309 65e7b843-b563-4715-ac5f-e5a2368d8aa9, 3919 
36115 512f4cd6-148f-422b-a051-94b9d171438a, 3919 
392049 54a63cd7-6ec0-493c-b97b-fc34f8680e2f, 3919 
65 7fe3895b-e8d6-40af-a35d-837b02224355, 8505 
357750 ebdfe55b-8913-4517-8977-144889f1a3a3, 3919 
38994 cd023a8c-8fc4-467f-a82e-3fbdd95bb067, 8505 
391779 01fd702d-1774-4d14-af67-5f0e8e4e08d7, 3919 
85992 e4964a6f-4e4a-495a-b758-93ce738252d3, 3919 
339336 67163b01-6671-4b1c-8d00-c14aaeb4c3a6, 3919 
272018 a99eb182-4a67-4888-b4f6-ed70f46b8fd1, 3919 
228386 cf825dc5-7453-4657-8bda-9fe364fbc101, 3919 
286698 0d19d0f5-3864-448e-8dac-1b0bda8a3902, 3919 
121789 9b39bea6-bb23-4be6-8fb5-9fe412c99161, 3919 
231464 eac428da-41e2-4118-bd54-de544b695edf, 8505 
210640 22a0eea3-f4bd-427d-a39e-dd173e3fe528, 3919 
60170 31320a59-99f6-4fba-b89f-752771091eb0, 3919 
212910 6c7f2bfd-41a6-4521-b0d3-7f121424aedf, 3919 
328917 5a9474bd-dab7-4fc3-8555-ada971e130f4, 3919 
40193 f24e3e76-4e0d-4d82-be13-8969f8f6db17, 3919 
181455 11918225-5b02-4683-98ac-c030d6576c76, 8505 
200301 79506894-cb59-4709-a127-369ffb3b8a1a, 8505 
6512 868b1341-4cf2-439a-a291-091ab7f13439, 8505 
317468 64bc901d-ed6c-4653-97e8-eae2fb9abcc5, 8505 
8941 15ae2e0f-a06f-45b1-9a56-523d25465d7c, 3919 
158598 732d3fdc-1022-4b54-9ef8-8fe24c00e46a, 3919 
129111 23693ccf-120b-4b7a-a99b-44919d23c503, 8505 
374205 09d055a9-c465-43e8-974f-b94d1828528f, 8505 
356955 07db29e4-418f-428e-9ccc-b6c4c8ce849b, 3919 
235778 6c29e25f-b600-4022-81af-b1cc5a8767f6, 3919 
352669 822e8f9a-88c2-4168-91c2-6d10ae2257cb, 3919 
337445 b334f46a-a37c-4d9f-ab29-d77091b62537, 8505 
318695 f3d2a6e7-fa32-4f96-8b77-4571bdabd350, 8505 
242553 1d79b926-c236-453a-8e77-860ab3804076, 3919 
106309 ba62d486-a71f-428e-8d10-a6d29a2aaea8, 8505 
388557 be5ea4d7-ca83-4e9e-b070-d46416ee8e6c, 3919 
356754 c0c73836-9a07-4ebd-a0da-f3b0658319b5, 3919 
171174 cd08458f-e621-4eed-96e7-9f91d2bf4d9c, 8505 
174412 634f15d0-0fa1-47a6-b933-ea7f4da26daa, 8505 
189726 b7545f84-502e-435d-896e-c910147ab549, 3919 
240637 5daa930d-e2cc-4a4c-bd76-a0184ba9a5ad, 8505 
328182 328ca79c-4c8a-4028-862f-e20fc0c0f219, 3919 
107633 b5d93e0a-4e37-4fc8-bd75-1e66362a2d75, 8505 
94044 e359e106-dec8-4351-87c9-2a90ce9f728c, 8505 
225728 df664213-8b16-4477-b537-b3b5e9d3ccdd, 8505 
252485 b4cae0b6-169c-4dfa-a463-0498c51871d7, 3919 
290781 d7c729c1-31a8-4118-a546-da0c9fcf9fb9, 3919 
332789 3ec76bd9-ca5c-494a-8b93-8f3ab15ee6af, 8505 
340323 0fe2c6c1-9775-4cbb-8d44-e135b65e4573, 3919 
163663 01bf5b33-0909-49e3-8a56-ebb2143435c2, 8505 
355397 8a8df16f-1420-40af-89cb-dd6dc0e18c10, 3919 
289674 f2fca2da-470f-4c01-b46c-004b7ed29550, 8505 
330377 70908802-31ed-4186-b135-34014ada3ad6, 8505 
72831 2295c830-182d-483d-a597-33523cfdc75d, 3919 
114184 935a7605-8294-458c-af00-16c41d24997b, 3919 
379908 5d9ebdcb-315f-46e8-af05-be52c55d450e, 3919 
146017 662f8839-01c7-4e97-95be-38e758d5ce89, 3919 
2178 1c5dcebc-052d-48dc-b9ad-d5686e2c6257, 3919 
223125 d6b1552c-f2cf-4ec8-8940-211499d2f183, 8505 
392945 e757cd40-2378-40be-97f8-b90b83d01c50, 8505 
29215 af744105-62bc-4e09-ade8-913c565834da, 3919 
382303 3710d3a2-e47d-495d-88f1-cbc5d06ce8ab, 3919 
134180 1eb9cacb-e0e7-443b-b1de-9d260d9d5881, 3919 
319303 29a3edcf-bb25-4e3c-86f1-02f51bf044bf, 8505 
199942 0ba5c006-b2d1-46b5-9804-8b7b49b32d5a, 8505 
253667 6e1cb2cf-b3b6-469c-b355-a2ccd7ff8bee, 3919 
317442 dac035a1-1687-43fc-90ec-28ecc0308db0, 8505 
100239 a38cb3b1-8911-4de8-963c-5dfee756b280, 3919 
185668 b3f738f4-8fc5-4ddb-97d9-fbd46ef12044, 3919 
227999 91080f1c-c71e-4a33-baab-3019627b764a, 3919 
338117 7a0f7331-b460-4356-90c6-69231fcf9048, 3919 
151404 117a1b51-dde1-46b0-bff5-dd191501687f, 3919 
351827 f57c8f40-90dc-4204-a734-9c1e613dad42, 3919 
51711 18ce243a-87b9-487e-8aea-b4c01096da7d, 8505 
269446 2056df8f-40a4-4d47-a3eb-55998a33e7aa, 3919 
105469 020c3c5d-b3a6-4153-92cd-a0a50739c29b, 3919 
321335 ebff4146-1cc9-4194-8f7f-7d87f84acc12, 8505 
358085 6c451140-f122-4747-a527-e62d8310eed1, 8505 
48505 6aaa2ea4-9a80-473a-ad62-ae3fab5f8479, 3919 
66954 3a29df6d-3bf9-4c06-a5d9-eda3647f4c1d, 3919 
89364 111005b7-0df3-4f20-bb1e-3c94f9ce5c46, 8505 
234046 14e18935-47c9-487f-acf6-44bf2dafac2d, 3919 
184873 04368fed-1f47-4406-a36f-e1a79ac30700, 8505 
394181 76f3cedb-e0f0-4573-a4d8-4e769dcb583d, 8505 
2710 313f7a87-c95f-4d27-922a-2db529e53b49, 3919 
138580 5fdfa40e-623f-4e58-a534-f097182bb373, 3919 
104989 42cd5cb8-06c0-4929-a3a8-0e95c0a94f6c, 8505 
85324 355b3ba5-fc41-48af-b417-18d4456deb48, 3919 
117126 8901d127-f379-4d6a-8767-73c1084df243, 3919 
390581 3b8a0182-c6d6-4efe-a087-f21d3baa77f6, 3919 
293852 2f032fc8-fa54-4f90-82e3-248f8d89f1d2, 8505 
29669 ea27d91c-fb20-464e-89a6-8b73d495e5fc, 3919 
221944 303ba187-6f39-4e69-89d7-b359e25aade9, 3919 
182318 b06711f3-e61b-4203-b465-c34575064749, 8505 
365402 38b9a6be-2d49-4622-873f-664b01626381, 3919 
265261 a02cc33a-d4a4-491d-949a-326761a98d8b, 8505 
186379 cbffdf87-f468-4a12-abbc-6dbdd59ec5fe, 8505 
37396 2f5b0220-1c19-4f86-92c8-604603abdd3d, 8505 
304851 9d0889ba-496b-4c97-a47f-38af102dabd4, 3919 
302474 6d0a8799-8fee-4fa2-a46c-3e74f7ab74b0, 3919 
195417 a1016a33-86a8-4de8-8fa0-a9702a9ea554, 3919 
111872 d8d29ac3-f83a-4800-9f9c-dfd728f93de9, 3919 
32931 d1cf9931-ba49-48cb-ae7f-c9b45ccd908a, 8505 
269990 26baf11d-244c-41ef-bd5c-dd4a47f8e35b, 3919 
13713 ab813f32-a41a-41ee-82ed-c086186ab866, 3919 
247545 8068c8be-cdce-4b18-9fd4-73540b43bf0a, 3919 
340142 18fa1e02-8220-4420-8f57-77e7d0a4c24c, 3919 
47447 b6ca682c-e064-46fe-b173-6bc496168277, 3919 
246224 df47b40e-8eb7-4439-b04a-5bd432afedc6, 8505 
105620 f2e61799-e950-4e6a-9568-b177c34ee1d6, 3919 
143361 a00aebf8-a695-4b47-82ed-3ee38d41f7c9, 8505 
380860 e3abc8b1-4a64-45f0-b274-0065939facb9, 8505 
143993 fe47209a-f9fc-4216-a77a-7fdfe6a2871f, 3919 
199425 efae8825-bdab-49ad-bfbd-7b8570176053, 3919 
189757 0d080fa9-8636-423f-9440-1daac012be69, 3919 
72764 eda20f36-63a9-4467-9da6-5bdc8b0ccc09, 8505 
187033 0e55ab0d-b81e-47a4-b994-b87dea3b4c4c, 8505 
366545 188d1177-fd23-422c-ba53-61411c850361, 3919 
74806 0d7dd369-d0a9-4323-b0c9-7c3dc7864d37, 3919 
67720 450e9955-4665-4cad-82bb-f716ae536291, 8505 
228650 1ced583e-3a01-4179-8741-f9177155da9f, 8505 
201041 e252f030-8133-4fed-82b4-7bfd71c05230, 3919 
199698 f3f0b664-0be7-4ae0-bf07-d117e9b7e144, 3919 
140156 f3c107ee-d5c6-4d49-b8a3-7e0a480e9ab7, 3919 
397073 aa357bae-570d-4131-bfca-c74d4e9502c5, 8505 
312139 32c3b20f-3ff2-4410-a96b-7fce346e55f6, 3919 
320516 e37119e2-9fea-45df-9ced-b250936c2b41, 8505 
251644 d9f05f34-e9a9-4faa-a79c-2fbacceae2f1, 3919 
12206 1e958133-9084-4fad-8c1a-1cf1dd802888, 3919 
245587 eac17ff6-b863-4fdb-9445-e3865a26f4a8, 8505 
297249 2a6e507c-d0cc-49f5-8be1-068c266c162b, 8505 
354559 bdcb4d41-4ab5-4d32-848e-7d90eae95613, 8505 
396004 3781f6a0-7b39-47b9-a015-fafc9d521af7, 3919 
137826 e755e728-e45d-4e4c-a443-fc107a57f1f2, 8505 
400360 ea94f737-0e11-43fb-9770-b65bdc3425d1, 8505 
316938 83f6f1ef-2318-4c64-bdc3-cf65e805c351, 3919 
196473 a225a9e8-58f1-4e27-b9b6-c8f1cd9124ba, 3919 
253233 466bc793-db77-4f57-9fe1-0904e0bf2da3, 8505 
56807 c79f5040-adc6-44a7-9804-61be98b4cd39, 3919 
80528 c3856cc4-70dd-4718-bfd7-1d11f9c87f67, 3919 
33107 3343e85a-2704-437e-9f73-b60b51a829b5, 8505 
48495 b9b79a81-8a62-4bb0-9010-3e9baaf36e0c, 8505 
198070 93ab06dc-bfad-4bf5-bc77-9173d93542e7, 8505 
69357 5d64c9fd-aca4-4009-9bb5-b69ccdade29a, 8505 
119000 126b69ad-253b-4a36-9d3f-5c4c5b1701c9, 8505 
397723 1e9d4ed5-23c6-4a97-bf03-d6b40c37e607, 3919 
187840 48ffcf50-459c-4ac7-82cf-f5fd864c66f6, 3919 
97996 e499f9fa-a63f-4124-84d0-e814a394752d, 3919 
386848 bcf6da89-24b2-43cf-9dcb-56ef8966ab19, 8505 
33244 12d072a1-4712-4db1-8e84-25164bff030b, 3919 
115917 aee840d2-678e-4aa8-89a6-3d056de8d8a9, 3919 
216072 6ac8b28c-74b7-4a28-b35f-0b0570d59de9, 3919 
122526 7ea8a85c-e95d-46ae-8104-8ed3e5f37dc4, 8505 
362349 29b3cf4a-f8ca-46ec-a76e-e590843d3758, 3919 
16660 77c8f3e7-52e3-48c4-a6f6-3993e098d06a, 3919 
300633 296cb47a-9b23-4460-b97c-7030c0dbf561, 8505 
97445 635a580f-7bbd-4624-ad38-55dbd2eb9a06, 3919 
32678 1d87200f-94c8-4ead-9e18-46b536575a86, 8505 
277173 ae376ec1-ee95-4e06-95fc-402786e4b2b0, 3919 
321949 0fe42408-5ada-4638-83f3-c5eba68e04e0, 3919 
400485 19e39683-29cf-406b-9af2-1c3717749dc0, 3919 
191554 5d537365-465f-44bf-b83b-1c1001e76cc2, 3919 
127844 21eb7741-1ee2-43b6-a8d3-46fbeb057d82, 8505 
222258 0477c6da-7344-47e0-9375-c898be8768bd, 8505 
254113 c5830faf-a9f8-456a-801b-d957b4498e3f, 8505 
260900 1fad087f-4c8f-45d8-8c8a-1ffdb580d774, 8505 
228109 c5447e82-6079-45ee-a1a3-6880a3e27051, 8505 
175999 873fe453-a54a-4da2-9ac3-84fded1d6522, 3919 
321380 06ad468f-a971-449e-8c67-04213e3bed3e, 8505 
337287 09c5f51c-9dd0-4a1f-a943-4539bb05f0cf, 8505 
29655 e8c9b634-353b-4fd1-b1cf-04468b2abf75, 8505 
313078 118ca267-ff12-4bbc-a61c-d1a1af288b25, 3919 
369627 edeef888-1c4a-42f3-b9cb-0a1685358118, 3919 
180997 77aff16c-339b-4461-8a8b-589cd504336a, 3919 
92930 c0ae6284-ce8a-401a-8d87-f21465a99430, 3919 
213198 73ba76dd-1001-490f-98be-79b844a5f8aa, 8505 
384727 d3fa5fa5-ecb3-404f-84ce-a5e4c7f37d48, 8505 
69640 d9990b68-cb92-4c16-82b0-c55a3f0a1827, 3919 
392927 cd2cd79b-6d89-4fa1-bec1-2923453edb3e, 8505 
376601 2ce038b2-fa76-4092-9df3-b1c2ed5366a1, 3919 
391924 30d717c8-d814-4a7f-ba7f-954f0d050085, 8505 
311114 ea992d1d-2966-4a71-b797-0c10790cf5e3, 8505 
332763 79de988a-b899-40b6-bafa-a08a778e5bd7, 8505 
131473 635390a9-3046-43c8-896b-dd0f6a5dea93, 3919 
85497 9de193a0-f376-4a45-84a0-12321d3aca4c, 3919 
58366 ca004e35-fae4-4072-abd0-f0ebfd138702, 8505 
54239 b8881f0c-9e1c-47c4-bd07-7cdf3c6452cb, 8505 
214180 5be6a17e-4b5d-4470-a36b-5b412848a4eb, 3919 
253789 87d6ea13-9582-4c38-984b-3657f202e620, 3919 
211320 af8140e2-4c4e-4161-9e51-66fd9d044f2f, 3919 
8806 ae53e322-49ac-47c1-a624-d95fe160d918, 8505 
24391 5f0bd865-8790-4cc6-933a-9715dad3a452, 8505 
367188 3aafbb53-e139-43ee-bece-7f835ca873a3, 3919 
180082 ad39e281-6194-447f-b3f8-4b41c4d22f49, 3919 
16255 7b32a23b-cb26-4a15-9c90-8ae4f1a3569f, 3919 
216589 1437cad2-aefa-4f34-89b6-0a1152c53aba, 3919 
53767 acedc325-04b0-4570-9922-91a9554c992f, 8505 
306168 b7220089-6d8d-40f4-9f20-164c9fa83d63, 3919 
387734 defb4ed7-fce9-4a0b-8e0e-5634ed29f060, 8505 
98584 e6b81163-9921-4639-94a0-c63415d52691, 3919 
370105 2f6e8bca-5433-4427-bf0b-a3edecc09d0c, 3919 
61435 4da83114-a126-4ec2-92cd-c39468a512cf, 3919 
231865 13d867cb-8102-4027-8f2e-14e24f8168bf, 3919 
26798 80bf86c1-a04d-4e4a-aaaf-29948c7de4c8, 3919 
287987 b1e3298f-52a1-4f2f-9d48-31efdc458258, 3919 
295642 6b3c5613-93eb-4b92-b4c5-c35902e9386a, 3919 
11336 5b30e6b7-14ca-4bb1-a44e-5d79f2d6e185, 3919 
285238 3232a678-cfc9-4c74-9761-3a1010974176, 3919 
336372 deae5bef-2a55-400f-b6a5-32368a7dd411, 8505 
15248 935a3e88-67ad-4d59-af20-8993396a3e1b, 3919 
152433 fb9c037b-2d8d-47fa-8735-44853bf6c466, 3919 
126044 80d2fee0-08fd-466e-a7a2-1ce7bb8b14df, 3919 
210463 eb7f8e54-6cfc-4f8c-8066-2806f63b5a79, 8505 
90713 051e0345-94fa-4710-bc1c-719b346955ce, 3919 
177727 697d8ac4-f1c9-4142-8c0d-0be80379ca76, 3919 
225012 5b5a8a72-e700-461c-8ada-063f5cffd503, 8505 
278483 c9ece84c-184f-40d7-8682-d1997118b641, 3919 
17694 bc0b5a33-6bbb-42a1-a9cb-115eb97ebc25, 3919 
360891 bf1339bf-ef9c-4df7-bf85-de9044e9cba6, 3919 
41560 1fe0b30e-4c23-49d9-9321-10690ddbe454, 3919 
352018 7a53905b-240f-4e9f-b6bd-61f8cafd6c8f, 3919 
107463 cfc44c1c-a398-4cf0-8f7b-96d8d9cba75d, 8505 
174043 7b5da1d4-ac4e-49b9-8205-3d765da02508, 8505 
320289 ac5dfdc2-1fa4-4c1a-837b-b3329773866c, 3919 
45296 9b600047-3f41-47a9-95e8-e3bc81cf3ec2, 3919 
274536 a3c570d7-2254-438e-886a-d21b8fc1c020, 3919 
94827 753888d3-027e-4661-b9eb-36af904d3901, 8505 
121298 8854e89b-c004-48ef-ba3c-e5bad9e1e9a0, 3919 
244128 800189a3-a4f5-4d9f-b545-2b92d1f7a2c9, 3919 
375507 5451fed4-5f02-4a80-bd32-f0bd5abaf96c, 8505 
329643 48e73795-9203-4b1e-8c2c-0c111582711f, 8505 
131348 1bd05a79-585f-4d0c-bfe2-72bd9b8f9628, 3919 
162244 87753adf-94ae-4303-901f-359383aa400a, 8505 
393424 7cd63f65-eab6-46a7-a7b2-3c9cf91fda6d, 3919 
184282 e0cc7e17-a4b9-4391-9245-25831e7c6fab, 3919 
57879 20645c26-192a-4454-94d8-f5a1bb589987, 8505 
170446 0d992beb-845b-47e5-9c9e-c74e420d0ad8, 3919 
178658 504ea4be-2837-4e87-aa41-4c7568ad03fb, 8505 
28782 c0f264d0-5fc2-4122-9a03-53ec83d2905f, 3919 
280458 43ad0e35-3993-40b7-a5e5-67b49f435b79, 3919 
120226 88635fc6-02ae-4599-a287-eb69f6ed6864, 3919 
210182 ba56cc02-4706-45c9-9426-78f910516c38, 3919 
352117 58922407-ccc5-457d-8d4f-1050c8e3ec56, 8505 
377517 aed577a8-e234-4766-9e4b-e5b060917308, 8505 
378108 1dd70b62-46eb-4678-96ef-fddc831b041c, 3919 
294900 24c50ace-a6c8-42b1-9aaa-978d4d594748, 8505 
117437 0305c67f-bc70-47d0-ad52-85a2362bd7f9, 3919 
320820 c609e741-173e-464d-bce6-0462c8cf58d7, 3919 
137237 c636eebc-5150-418d-a5cc-4599e4701c69, 3919 
262678 4bd1742f-b262-4657-8b3e-f1b7c42213c5, 3919 
152897 14c02ad4-dce0-4794-b7e7-e42d927dcd99, 8505 
353939 45cc7f44-54c8-40bc-a45a-9677ad0dd18e, 3919 
399851 54ac4d39-dcc8-42a1-b6cc-40d8757df23c, 3919 
299675 1d1e996a-8a9a-468c-8746-447ee08280a0, 3919 
271920 66f61aa6-1742-44aa-a536-bbc8317857ba, 3919 
323469 0b1c7154-1168-40ad-aac1-9863135c858d, 3919 
111513 a780596b-ca72-4f90-8f47-66326147e200, 3919 
167002 7ae46b34-2b60-43a1-bc40-074b20bebb30, 8505 
24570 7372cd3a-82ba-400e-acd9-5de1a17264e9, 8505 
56238 9276a0a7-4939-47d2-8b7c-8b6b81fe3b1b, 3919 
111494 1f75aeb3-c424-469a-8bb7-8724c86c647e, 3919 
44085 271b4a6c-8db2-4d69-8a5a-c8e2511fbb90, 8505 
255763 33208aa1-0e68-44f1-a5aa-dc1136b8e183, 8505 
45664 7ebe885e-a1a2-4795-95ab-ac1f733aeba0, 8505 
286664 e04083b0-1165-4414-b424-6b80fe2f02ca, 8505 
303026 f2cd7715-1638-4b62-91e5-4e0ec8e7ae0f, 3919 
106692 fef6940c-a799-4f7c-b3ff-bd15c000b4a1, 3919 
100438 620f723a-7bba-4712-bd8a-051b351fffe2, 8505 
377251 816a2414-c385-4b39-9329-df926347a378, 3919 
393476 1d1fc876-2daf-4b30-b952-9dd5faaa7c14, 8505 
341838 11e7b417-7599-46a4-b1da-fbe4af9aab6b, 3919 
100314 7c1230f7-a941-4f1c-82f0-a011be0f77de, 3919 
352516 11b6b6ee-e9b4-4660-a45b-6985756ed241, 8505 
398548 10c29aa2-718d-498b-9496-19c8d2c3bf71, 3919 
234348 e9414a9a-89a5-452c-b3c0-9045da60c9ed, 8505 
264722 6752e402-37e7-43fd-9241-60c135589209, 3919 
183582 e6a3ae64-7402-454b-9b7d-ce31cf3c97e2, 3919 
45995 6b122a1e-0f55-4b72-bc0c-b8232166543f, 3919 
329685 7c4bca25-d11c-45a6-89ee-d49d610e53d1, 8505 
368562 be782356-cd85-43fa-8b30-fd52c92cc4ad, 3919 
126504 eece15f1-1ca4-4b39-a06c-a132159458a2, 3919 
259302 9ffd99ca-e820-4b3b-9ae0-acbda263b61b, 8505 
352131 6a618a9d-139d-4f2f-aa45-8dc11e0c792a, 3919 
97296 c7d6ecbd-8b61-49b5-a84c-e996a23dbc21, 8505 
213797 1becd860-a328-4cd0-8660-4a5393e8e39f, 8505 
395380 b6fe300b-7b63-48c4-a7c4-7077526026dd, 8505 
172496 7a31951e-f190-4efd-b362-f00be877e91d, 3919 
108578 62ad5cf2-1d50-40b9-b643-c53863e316b0, 3919 
60943 8477cfcc-61a3-4e5d-b315-5bcfa6f4d2f8, 8505 
130386 e5c984e8-8db3-4f47-9903-ffacd256c2ab, 8505 
61209 0f3a048d-99b1-4969-80df-0cde5955e78b, 3919 
200401 f4ea08fd-0bfd-4042-81e2-cae100e421ee, 3919 
182797 b1e728dc-1592-47c9-b368-ee990ff1cc34, 8505 
78851 cf7177d7-b4a2-4fce-b14f-ebe00b91fba9, 8505 
96021 daf2c14e-d922-4e00-9dee-ea27da6ff8bd, 3919 
67075 f395d3f3-e9df-469c-a280-ba53539252e3, 3919 
44611 4cd6154a-5772-46a7-a698-e14f394d501c, 3919 
202691 8ea07caf-b399-4128-8d80-ed8e811ffd8b, 8505 
256437 6672438c-0df0-4049-98d0-51fb5f8c516d, 8505 
198096 34e6b9e4-6207-4a31-a2cd-cd5d08252281, 3919 
391070 c4f940b8-ed7e-4c1b-b3a8-f32bf32b7f23, 3919 
369214 1f18faf2-b0f4-4065-8695-8ececb00868d, 3919 
332056 85454762-e452-4325-8fc3-d11347388058, 3919 
218292 6a8e16cf-3752-451b-bf73-5a86e2fbe457, 3919 
18403 cca7e972-f689-45e2-84d3-055b86ab240a, 3919 
248319 b1b6e2d8-a4ce-4697-ad58-14cb0b7f0920, 8505 
205036 d8f37ca0-e32b-4821-949e-85a1e52388c4, 8505 
158331 565a75be-0ec2-4208-8a28-7ca72d083157, 8505 
244221 0a88569b-5cc9-48a4-a23a-ab586bd24746, 3919 
300328 13b92257-cd67-4d07-87cf-8f594dd5f5ef, 3919 
198887 e7b53c2a-3eaf-45fb-b710-c9bd74dcdee0, 3919 
315337 ff626d9a-06d5-49be-a91e-7d55cad59e68, 3919 
10813 205451f1-a058-4b14-b557-9de92c925dff, 3919 
323214 f7a3b2c9-6a6f-4ecd-8fe0-18ad7e63ff4e, 8505 
213293 04a4ec2a-949b-4b8a-96e9-c977a916fe60, 3919 
113543 7155e318-364f-4cf0-b00e-0930682bf3de, 3919 
265461 1d36d306-5e5b-4a91-9177-b5e25cba27e0, 8505 
196604 44aa2d41-f780-419c-a663-1c5f5bd98d89, 8505 
112294 e5e0ff47-acfc-4e49-9697-b7c8278c7a41, 8505 
216020 2da05061-0c50-48d3-ba09-b7ef12d9f9a4, 3919 
393144 b5697e1a-7279-4abe-9f7c-e3ccb09bfa26, 8505 
299770 8f3376c6-2d29-413a-b77d-9afb7080e9e5, 3919 
253927 40e7226d-cb35-4491-a48a-16db78553722, 3919 
273541 7c1ce920-b8bb-4b84-8749-79de3fba1aea, 3919 
26201 f9a88096-edbc-4340-b745-70867e026a40, 8505 
397087 56239575-68ef-4b77-b5c4-b99d00f1ac0c, 3919 
288678 f40b2b07-0e27-4d6f-a9fb-4d34fd7c5603, 8505 
23186 e1224ae6-256d-457e-9ffd-bdb86749596a, 3919 
96678 34262203-21c4-442c-a341-9270ab4867be, 3919 
82895 f81711ad-328a-42da-8c3e-1103a3c560a8, 8505 
203301 2cc7078d-53ab-4a09-8927-1e51ba8316b0, 8505 
253215 cd42293b-1974-4375-972e-e3efa7b7b76e, 3919 
217937 fe897c64-d3f8-46d8-affb-7d34e6bac3e9, 8505 
131878 3be1afa5-1f7f-4e1e-98da-a89ede5aed1e, 3919 
38612 5586db77-aa42-4aa5-b852-e1e3ab67076b, 8505 
86269 a7278510-577c-463d-9812-b982ce55e00c, 8505 
283682 d07607ce-d8df-4a12-b39c-9445d8e5755e, 3919 
44612 6a6d39fe-184e-437c-b092-423e1853fe2c, 3919 
208764 60d59cd1-15db-4ca4-aa60-3147eca73c9b, 8505 
346156 0e6529d2-cbf0-4d53-ac6f-59caa74260ba, 3919 
297117 36b5d919-5d13-43a3-8f41-8cef7a21d68b, 3919 
380009 d03d76f0-bcd4-402a-9b32-d871fcefa56c, 3919 
195727 0a972893-81b0-437f-bf13-c4c393292643, 3919 
239141 752c13e3-f18f-4f18-9970-c40d0bdf88f3, 3919 
128730 f391241b-dc05-43be-a41d-25d2b62a7a32, 3919 
159574 e68f949b-fdc0-4168-b8af-821bef2cb183, 3919 
103455 c7023cd2-eb2e-4c36-be86-55b1c5bafcfe, 3919 
379703 a03ca7cd-2d76-4dae-8150-eb7c1eee3549, 3919 
391778 92b16e93-41bc-45ab-8332-37220d6d31c5, 3919 
103305 8f5f9510-ca24-42f7-be62-4725e67fdda3, 3919 
165391 9305d005-d702-475c-871f-275a21072159, 3919 
339329 5974f1d0-7115-4f43-a002-f05b08e0e791, 8505 
49330 22d206ee-b394-4cc0-b2c9-3ea465108718, 3919 
60169 6d8bc620-8adc-4a97-ba2a-c77ae9f7d168, 8505 
177812 4b2093ed-3b99-4586-9e21-e6bd9c792741, 3919 
301849 0f99e0dc-9923-4878-8a4a-21b3f9f2c557, 8505 
322491 07f88409-4290-458f-b4fc-8cbf218af3fe, 8505 
235187 2f786f45-99e6-4a5d-aa33-777a0f62efd9, 8505 
325117 261d703e-b919-410a-8226-53aa210d9082, 3919 
41390 5f0fe580-5ecd-4fb0-974e-93bbd33205fc, 3919 
157440 730f42ad-e868-4e04-8190-18a41b04d955, 8505 
100822 2e7770aa-27b5-43a5-b178-7305d295405e, 8505 
287949 c7719ef1-6150-49e4-8caf-e8b41b87b336, 8505 
107619 07697ae8-7598-421b-a609-bde6a708b2bb, 3919 
88290 f9f903e9-3281-4891-954d-80ef47231d2f, 3919 
145912 ddbcee36-c7b2-4881-8c69-d1776bf51b0f, 8505 
221702 b303c784-2a82-4f67-9626-ace72101ef99, 3919 
144490 a19439e8-a0cc-4239-ada6-d8928b9b4c1a, 8505 
79075 8cdf1f7f-6265-488a-88a3-974bc23a0a56, 8505 
337889 f3c2810b-fd46-4459-9c0e-25b98c77f49c, 3919 
48627 da819675-87f3-4396-9ff5-f31fc2c02bbd, 8505 
300045 80f82589-36f4-4ea6-93b3-902c2c6394f5, 8505 
129032 b715b6a2-217f-4091-af3e-e0024e4e2bd1, 3919 
74471 c1a2d807-6bd5-4fe7-8dc8-e0bfc83c9d2d, 3919 
168022 954a7b89-991d-450a-8675-e99f08966821, 8505 
301426 ae65a55e-8054-41ab-b578-c7fcf024447c, 8505 
318267 c2da3857-9070-4866-9b61-dae0089340f5, 3919 
195281 3054f690-f5ff-4243-b1ba-c915e6446082, 3919 
244793 96252934-e0e7-4060-bcc5-6bad750f4ea4, 3919 
317844 7628728c-c6e9-4227-bdf3-b1b60b7bbfee, 3919 
169437 9b76fb72-6a68-4410-89da-a97d0b48cef5, 3919 
83368 11ad658e-45b5-452e-930f-ba91f5afe7f0, 8505 
124476 81ac3723-53c2-4920-b951-28eb459af290, 3919 
394176 0b816de3-3665-4e1c-aa4c-a9642bc2bbe9, 3919 
251889 fc4b5bd9-77f7-4e17-8e00-0d7d31ec87c3, 3919 
327582 b92f238f-ce86-4910-9ed5-3474ea244285, 8505 
120258 b7a690df-a7c1-43df-ac86-0328ea59ee6b, 3919 
27809 d72eb6c4-e2eb-49dc-93f6-9820016187bf, 3919 
330909 d3ea9de2-0844-4ab9-bb18-6b3e5428abbc, 8505 
167541 cdb3826d-0b9f-4251-8d92-b3fabbc6fcc6, 3919 
118914 1d0cef84-5e36-4aef-84f8-2220d6558603, 8505 
266408 129eb685-bff4-4fe0-856c-824d265963ef, 8505 
71477 da365071-aec1-4c57-95e4-285f242cb1be, 3919 
139657 533f60c0-0141-49ab-8f53-fb8dc9171184, 3919 
202806 ab19c5ab-dc3c-433e-be36-082407760f9a, 3919 
349221 28f29fd8-c70f-4e7e-9e2a-98bb7f77d8b2, 3919 
127310 15601e65-abe8-4f44-bebd-6620ec610cdf, 8505 
274637 7a50a86c-d037-4530-89d9-4b6b93566bf6, 8505 
74487 0386f55c-a666-4bf1-b7de-45190862dd6e, 8505 
111861 d8b6a162-17b6-495c-a8a5-1a225eec8d42, 8505 
302053 3e0c3016-bd82-4c56-9567-7253162c5096, 8505 
432 1b08cf21-4707-4d47-90f1-1fea67034b79, 8505 
245122 9a2d14f7-6958-455d-9d97-602ea58efb68, 3919 
10858 14ff8c12-020e-42f3-a55a-e33ff1d3c62f, 8505 
56541 b63a6942-3046-483e-9da4-40c92337fea9, 8505 
204476 625952d7-c32d-4202-a429-33b93697c328, 3919 
98607 3bf0a224-4149-41dc-b691-c1b2443791b0, 3919 
356988 c34ef253-d480-4745-8efe-e7049ec9227a, 8505 
122513 4eea6411-0fca-4709-9b5e-c7e8d63d9551, 3919 
327048 aa16c9f2-237c-47a5-a332-c670dbb0b1f7, 3919 
16477 bc7e8140-1f97-402c-985d-e89906dd12ff, 8505 
276133 9e9ef4e5-fc19-42c6-a2fc-b5fcc5b5a3a9, 8505 
379376 330c3d8a-cd34-4a78-8784-1b9e11078696, 3919 
165280 a08f1e2c-88e4-404e-8090-459217bf127c, 3919 
143104 ac3aa4dd-0318-45f3-a828-ad48bfbf5a1e, 3919 
30064 72f4ffc7-f1ef-4b1c-a7a6-7a39444b98e3, 8505 
260327 ddf49ad4-8b17-4c66-907c-93b2b231dfa2, 3919 
349173 e98f1579-9c40-4568-9804-a5c3e1c686f0, 3919 
168934 d4ae6ac8-379f-4488-9faf-ab93ba9e5335, 3919 
317559 2257d251-518e-425d-a221-e2e15a0c2960, 3919 
348824 868d0c73-2ed9-4518-89b0-79c5eb1afdea, 8505 
326166 137787f4-e3c7-4b65-8a16-f3804d4d91cd, 3919 
339689 64dd6890-5253-4b6e-ad70-4539170ce8a3, 3919 
47379 adcd7b68-315a-4ed2-bedf-f734dbbd859d, 3919 
56781 6354c487-9b87-40f3-9dd5-d01543fdc64f, 8505 
247528 9b971125-e859-4eee-8361-252e931cb572, 3919 
85039 5a62bb49-a6b1-4e0e-9490-ab6eb5cfaec1, 8505 
109275 196f3695-a041-4b6f-a059-b9cdc317efb5, 3919 
311196 cecbb70b-4477-44dd-a1b1-662e0c2de2ea, 8505 
229850 a8ce0b39-d62d-4cae-9133-0ac8884437de, 3919 
262245 acd7f056-8527-499e-8bee-0d7c7797263a, 8505 
169859 7bbb3c1e-3083-413c-857e-bc922abaada5, 3919 
352180 e404ca48-842c-439a-8edb-a2b67210705c, 3919 
59085 42e1d186-6799-457e-88ad-decc48254bb1, 8505 
61344 d3409630-8ef7-470b-9a13-8b28d34f633e, 8505 
92966 4a90468a-98ad-4a42-acd6-5898a8f9d2e6, 8505 
136059 21cde4d8-14ed-46c4-b5d2-e4b6646e2195, 3919 
107821 7e723244-fa46-4a6a-b2d0-92241f86b4f3, 3919 
272122 05fb9c4c-ae96-4c01-ae6c-2f9529eb40a8, 8505 
15471 dd4abe3c-2b43-4204-801c-55c829769611, 3919 
382326 934ec0d0-09e3-40a4-8c20-6e86737feb2c, 8505 
275925 0c5ce607-3316-4772-a009-968984805d13, 8505 
131342 538daafc-a72b-4b1c-b318-c5553a1d33a5, 3919 
279896 bb8051ef-58c9-4837-80fa-edc982398109, 3919 
355812 577333b7-f7e9-4233-8ea7-92f845ea5af5, 3919 
55557 4a659ef4-e725-408e-991d-dd2366a1efc6, 8505 
230730 bc0694b2-3082-41cf-baa0-253809cebc35, 8505 
273155 b7fc5bcb-33e5-445d-abd4-50e059f318a5, 8505 
175998 014d7806-2a26-4784-8c3c-d10ee662455c, 8505 
341553 d463294a-ff12-4ae5-82f0-4f684dc07abf, 3919 
5514 08e4f07b-79d7-47d5-af18-4d5dba92d7ae, 3919 
208557 eef8c06e-e6ad-4722-9cc4-eded890bdc73, 3919 
3568 be57fad0-3554-4050-a3a2-aafff7b1731a, 3919 
8111 eb0aad49-98f9-4795-abd9-07d8be22bd90, 3919 
383364 76b7c015-5b77-489e-86b9-47cf2a6b078d, 3919 
76686 d83f3eeb-ccf1-4ae9-8d6d-20e1407cee80, 8505 
2237 72758034-a3d2-4d29-9c0c-78b50f45ddf5, 8505 
107202 0172d4db-4ceb-4370-b682-3f8c35a1d1fb, 3919 
395088 e2f9e0b8-613a-434e-8ad9-cd2c78e7b224, 3919 
259066 8f435a6f-54e1-402a-80e8-526b2f96ee5a, 3919 
6733 34c27c92-90fb-4c6e-9b20-b91384bfdbc2, 8505 
91245 7b3dfebb-06cf-4fe6-bef1-e2a1fc10e702, 8505 
96861 8c7b55d4-2b06-4151-818b-632c99d606af, 3919 
331674 bf153642-f68c-4a49-b29d-75de9d67b8fd, 8505 
391774 98b6f4f9-df10-404f-a02b-5cd5e5808c17, 3919 
175154 d83eb1ae-5e4b-41ea-87c6-4dd04f5aeb9d, 3919 
25072 e9159370-a1f4-4c82-ba7b-9a9944e3a5ed, 3919 
138979 9c085a43-6e79-4633-97bb-2bce0eb8c2a4, 3919 
293513 93e92d7f-939e-4566-8e3c-ef18b879871c, 3919 
36371 f4aee180-7c5c-4830-a6e5-6c8f95e726d2, 3919 
298498 e0ed4ae5-e96f-4a3f-952a-0f27504359b3, 3919 
19308 60624d46-b59c-4bc8-bd83-3e27fa3d9d4a, 3919 
156713 0eee3156-7630-4bc8-95b1-ed015dfc542f, 3919 
314916 d3c88311-0208-44b5-b7db-943ee4b5e64c, 8505 
317087 240b10e8-f5e5-493c-8194-b357e31e061f, 8505 
103294 b8281a0b-aa39-4b09-985f-160f8b93ac27, 8505 
92084 50c99fa8-dc1d-4a4b-84a3-628434042c34, 3919 
126537 cf1e261b-065e-474c-a452-df8c737d6dc7, 3919 
337989 553bb6aa-9a8b-45c6-92e8-4ae6f6de4106, 3919 
339076 2d29cb12-1e3e-44cb-9bfd-e2eed5c7d757, 3919 
308868 3284c4e0-610d-431f-825f-60e5261815c9, 3919 
75998 13db012f-9c93-4f48-8034-307030bc8937, 3919 
173580 cd449c8f-1742-496a-ad07-af6e611c1dbf, 3919 
355271 95aa08df-f72c-47d8-abcd-e13524851408, 3919 
111498 7c645250-57c6-4c05-9b29-a1a2d5fdb01c, 8505 
159687 e2eb1d9d-d26d-4779-9908-f5d13c632207, 3919 
309528 68544752-cd31-4126-9888-0a046dedd6c9, 8505 
24249 f784782e-54ee-4db8-8c09-bdbe7870238f, 3919 
299797 fe99f89b-5805-4fd0-818e-43445f7aa987, 8505 
148963 3ba1284e-6192-44b3-846b-524596149003, 3919 
224272 f4777f74-f7a1-40b8-9dc9-ab6df21f0f43, 3919 
77152 7c420b0a-4c2e-4568-806d-a6f3133da9ef, 8505 
96595 a067d310-cd2c-4809-ac81-ec32091000c5, 8505 
402329 0fa36429-b4fb-4e76-9b79-0bfe08d08de3, 3919 
98458 6392bbba-bdc4-4256-88a9-94728d7fc19b, 8505 
375310 296acb36-fd17-467a-8a2c-e83492ba4b4c, 3919 
177672 91dfac8f-25ad-47d9-9a1d-e7b6bee3d762, 8505 
160029 95c6c08b-324d-40b5-96dd-006cbd040dbd, 8505 
108391 79996182-1f60-4f03-a78b-fc1e973ffcc7, 3919 
230385 c22eadbb-3e62-4e66-b43a-ceabc000d54e, 3919 
3044 a2f86285-bdd4-44b9-854f-cc3ae0536014, 3919 
227882 353c54f5-f0e6-47f0-95e5-69aa98541242, 8505 
31191 7aa561f9-5c2c-44bf-9c2f-77a6cfc4b365, 3919 
194638 48839911-cfe9-4d47-9211-d9fa461e40f6, 3919 
97922 6131f85a-4b79-461c-a65b-855baed87d1f, 3919 
386015 ad0e8169-5121-4409-844a-a555a0594959, 3919 
197066 7dbd4079-ddb2-4fb6-9b28-a05e9173f113, 3919 
313586 a6ab4302-b360-4af2-a0bb-a0d8f572981d, 3919 
83519 99e6a48a-9cd9-44c7-9b41-224abea93893, 3919 
118115 100fb35f-e51d-4f4c-908f-937943cdc380, 3919 
6925 55715a6f-4bea-43d3-b377-d34fadb55018, 3919 
206949 a94d2a0e-9a51-451c-b00d-1f84babfad1e, 3919 
188621 902ed817-f4ba-4236-ae3c-ee7ac0f4f015, 3919 
175255 d76175c6-7570-4656-a717-df57dc8918b2, 8505 
380238 ec9f577b-2082-4ee6-9fe3-2cfe392527cc, 3919 
26608 c55670a5-6e2a-4dd8-8d03-1e49b70e6c31, 8505 
126926 f7d04245-1c61-4616-9aed-4cc380fdcf32, 8505 
239927 4c363e8e-680a-4040-95b6-55b7600eb4c9, 8505 
182256 b4b6e873-d97f-4713-8cc4-079b18ff142b, 3919 
196522 ce5052cc-9d94-408e-aaf0-9ea1637d374a, 3919 
198434 979953d5-8efd-4d8d-a8ba-f745c8f11b36, 8505 
242867 da59cc3f-1dd2-493d-a0da-84c768213183, 3919 
104863 99ee7be0-7200-471e-926b-4c9100079c4e, 3919 
128891 8a6a69f3-b664-4781-a521-0ccae8684244, 3919 
106092 f009eed0-b6c9-4c3e-b331-af42929c8d58, 8505 
27939 8a4f56da-1955-401f-aa52-774bf35004de, 3919 
240673 216255a1-3aed-4c31-8938-d649015d9bdc, 3919 
17062 1742db06-c663-457c-8445-cf58612501c8, 8505 
388929 2bfc4608-b336-4cf6-9563-428d8e4bc968, 8505 
325262 dda3e4f9-ef5b-4ccd-8752-babc1a832e57, 3919 
175479 eaaa01d1-1ced-413a-8423-9e35fb7710ca, 3919 
305891 77545df0-2549-464a-bfad-7884bedc273e, 8505 
173243 4db08e06-e3ee-4de1-b865-14ea530bd399, 8505 
132145 ccb945d3-4253-48ef-971a-ad4d1a9f0a6d, 3919 
19280 9b35381a-117c-4f4a-8b66-d036b090433f, 8505 
217605 3a13032d-30fc-4359-a9fe-780a6ea907a2, 8505 
21136 081f363d-17a1-4a12-afa4-1c3ca45ef7c2, 3919 
36998 2a402971-fc3e-46f8-b805-2c84ca04e2b0, 8505 
48517 65453e74-4875-40cb-9064-7debe9b24632, 3919 
119984 50708df3-6030-41c0-83e9-9ac230b0f928, 3919 
114655 be36f457-0a73-4cde-952c-0c0d8c6126f3, 3919 
377946 5ab0042e-8fbc-405b-89ac-7f939da28357, 8505 
39377 7fef526a-e28c-4bba-b015-78112557b6c1, 8505 
196674 3d2b822a-d0b6-47b5-8007-a1caf7166b65, 8505 
139588 dfd807da-a5ed-47ba-96cd-2b6b6724cb8f, 3919 
281951 3bd00c87-6431-4b5b-b54a-37578950adc4, 3919 
104190 f7148da1-be30-4fd8-96cf-05d370030531, 3919 
211270 fb8022d8-2fb0-41eb-8d39-2e89bc5be0ac, 3919 
159018 161279a6-e553-4f8d-9cc7-d60e31cc3aa1, 3919 
156983 171866c3-6b5c-43f7-8b8f-b692c3b9cac0, 3919 
89493 d0e95baa-bde8-4916-9509-09021dddae4b, 8505 
1502 0c8a4122-af7b-4cc7-ae90-81a6b5278109, 3919 
121819 3187818e-d748-4e89-8b4d-08cc5a3b8d78, 3919 
237908 71a91db9-5d91-4832-bda9-484bd31a64b4, 8505 
27475 0fbd6e12-6806-457d-b00d-3000741e4c26, 3919 
114014 5c97ca2e-c387-400e-b9cb-1fa331fa9deb, 8505 
130932 d1c1ee5f-b5ac-4bb7-a893-59d702bee3c7, 3919 
360552 1bc590db-5081-4ded-a9cc-9c4b1ec64651, 3919 
333959 d55115fb-586d-4dfd-a6d5-4adafac470cf, 3919 
12609 a896285c-ee24-4274-9fac-9d31fb461c53, 3919 
299202 8918632a-f541-492e-9ae2-e09483d76e05, 3919 
203736 40a0461f-d5d1-43b6-96e8-2dd619e290b0, 8505 
76115 09843bef-eb11-4682-a0c9-c8efd2bc512d, 3919 
187817 ef06de86-5d57-451d-b1ee-23f76b3f541f, 3919 
155394 8be37329-5f4c-4513-b1b3-35f5fc362f25, 3919 
131103 4ef1b5bd-d776-431f-a3e7-68ef65a86087, 3919 
197949 3be1abfa-f712-45b1-ac6c-9d685bf50871, 8505 
312123 edf67fcc-9323-43aa-99db-03f77a467df3, 3919 
172034 d5be6de3-a794-4b6f-8d24-42f053ac647c, 3919 
253067 b6c5999e-9cd3-416c-b9f0-1bd0b544345e, 3919 
212481 fe04603a-b5cd-46ef-b8ed-07cf565a92ca, 8505 
109461 dc552878-0fc1-4988-b718-c3f49ff2be32, 8505 
126712 c5a5d26d-89a9-407e-8c1e-aff4ea01ca28, 8505 
267971 ade6ded2-74a1-407d-b4bb-bb38d74aedef, 3919 
146499 d428bbfa-ec4f-4423-9265-024a2b9c882d, 8505 
260208 a6790eee-217e-406c-8376-b48404dbcc6a, 3919 
18276 e5ccd2d6-e18a-4b28-8cc3-8ea28415357b, 3919 
322493 dddd834b-ac12-43ac-9efc-6abae42ab2ce, 8505 
255914 7cb1a3cc-bcd2-4323-8cc0-3e9a89680879, 8505 
299506 6fa39bdc-6cc1-4bd5-ba42-b1187373bbcc, 8505 
232255 9c2abcc8-8738-4aa4-83f8-d4211525faca, 3919 
55882 cfd06a00-d4d0-4a92-9c1f-15bb5409bb2d, 3919 
182039 cefb268e-29f5-46d7-b713-1ac7e142c139, 8505 
63183 c4bb5739-3c18-497d-b8fc-9457174f044d, 3919 
131067 a987409d-ed8a-4fb5-82ec-0bfdb6ba2e03, 8505 
153925 235c19f1-2ddd-4b88-807b-63af52042471, 8505 
205726 07f66f0e-57ed-4e8f-8bcb-6a41b30a45a6, 8505 
177838 fec53f2f-2a88-4812-91e9-b52e56f4d627, 3919 
301967 7b3ed4ca-d890-44de-b5ce-8b27e92d6fa0, 8505 
120465 ce3f754c-5d11-40ad-8ee2-68122c14ae52, 3919 
43406 ae678f4c-4f80-49a6-8d2a-2f9ed1de05b4, 3919 
358572 8a7a869d-828c-4acd-977f-2c6840770174, 3919 
38608 4ae082d7-cd45-4b7b-8fb7-cf192b3cf103, 3919 
380685 b75d4b62-d3dd-4a4c-b6d1-1c930822cff0, 3919 
58729 3cf6c5e0-fbe3-461f-a18d-935ab4176e54, 3919 
316351 b735798f-bba9-44b9-8f80-fc3a6611d04f, 8505 
397881 11bd339d-e380-47a6-858a-e61d6f532f67, 3919 
71474 d35b559f-4e6b-41b9-b3aa-61bf53cf5b8c, 3919 
241620 047cc6a4-e04d-4ad5-9772-44e382514556, 3919 
335388 8202ead2-42a3-4a73-b731-4eb497171776, 8505 
193074 fff9ed07-3fde-4e91-9c30-a57fb3fd9f83, 3919 
377858 53f7708b-a301-483b-b3d8-5d1f79f8d257, 8505 
281638 4a776c40-38e0-4523-9031-ed64d5c5a677, 8505 
196641 90fa8e07-9477-44bf-afd2-44fa9ae99d5a, 3919 
114098 54358f2d-14bb-414d-8e5c-65c29938e031, 3919 
367908 347a7bb5-7735-40fd-9c3e-dd47720cd4ca, 3919 
39440 8578bd37-97dd-4be7-8a43-f2a173ce503c, 8505 
189553 bb66c807-7cc4-4a80-926c-7c0f9c297b66, 8505 
90475 692e0819-9c49-4af6-9c12-213067044f8a, 8505 
305162 603270f4-f8f4-4d82-8968-bf4c72bd8d5e, 3919 
302425 ba7d4421-2586-4f62-9243-334edb2e94b2, 3919 
238711 4fd555e1-5bd2-4e69-b7f0-3362f5609e6a, 3919 
62158 a99e9bb5-f0e6-44f3-a48e-1641af961026, 3919 
64867 cc7b6308-9f1d-4189-8e55-798cabdce8fb, 8505 
19182 7d46a83b-59d4-4d5a-8b33-01554e1cae65, 3919 
346279 4523e8ec-779c-4c6d-a0c9-f220bc9ccd6a, 3919 
114858 5a49d9fc-b3c3-4632-b2ee-bc23807a334e, 3919 
143978 a1bdebb0-7e33-449a-acd0-431b1695af80, 8505 
358137 4b914cca-3f15-42a4-b419-e79b6b680a28, 3919 
346805 d909a3f1-952c-4c63-91cc-8dae953205f3, 8505 
252392 00e255ed-33c3-4bc6-81fc-6334b59a498d, 3919 
296066 6bbbbfac-3e23-4896-bb17-9b96ee42e161, 3919 
178679 0ca85800-72bf-42bb-b8a7-ed3bdd2a8a87, 3919 
343469 049b75c1-50aa-42c2-a409-19b851106c81, 8505 
53159 fa59152c-c964-4417-9d5d-b35d57b896dd, 3919 
228041 5ec4b222-c476-444d-8de8-75107d2141b3, 3919 
277893 339bbb5f-a743-49f6-b4ea-d0b2b0ba44ee, 3919 
277831 ac14488e-6b03-47ad-9b37-50161ff0d539, 3919 
265554 8f38b72e-501f-4b3f-8f68-1d1f67f35191, 3919 
375353 01c7f4f1-cb1b-46d6-9f59-7821d7eaa5ab, 3919 
187163 eaca7120-e5a5-4637-ab8e-9c281939234a, 3919 
313536 793791cb-e228-4214-811f-76ef690deff1, 3919 
64804 d9da1283-98b1-47c4-9760-2472505e911f, 3919 
4992 65cf1419-50fd-498c-9fbc-d67feca09ffa, 3919 
45696 fd598ef6-537e-46d9-bdfe-b46658cc1c56, 8505 
257786 372ebeef-823d-4ff3-8dac-447e1b66eb4f, 8505 
231525 6c2b858b-437a-40e3-a8f6-d8cfbe12a23b, 3919 
67077 e8d64fad-d5dd-4ef1-8d08-bdd7c913e578, 8505 
85828 f1be199f-e897-4792-98b7-97a8b6e0e834, 8505 
176300 c93591cd-a9cb-4d74-a4f6-c176dc3b6f35, 3919 
299486 05951d72-f28b-4f3e-917e-4029d5c44335, 3919 
130438 78822527-a163-4998-84a0-e9c5082da6a3, 3919 
144051 3f74f001-5ea8-4812-ac60-08042c3d4484, 3919 
163680 97517fd8-5f97-4c53-a870-9e3d388b0c35, 3919 
248984 14f21743-b7d8-496c-9246-f58d1971b512, 3919 
285571 dc3eb537-6453-4eb8-9751-4dab3c9b08e4, 3919 
220253 c8b79e0f-c106-49cf-8a4f-3dad424915ad, 8505 
292949 924402d0-bcab-4112-949d-fb43cfe94d3a, 3919 
337635 687b8ac9-4120-4449-aafd-a94db00160e8, 3919 
139629 de48ed66-d1a3-49c7-a951-b5c5133e574b, 3919 
57289 64ef4e43-b503-4f31-89f9-4788a3c71bb6, 8505 
2932 83a728a5-411d-40f1-9783-b5e5c640ca7a, 3919 
375689 65aa291a-b116-4a06-9acd-e5328c5031b0, 3919 
153828 ba92043c-2736-4f75-94db-5be0e31465fd, 8505 
113701 d0e71587-6828-4132-8f0a-607e2ea7d760, 3919 
287170 b4275958-ffd4-4df7-b796-b28b9c9b2a56, 8505 
290907 78c74f8c-fe8f-4f4e-be92-e48e222436ac, 8505 
184795 c647470f-dd6b-4678-bf60-46868cf0e752, 8505 
386335 0be58511-7d19-4a0b-bc87-e736dd017f07, 3919 
404161 01c6094c-baef-4ec1-bee1-4c09822d4d35, 3919 
398319 57bca8a9-ad25-4545-88d4-7a8c0361430f, 3919 
152002 5ff9e958-080a-4d95-ba27-d20496ab0b96, 3919 
18934 7eeae87b-8934-4f65-9394-9906b99cc494, 3919 
75922 6b280ca6-c82b-4619-9652-8e5cea088d6d, 3919 
102544 f169d12b-b2e5-4abf-a0c5-cac64e15c350, 8505 
267848 23a0ec6f-2ade-4904-b27e-4453cc1d587b, 8505 
41072 c05649a3-2d40-4c90-a152-e9d833875ffa, 3919 
370069 cc83729d-2f19-4a23-a710-78f5ca0dcad7, 8505 
165859 9008bbd4-1063-4587-8840-43ad8a90d645, 8505 
236481 55a6ff78-0f83-4d6c-8715-7153cd1b88e2, 8505 
338848 83eb02dc-43bb-4097-bd52-d5b0df961ce1, 3919 
385117 f9d59573-e3fb-4ea3-a583-fa71589eb17e, 8505 
19609 319fb20f-73f1-4cd5-8b28-22cf9d07603a, 3919 
303051 1c0d4d7a-b2dc-4dbf-9533-41585d5ad45e, 8505 
353213 12603dca-ccb8-42f3-aa66-4482ef0113aa, 3919 
148737 205979ee-df12-4296-bfdc-09546dc9a2dc, 8505 
210456 be09987c-e62b-4ed0-ac54-7a9d6909a218, 3919 
331746 5f32f7af-a33e-4187-afd3-4a016daf6f3b, 3919 
274216 58a37e9b-03ec-48d9-b024-c6d0f1fa6174, 3919 
335589 bd23d6af-e73a-4fa7-9b2e-4e47be4cd5dc, 8505 
139666 a45be0df-7da4-469f-a3c1-6620c88317f6, 3919 
234344 80f2d72f-7518-4430-a073-b6fd6d0ff9a9, 3919 
9135 0fafaa77-6218-4eb2-81c4-0f70acab5003, 3919 
53800 18e044c6-5d4a-4fd2-ba4a-c1dc3d13bb82, 3919 
245195 5b8399f8-557c-4a5a-959b-8a943695fc66, 8505 
124188 9cc16b81-37d4-4b55-a1a7-86d4387db6d1, 3919 
136920 8946690f-07f1-449e-abe5-8a22a1350c0d, 3919 
378629 5f693824-2de2-4a76-883e-d2134cece7d9, 3919 
115276 725a6301-8f16-491b-bcd6-730dec398f5a, 8505 
211691 a5a38a08-7dbe-41c6-ac16-141c2281da60, 3919 
391587 be821d4b-8364-44f4-a9ee-8f533e83c515, 3919 
233479 36d9a599-f29b-422e-81f4-83781d037616, 8505 
352636 6a626e18-e838-4aaf-802c-222a18fbf599, 3919 
401981 20302c26-b7aa-4be0-85a7-1ad300c52711, 8505 
190304 276cd1de-a6dc-4a0d-960e-c3a3c48c55d1, 3919 
245357 6ce0fdb3-dfb7-4798-b852-f06952c39994, 3919 
153719 6ecad223-106d-46b8-8961-0ce96c6ae19f, 8505 
295752 c3e29de3-de66-4e11-9f57-c7beeaf4b05c, 8505 
290315 03068de5-c9d2-442a-b70f-e575091b8437, 3919 
65096 4ff1d406-31a8-44ee-b2a9-488eb9943702, 3919 
396529 9e9e9741-1ccc-4292-a81d-48db0c66944f, 8505 
200327 6baa2673-2be4-4f69-9c4d-eb2dc87abeb2, 8505 
390529 52de36d6-f592-4d66-a67c-f99514fb1d38, 3919 
174008 aa97093b-7d6f-45bd-b9d3-2bd8dfe39422, 3919 
296416 34d565d6-513c-4bd6-a868-656a362619d2, 8505 
239531 7e37950c-ff91-4a12-a276-697c8404f4a3, 8505 
254320 9e316e11-c764-4899-9cd1-3478af6bfcba, 3919 
340673 b82599cf-466d-4f40-aec0-b9373212411b, 8505 
315072 f4276695-ad62-47e7-af77-7fcc714afd52, 3919 
169712 057fa771-7160-43cc-a47d-cd6b77fcaef3, 3919 
81734 620f3c04-2cb2-4026-bc35-74e8fe7c27c6, 8505 
71194 1335b981-89a8-40ed-91b1-d66241ab26db, 3919 
146547 85033958-99bf-4bc5-9569-7513f7337f57, 3919 
258153 7840aec9-ae96-4911-a92d-b3149da54ec9, 8505 
265771 b578dadc-ca27-4b44-a56b-c8585ee5d020, 3919 
64234 fdd045c0-b8fa-4337-b390-81c9c86566f5, 3919 
361262 aca65ed7-4459-48b4-989e-8bea17c8b1a9, 3919 
72616 f1217775-1a0a-4b1f-a855-b721d990af4c, 8505 
396083 8d6d2362-881b-483d-8be3-d8aed1321a43, 8505 
68643 99d0f2fc-260c-41c0-ba31-0f4d09f7384d, 3919 
316126 e39f4e80-7b14-4b5b-abcd-903489bd0f45, 8505 
367398 693a9ffb-c6e5-493e-a8cf-b6ea11422384, 8505 
271330 7a4cefcc-0750-4010-bb0b-d76f1fe4b8ac, 8505 
179836 9c05426b-41ad-48ed-af5b-8a3d105f6261, 3919 
317561 733868b8-b440-4dab-8985-e589b0b02c5a, 3919 
285795 937ba88e-3889-483a-ad44-ae43b6d4f6cf, 8505 
32859 7cba0004-2b57-49b7-adf5-a385d62d97bb, 8505 
133309 cf4cd3fe-4314-4f50-97cb-1325bdf52cf9, 3919 
201516 dda03fee-32ca-48b1-ad9b-1cf932e30102, 3919 
91035 9dc89575-0104-40dd-8684-007f4015c048, 3919 
181528 d7c93465-ca42-41b6-9fde-1c1d5de44d12, 8505 
282225 bb6f1fbe-5605-4e3c-ae5f-1e4ff3a02425, 8505 
267105 2fbc9dd4-c4ea-4e5c-917c-f83986f341e4, 8505 
252015 94686108-f8f3-4098-9184-bbd40ea13312, 3919 
217360 b214138d-9a99-46ef-badc-907fe02f0331, 3919 
42121 38bee45b-76a4-4221-9498-68658e9eb4b1, 3919 
87014 95f23883-cf06-462c-a580-a9f63ba42b1e, 3919 
299864 a2a45bd5-ed56-46c3-b10f-302ae2fad088, 8505 
62326 7804a824-0426-450d-94e7-03e1bbd775c0, 8505 
350836 36159ddf-f006-42fd-ae39-5295a32fbbc3, 3919 
47291 dd3c0f00-b895-497d-9ff2-9d6619b050f7, 3919 
201812 b529374c-ac6b-48a7-bf33-5de98d64c905, 8505 
273833 7ccaf271-3903-4f2a-baf4-533ce1f4a580, 8505 
265827 23b22ed7-8e63-477d-b315-1c06d346bfad, 8505 
230091 b3f340ca-8ddd-486c-b647-38dc73d71bde, 8505 
344552 a75880de-77b2-44d9-ab5a-b22e50bfca0b, 3919 
142438 04b85688-fc57-4b34-a9f8-4c8611efe7bd, 8505 
7919 d6dcf661-966a-4679-ae65-affcb54edce6, 3919 
337199 44c44c74-d831-4cd1-8668-54d5c39500db, 3919 
396256 41e2e40b-2eb2-4c72-b7ad-cd69d2ae3353, 3919 
328743 f9ec950f-14ab-45df-8201-fb55d3a19b46, 3919 
277233 3823c013-4cea-42fb-9607-04412f83c344, 3919 
160979 bfde02a6-3c10-430d-adbe-94408871aed7, 8505 
302162 bd98beb2-43e8-44f0-a9a6-f9c4f17b5bc2, 3919 
266057 03db0502-0cc6-4462-9fe9-bfb61acbb6ac, 3919 
210176 2623138b-5a1e-409c-88c2-7975d10449fe, 3919 
760 5883f7c0-1286-4d23-9cce-aa377d4b4086, 8505 
151175 c240db4b-38c8-466f-8e2f-2122deb00082, 3919 
145063 7df3dcf7-7846-4adc-836e-da1b97440cae, 8505 
255216 d1cc49b5-873f-43e8-8561-ee98b3296b0e, 8505 
364234 be378a5e-766b-408f-96a4-bb9b915e6f9b, 3919 
44878 52394563-32ae-428d-a584-ce4b23331f3e, 8505 
143161 0d8dcaeb-302f-4b71-bd5f-b0d1f66fef83, 8505 
308862 14b7d33a-d254-4bda-a464-6193633dc1f6, 3919 
330296 81430c06-3fb1-47e5-b4a1-997be2196fdd, 3919 
332854 56bb4fc3-a217-4636-a857-b699ae849cfd, 3919 
240868 ae23d106-7e07-4bf8-af77-16ba9eb48fb4, 3919 
51772 16ca2348-454e-4723-ac6c-a1a11a78e182, 3919 
51325 d8a4300b-36a0-4645-9e7b-7958e64b7676, 8505 
363841 deecc085-7a31-4d6e-a608-d05504ec8fdb, 3919 
103301 8ee57279-70e4-4903-8ce8-7115beeb3d5a, 8505 
295163 0ee79d9c-02f1-4143-8406-91357c2d6163, 3919 
194546 354cf4e9-3071-48e4-bb51-342ad89c6daa, 8505 
146148 f1a8226c-204b-4035-b949-449c97cd68ec, 3919 
80881 87bb562e-34c6-43c5-9a92-6187fcf5d107, 3919 
339179 53bb6527-b3b6-4c2f-8676-467e304a4b11, 3919 
303091 a3fbc1fb-e3b3-418c-a959-44d4d0e49733, 3919 
125440 b5ea23ce-a575-48e6-bf9a-0667df4efa5a, 3919 
40634 56fe4482-0e4a-45fe-bac9-554366833c57, 8505 
382240 68bd7828-23ba-476e-b0f3-f6edf92f801d, 3919 
101460 2115eb4a-c1aa-4338-8518-5791350e02a9, 3919 
294973 8760bf11-1857-449e-9b81-549b2667eaf3, 3919 
108106 e586bd44-5484-44fd-b04e-ba6968fe2723, 8505 
120326 af8d28a1-28f4-4663-855e-9e0bdd994a53, 3919 
363754 385af0d7-d2c4-41c6-873e-0414d0f530a3, 8505 
384022 2c6d2dee-6b32-4b90-9615-161aced61ab5, 3919 
78226 866a9b1f-6d79-4390-b72a-fa6aac3a61a2, 8505 
327906 cef8a551-44b0-4d8b-be53-d17b1c3831dc, 3919 
22222 d412e392-7c48-49b0-a78d-a22348c328df, 8505 
403471 d95159c6-d38b-4387-8079-2f8e8e7739fd, 8505 
281002 537cc645-1161-423c-b2ee-f3606a63f95b, 3919 
231519 f06a8644-49fa-4fff-8d71-9b9f8605d65e, 3919 
261425 c5f74787-2078-41ea-a9e6-91091ee9bc0e, 3919 
213401 f0389005-0ba2-4e92-b57a-011c977f2d3f, 3919 
403114 23b1a5db-a531-4b06-a912-66a55e7f4179, 8505 
309873 29b80dc7-8c6b-4799-ae73-0ed25b01471f, 3919 
917 8f6903a5-f057-458a-87fe-de336de6e36d, 8505 
42931 c0e46332-c10e-4e27-8dd3-95311378d1eb, 3919 
195400 9800b69b-54ad-4906-99a3-bf8d9d810dc9, 3919 
336884 55b88cca-d06b-4bd1-9e9b-a80c9b605504, 3919 
147328 0cf49d5b-e162-4fef-9324-499ff7a24cc7, 8505 
1291 a34bd2e4-b820-495e-a5ee-e03c8e429e7a, 8505 
206829 5ddb18f9-05e0-4259-99fd-09192b112d81, 8505 
228945 c598e1bc-dcc1-457f-9acc-160345d74105, 8505 
214053 edbd5c5f-6f75-4832-b3a5-e56a21640faf, 3919 
13788 20779dd5-f948-45be-b54f-a3a68b05d6f0, 3919 
26543 6b440a7b-7531-474a-b5f5-9a603a3a1bf0, 3919 
56469 44cde879-ae75-4ec1-a214-0867a2a8977a, 3919 
330266 8d400618-7339-4963-8a45-b8a83b32784e, 3919 
285098 8361b62b-20f4-4db6-babc-7badf24f199a, 8505 
387507 4b84608e-41c5-4c09-a579-8613eb804e69, 8505 
183242 b023a8f9-1b12-458b-8fb0-253b66e9e962, 3919 
21707 b44de9dc-d9b9-4d8b-9c26-12669ca96b1a, 3919 
191667 28c1501e-136f-40aa-8062-f14eeb4c4c76, 3919 
88659 6ac7a3cf-937e-4d97-bef6-63493bb55e11, 8505 
259892 5c9ed4bf-8092-493d-b074-3c28c89b505f, 8505 
192425 cb78f69d-793a-4751-ae4e-a7257ecd546e, 8505 
32866 9ee9d2a6-f9c1-43c2-a0ff-3e7aab084877, 8505 
87952 3c1e3a61-ba5c-4c4f-a533-dd1e14aac65f, 8505 
49828 c7cba8a6-6fe7-4ba3-98dd-e0d6c1753fed, 3919 
200755 73bcf0cd-7314-444c-9c40-77ccfc88dfcb, 3919 
186378 75368ce3-5f60-4f2a-8d2a-41fac4a9249f, 8505 
9205 7a0e8c03-e02b-443e-95f2-a3f3ce35800d, 3919 
321799 43eaa867-70c9-4702-af67-a0bbf83b068f, 3919 
125692 586d70d4-95ac-4192-b8d8-2ff52bf044ac, 8505 
227202 b604237b-ef14-40d8-b4d0-13a2863e59ce, 8505 
152576 a97b615a-bfe3-4e26-9235-a00a9f2f285d, 8505 
134774 6c1e5246-5c90-4d2f-8ecb-d7ca544b356e, 8505 
245470 a05569c8-89f7-422d-80b4-b6920697c175, 3919 
284332 88d77c31-1470-4a9d-9c2a-6ae79a226af6, 3919 
115104 fcb61087-24c1-4476-a484-45db846f3fbc, 8505 
119388 ff35d52b-7b6b-4e27-a933-747e26086d9b, 3919 
81259 e3bd4a99-5a60-4ada-b91b-da14271fb644, 3919 
26746 dbc128a7-b294-4d76-8200-015466468bbb, 3919 
366736 67b0ab1b-f923-4f0d-9154-4d3309a12fea, 3919 
106130 61a9b93d-14ac-4e79-b362-73992259e4bb, 3919 
139794 64760acd-1797-4a00-8c31-c17a11a13964, 8505 
289924 57121585-cdee-4a5b-8c53-a7811f5e24a1, 3919 
20405 bc513d7c-a2c5-4490-9891-2c41e95e3c9b, 8505 
232686 d9b4ca55-ae8d-428f-b7e3-aa0a7d2108d6, 8505 
182201 8e40c539-53e6-4ed1-99f4-a306f058508a, 3919 
395567 8502c97e-8e3e-4faa-8155-a4ce7acfc741, 8505 
44622 1d426b55-0566-4a84-9284-ed2ebf37eb44, 8505 
232792 2954fa07-cf68-4a54-a388-3aa6bac83e73, 8505 
181693 64befc6d-6f88-43ee-8c3f-5c1d676b65e8, 3919 
112971 eea21141-e9fe-4c48-9215-f1c345ea4224, 3919 
123202 c10cc9aa-1edf-4518-ba10-6cfb2a08feac, 8505 
68635 5e0b7de9-2f4f-49c6-8319-25f0ec12683a, 8505 
335211 7565fc08-871f-4f4d-bc18-d10023f489a1, 8505 
101624 7d9d93bf-e7c5-4f75-b7ac-200e90f34552, 3919 
313473 1a34d0a7-abaf-4754-a3d0-ceace99b5aaa, 8505 
277915 72378366-ee6e-4596-b3ca-c8dcdd679314, 8505 
139419 c3bf530b-49e8-4224-9c82-2686aa2997dd, 3919 
41456 bd75b0ce-78c1-4f72-947a-49fb51a6aa09, 8505 
328958 7227b194-99a6-4b6f-aa10-bf2cc6bf6077, 3919 
376416 200e166b-9ac5-4a8a-9fec-15c047198a34, 8505 
8846 d5c44fec-f085-4c8b-aac9-e0bb71d15281, 3919 
133977 f4fce85e-ae3a-4c4d-9823-d01f4daa9a6e, 3919 
102602 df086ea1-4636-4666-9c92-6f07bf0f02c9, 3919 
328944 d98df121-54c6-4971-abcb-dc24d8e49fd3, 8505 
155990 bcdbbccb-e2e4-446e-b234-0536e4303fab, 3919 
192108 db3799b6-8ba5-4427-a140-c1774d0d3865, 8505 
20810 333c3e11-2544-4562-9aea-9f8933e3e6c5, 3919 
336714 a48f8cb2-41fa-4e73-aa94-73065007b768, 8505 
158208 3de836cc-b8a9-44a8-acfe-cb6e9936eea1, 3919 
365037 8df2f3de-3d57-466f-9d21-cb7a63863891, 8505 
244301 8d9447fe-b5af-4c13-8504-323072333fc2, 8505 
105956 1e53253d-c7ae-4e38-a27d-9ed94ea8e069, 3919 
301712 718e90c5-8ecb-4a23-bf67-62bc345d3e7f, 3919 
189829 627e9fe4-2f6c-4ac9-a4d8-1b165ef69989, 3919 
56847 d4ef25ab-3e86-4e9f-b310-8298168fde1b, 3919 
396046 ce346b80-c109-4fea-8f35-c29e6cb6b12e, 8505 
305246 c381648e-3132-45dc-a53c-d49f7fc90f3f, 8505 
92508 e74ed69a-f926-4235-aa0b-504686455a40, 3919 
149091 143f8361-d6de-46b8-b1c5-71cb312beeb5, 8505 
80813 7e76320d-64c1-46c4-9f47-cc0523b91f33, 3919 
171583 a0c67c93-4de1-4106-a321-cd39d9f58f65, 3919 
174129 7085ab48-6f91-47bb-9c0e-2ed068dcc824, 8505 
298900 49be7691-85a1-4095-9f78-a5027f46fc7d, 8505 
136970 42fb9ba8-0998-484c-ac4f-715cea78247d, 3919 
220714 9d156f99-aff2-4f4a-9880-500c454f7675, 3919 
211000 e5e78f1b-8544-46c8-9d06-54040121cf6d, 3919 
45357 884bcca6-3896-4e28-a7e4-8382ad478fb3, 3919 
15945 7729803b-d9f1-40cc-9cc0-31de84c75f7c, 8505 
53860 a336c508-45df-4040-bb27-d6368bbc0101, 3919 
381085 79a3844b-e7f9-4d67-8053-7db47813e555, 8505 
196875 3a47e050-eff1-46d6-b4c7-9e775fd6a6dd, 8505 
164908 8fedbcc2-73c9-4058-ad54-6fecd5e464e0, 3919 
29262 d82b9f73-ca65-4aa0-afc9-0788b0c8a5a6, 8505 
40065 ff4a5edd-b0cc-467a-88f1-7216551f8791, 8505 
301711 b265498f-a99f-46fd-aedb-0b4653a4df1b, 3919 
121753 420f8d99-9da7-43dd-9549-8e6242ada2b2, 3919 
134093 9bca7dfb-84fb-4dfe-8eed-8112b5ccd6fa, 8505 
9775 36e035da-d0e7-4101-9598-db70f45f3ae0, 8505 
34038 beb1390e-30d6-4a97-bcfe-25ef3cbd95e5, 3919 
195420 6a909110-19fe-43d3-97fd-b8ae01b0ef47, 3919 
153790 9ee13507-a7dc-4e17-8b6e-80a051870d87, 3919 
312265 03a77359-5ee1-44e1-bd4a-62e84e616951, 3919 
225693 16e53496-9aaf-476b-8685-aea25179861b, 8505 
348666 c2eb1bb7-5be6-4126-8bcf-374ffa1f1b9a, 3919 
307332 aed441c7-f29b-48e3-a3e6-75f149b70800, 3919 
117231 4c402b19-9934-4972-8da2-bd19c4f4d0b3, 3919 
330150 42f33af3-931e-4ad2-8c87-b663e639c554, 8505 
6971 e948a21a-8fab-436c-870a-e8c6045441a6, 3919 
79409 56ad205c-0da9-4500-8ba4-f32958c2eed5, 3919 
323649 ff7801ec-35df-4cec-80d4-b3b3f397c082, 8505 
216083 96765eae-b0be-4ed1-8917-c04ead9b2de2, 8505 
273000 878699f5-eba7-49b2-8338-6a15d1885cad, 3919 
196963 a154f33a-b0dd-4572-834d-f5b88a06c46f, 3919 
110531 080d12aa-f927-4c0b-8780-ece15787f138, 3919 
135606 8015f6ca-3f43-4ff6-b077-38605308f7bb, 8505 
350538 e532ad2a-dc42-4ffe-9685-1ade18e8b997, 3919 
390860 6ea2f10a-470f-46a0-ad9e-f8b9a683d38e, 3919 
145880 69ddfcc5-9bb8-49fd-b84c-ef7f9aa7ab91, 8505 
169214 cc6c4933-2b5f-459c-a750-971eb1e11c27, 3919 
260133 66bb037f-bcfb-4214-9010-8da83665bb9b, 3919 
109078 31ca54cf-ad2c-465b-a1cc-869e1b41a72a, 3919 
259182 b314a0b1-1ca9-4c3d-bfef-c7a9276f97d7, 8505 
371866 cf32e698-f3bd-45a3-acc1-60798bdbef51, 3919 
278681 285b597a-cae9-4e1c-8be7-f0dfcfca712e, 3919 
114356 7303a844-5140-4de2-9d54-5736e956e4fb, 3919 
194010 387893c6-db02-4467-ab2d-2b48bf14c9dd, 3919 
84353 6f9d9d3c-dcd9-4027-aaa9-8b2cfc8538bc, 8505 
305280 081d8769-bf84-487f-839d-480445d918df, 3919 
321257 6c2ba253-61e5-462e-832b-90678414fc4d, 3919 
353126 d7403abd-21b9-4288-ab9b-104df2570fc2, 3919 
396861 ab3e0cec-2bff-42b3-b184-4cc11f9a2b1b, 8505 
149347 8e1a8f55-ecf5-4cff-bc82-afc17d9e41fc, 3919 
319258 e9e793cf-72b7-4b67-933b-c6af1289bd59, 8505 
140788 983f5958-f46c-4b06-b80c-215aeea1f63d, 8505 
388705 eb3f0c88-c9af-4d2f-99f1-7524df35f4f0, 8505 
237423 44772a7a-b6d2-4cb6-ad4a-979bcd2712d0, 8505 
101637 a81e2f88-9af2-4a30-82a2-0077a1007377, 3919 
354974 ae50e89f-a2f2-4ec0-9270-cbde0be7912b, 3919 
401295 ef0014bf-853b-441e-ab1a-0c22154afb19, 3919 
242852 af43be4e-0705-46e0-9a39-46fc1c9f5219, 8505 
289419 602e090e-93e9-4620-b519-0f1245a0e102, 3919 
109619 6c05f12e-f49d-4195-86db-745d575f8bf4, 8505 
110849 829bb0a6-3842-4b10-af9c-f6c031eb5dce, 3919 
174022 c3956acb-80e8-4bec-ad55-8c8e42c6ca7e, 3919 
163754 b92de283-286f-4b0a-a723-719145bd6e0d, 8505 
52505 f5a442a0-5f8d-4524-be40-7dc516a047dc, 3919 
325498 c4dcb39f-3c8b-40c2-96c1-cdf6de2acec7, 3919 
398850 61b9b13f-8610-4ef3-9067-d270a1c36799, 3919 
104116 7fd64212-5bc3-4370-b61f-e33e3ec8a67b, 8505 
338081 d989bf05-4f7e-498a-a995-669e04d20638, 8505 
265126 72774eb7-59b7-42cb-9f9d-bd0b175f9723, 3919 
200240 25c422b8-1e7a-4152-81ae-d1378a093613, 3919 
372664 39b02598-6e76-417d-afef-ec6b16dba352, 3919 
67670 d9cc628c-683f-4f3b-9fe5-89e85f750cff, 3919 
257148 f28a7d67-3ced-4a08-a179-cefb2159803f, 3919 
283694 4c26714f-dc11-4339-a68d-fa82f01248a2, 3919 
399687 e9e07195-dc83-4734-a8bf-cc5b294d264f, 3919 
61311 5cb37da2-77d6-46bf-99e7-3ff713b6c99c, 8505 
154797 9df065c0-0532-424e-81a3-818a7d7f4dec, 8505 
280645 e241403e-98b0-40b8-bde7-00f986d509d7, 3919 
170049 d56a5ba0-b699-475b-82fb-fd4628dbdb00, 3919 
370156 634f52a5-ed20-4085-af19-f363c1b42e4b, 3919 
361027 66361b37-0eb5-43ae-bf38-a421c9eca5cc, 8505 
153974 442dcde4-d486-4cbb-b8f2-9f98295eb955, 8505 
267034 a3215b72-db30-42a3-8b14-2660f5be0fa4, 3919 
348032 43a4e681-82ee-4ab5-b24c-3cae266918e1, 3919 
260255 8db33a4b-ef0f-4969-a117-c325bbf3c9a2, 8505 
37071 86bc2787-bd24-49cc-bb2f-13d0e56ea1f0, 3919 
353681 17ca4fd0-29e9-46da-a51a-c255d72d6d9d, 3919 
127928 46a2b480-c316-4f4f-b72c-c53b68419322, 3919 
18275 f213af8f-2fed-4798-9f1a-b07b09ac4ccc, 3919 
144118 cf1f2cb3-fee4-4830-b577-9fa529326e7b, 8505 
26194 5e24c7f2-5180-45f4-8414-b9426b6e63e2, 3919 
178500 d476e971-eb25-410c-af8a-d942d6f4958e, 3919 
82944 f1fa2d1e-cfee-41e9-8013-343f2e93b246, 3919 
292340 60fb3b4a-7488-42d3-bf5b-74a61149db44, 8505 
309615 38552fef-2f76-4a94-9145-39a3e0eba47b, 3919 
394097 e3e3bfee-371d-44b7-b7e5-5831f53d260b, 3919 
169084 dcb01f15-eee2-4362-a917-ad60078a8aca, 8505 
58055 7b46898e-66c7-4601-85b5-9292f539ecb1, 8505 
192796 dd8166c9-d6aa-4a62-a655-349b145b2c8d, 3919 
49889 f89f625f-3391-40bd-97df-3a780801cad3, 3919 
235303 f57cbd11-7e94-4300-94f8-6870a360612d, 3919 
364012 b0c6fe67-4afe-4c78-9dfe-23ab70380cc2, 8505 
377527 75d8a9b5-0bfd-4939-88b8-7a79e45a7f2e, 3919 
237180 18ef5921-c6f5-48e9-8ff8-05bd8bc96330, 3919 
30802 45332d9d-1c6c-4012-9245-0256671ab4c8, 3919 
14196 825a701a-de58-473f-9c5c-a1d61fb9067d, 8505 
12210 baa52577-21cd-4a10-8bba-0c9956d8dbbe, 3919 
185968 7358a85f-18db-4515-9317-35122e29715f, 8505 
24934 b450a479-d447-4bfd-873c-7112ba242611, 3919 
154369 4513c850-828b-4d21-8a85-5872d2536388, 8505 
268023 5be0ca99-de38-4e5b-87d5-e6662882504c, 3919 
25862 db762544-5688-44e2-82f8-8484dd35312e, 3919 
151034 03ee2a48-1a1a-44e9-9e53-b23b25f70a21, 8505 
400770 10b4adb8-9f8e-49b0-b799-00767a511e12, 8505 
396128 a6f8f93b-cc3f-4c8c-9569-f223bf06708b, 8505 
274169 69204b62-9c78-49cd-9a0f-7fc746bd069e, 3919 
720 532f6d1b-edbe-4aaa-83f5-9a074433e7bd, 3919 
386417 e81dfdb6-02a2-4166-86af-9cb800d5578d, 3919 
46570 7110c240-2874-42bb-b085-7d1965691a79, 3919 
17647 132804eb-3ce1-4190-8d11-588e93a9753d, 3919 
163188 27f5e50c-f9de-40bc-8355-cb4a0e05292d, 3919 
333100 7077a268-2a8b-4b23-ae53-cf5e6a299ef4, 3919 
235453 2a305cc6-b47a-41c6-90fc-cd9c408912b6, 3919 
257152 c89c3215-975c-4123-a204-904b48377962, 8505 
79069 9496c55c-1a8b-47c0-8b52-c33e35e3a15b, 8505 
115107 edf86472-cf56-423b-ac25-561799da29a7, 3919 
129806 dd147fd0-afec-4b70-af4a-d30130ed4764, 8505 
275191 742a20b2-c9c3-4802-adb4-32504fba5977, 3919 
145765 f98ef1a5-8283-4dc8-9dc2-cbeb2a78f531, 8505 
108127 cb2061e7-02e2-4127-afc5-e74f899115d1, 8505 
61755 f3260cf5-c757-4e8d-b50e-edf09fc2a3d3, 8505 
307597 ebe2e99e-fff4-4036-a0ae-5b332c7c30a9, 8505 
275018 1f2365d3-7a64-47df-9c72-807b4d3e309e, 3919 
160478 741f7dda-5732-402c-a5c1-4cb4f45efd7a, 3919 
267377 2dd4ef45-e63c-46ef-afa3-ffd5d082da37, 3919 
60517 2c9e4383-222f-4f61-a80d-806bd4a55cf3, 3919 
327841 dc1133c0-2eb2-481c-afba-11558c140922, 3919 
296830 4b3c8d57-9fec-4d1c-9b32-a88e4c9f0ea6, 8505 
140257 36f734ab-3a44-4704-8802-8dc74a81f3df, 3919 
274855 d9276fb0-6209-4a20-a480-af42a6288b70, 3919 
263848 b63864ec-2942-413d-b991-53fc9976595a, 3919 
193421 ca04f3e0-97c2-4807-9a2d-62501991b0a4, 3919 
89117 2c81e93f-9974-49b9-a337-02576609b20e, 3919 
348818 4792ab54-15b7-4d09-829a-a83372bfdf8d, 3919 
178278 1e4041b9-5939-4a32-97a3-04c62f8e6338, 8505 
135117 0aaf5bd9-6e8b-4795-a848-5014e533457d, 3919 
315129 6ac1acf4-112a-4b99-a334-b5cdd837a8e2, 3919 
228491 deda3468-17b9-4ff2-a26d-8d5375f8a1a4, 3919 
96513 9a533034-9a25-43fa-8859-5ccb2e428c10, 3919 
156603 5871a1e4-f3da-4378-b738-38be9127a665, 8505 
350164 0e127fa2-bb9e-4f5d-9f47-7236f4ec5470, 3919 
281361 29b721d9-5d24-4b43-8008-fa73193e9e06, 8505 
119591 01843349-634a-45dc-87a4-f6b4a54e3ee3, 3919 
136921 b3eb15b3-6140-4afd-b8d6-28d2b00b02d3, 8505 
208777 ea24d9c0-e271-479a-a2f7-4df65ec7891c, 8505 
380214 e0d11200-fbaa-4db1-9e93-74f46dc1e442, 3919 
387776 604c5f7b-1bec-4c53-9c9e-d1e2d5065616, 3919 
142894 62345b0f-3787-4007-bb57-d99787f29914, 3919 
17767 9b38a34d-3f49-4d9b-86c1-92ef12736134, 3919 
102590 5e301f34-c819-4724-8d5d-1d43c9da2e82, 3919 
138682 c3e23aea-2388-407e-b032-591f6a1c562b, 3919 
236078 63f2fdbd-f07e-4dd0-acee-5c9621c9de56, 3919 
141194 53433963-f7be-4710-9560-5a65ff97effb, 8505 
396967 aeecd412-ffb6-4e11-915a-2e573abdb9b4, 3919 
280382 d87d319a-844d-40d5-b993-43a40da0f6b2, 8505 
8993 bf4aa5e5-944b-4ee4-9d29-c05107db1597, 3919 
168203 9a1b512e-7dbd-4370-b8a7-c3a57aa940a6, 3919 
62070 0b96ea96-da9b-4bb9-855e-36083c4fb815, 3919 
174311 f3f0838c-a9c7-4971-9e5c-eeef7a58eb63, 3919 
68715 dbff49e6-b434-49c4-802c-236ab6cd823a, 3919 
117574 7a5fae69-9605-4e82-afb7-f703b153ac43, 3919 
223761 3195f247-dc7f-4cb6-8a5a-3a5f567e9185, 3919 
135966 746142e5-78fc-43eb-8c0e-a2e46c8014f2, 3919 
297354 f485902e-33d8-46ad-a652-79c82f872f9d, 3919 
118727 f631632c-4ab6-4e8c-a444-ce2745fdeb93, 3919 
6403 9c0cdda8-254d-440f-ad6c-dc63c69928c0, 3919 
323677 46d8ccdf-7536-4602-9951-74865d7d32b5, 3919 
85164 81bb5dc3-7c7d-4ea5-9ccd-e063556a60ef, 8505 
402770 4aca8491-c6e1-43f5-b1cb-7f6cc6994c00, 8505 
402328 704eda44-7caf-4536-97f8-68b9d5b0997b, 3919 
378961 ae763380-b903-4006-afa1-016b6de96151, 8505 
211017 93b08ca3-9345-4734-b863-58b5c581bffb, 8505 
36560 ee6c979b-8244-40de-b30a-1284a2fc350b, 3919 
58708 5509317e-8ec2-4c7c-91b2-a834e9830502, 8505 
102375 36c3028b-a913-4d4f-98c4-f124466f9ab9, 3919 
300723 a844901f-ed3f-4842-92b6-145203641986, 3919 
315590 79ce4d77-4c42-418d-9601-68178f3386f4, 8505 
196208 07d77542-c3e7-4bdd-bf4f-9fc058b83f3a, 3919 
225149 2548c343-7b39-455c-b6db-aa941f5db2d0, 3919 
13031 f2831720-5a59-427e-a4c9-157a4875d45e, 3919 
198154 f0c20822-6c2d-40d4-9d0d-9b152af94193, 8505 
267615 d4e6c6b3-c3b5-404b-8387-430b5d9bd2f6, 8505 
214692 4713f43c-0e28-405f-b0c2-3d57dfd87c5e, 3919 
70885 b7d53e34-da14-4b73-8490-92de322bb5b7, 3919 
327086 8fd3fdd7-add7-43e2-8b72-f16642d39e0f, 3919 
282161 76363f8b-0b04-4938-9dd5-2f4d47e9c7a9, 3919 
363627 3bce8abd-94ed-46cd-9a8f-9420cf71dd08, 3919 
371988 93b4c65d-0270-49a0-8398-4c6e91da654b, 3919 
378400 320e71c7-ec1e-40c6-bd1e-a058dafb055f, 3919 
353278 97fa834c-b1d6-47aa-9bb5-7d65cbac0b5b, 3919 
372863 0e9bd831-6159-4238-b962-11ddb2560970, 3919 
179925 cba51907-a12f-4ef8-8310-6cd021159531, 8505 
204890 14618eed-41e5-4c92-b5d0-d0201d250c09, 3919 
40882 6a25c21c-f36c-4440-99c3-f287c5493c1a, 8505 
376442 a32194ba-b59d-49f3-b29f-a0096386d74b, 8505 
256346 83902e33-dba7-4aa8-b402-d82a790f2881, 8505 
94899 9db53d93-5218-4bcf-a4ff-8300ef322ff9, 3919 
35612 a1b95ca0-a918-476a-9971-fcb68a53bcde, 3919 
16435 ad8555ba-2e00-4fed-a5f4-aeb22b445208, 3919 
302946 43bf3456-7276-4730-9ecf-0d68ad09c90a, 3919 
217078 d0ad1971-1f92-4cf5-9b98-cdc8ee21c2f9, 8505 
379601 9f5bd9de-8934-47bb-97c6-19c853659048, 3919 
263898 71bbc966-61da-45f2-a47b-9b35379672f9, 3919 
381656 074334cc-9bc2-4dbc-a61d-1c1de5ab69d7, 3919 
154126 75e97600-f5a4-4745-9851-65247f05f1e3, 8505 
217983 64031189-0b15-4cb5-9b59-aa90bbd28111, 3919 
83681 addb2f39-7e66-4cc7-aec0-f4accfc7f25c, 8505 
97801 8da9b698-1085-4ef1-b025-f9d96be8513b, 3919 
35979 e79dcfab-3225-4cae-aaca-3cf4841afb9c, 3919 
29735 ddf246c1-effd-476a-8eb1-117bded2ed56, 3919 
103069 08cc983a-444b-46db-92bd-cb1e3d002501, 8505 
241914 4acfbcba-76aa-46a0-86e5-4038e9e9fe52, 3919 
245086 671ea774-4376-417d-9b2e-9bc31adf9090, 3919 
170193 72fd1776-3a30-4a96-bf1b-0119a4de0c71, 8505 
381453 5aca5c72-a6f4-449e-b239-a57e0cc34aea, 3919 
350382 47bd3a31-482f-422f-bbec-89f732c6dc49, 3919 
400519 2104369b-a512-4ffd-a045-91e7cda52d72, 8505 
83005 0cfe1e46-a59e-4c37-982b-6cb0d43f3c72, 8505 
335566 ce206082-319a-40d3-89ae-4914d9546adf, 8505 
245765 8717752a-dcf3-4843-82f7-b99c47a4c9d7, 8505 
350207 209287a5-5b3b-4499-94eb-a6d02273192e, 8505 
115746 d707f98b-7e45-48f1-9ece-753f5afc75e8, 3919 
238837 fddf7b66-1650-4bc5-b63b-9733408cfd3f, 3919 
302276 e3cfccd9-4821-40c3-97ca-1118b9825e27, 3919 
133934 78d6b05b-61ee-47c8-adf8-b35f6cd86735, 3919 
55859 7148f074-453a-4f37-9345-779859291cfb, 3919 
24665 4e0691a2-1c69-4727-820b-5d6d77cbe0cc, 8505 
357837 dc7410c6-73be-4b57-a516-f02b7b739306, 3919 
61119 977564b3-6139-490c-98c6-543b04a1bfbb, 3919 
384979 4f1eca83-51ae-44ca-842a-2c36ada6cc13, 3919 
128759 471bbd61-1a91-4970-8f91-deb563791391, 3919 
354615 59f65c2a-43b6-487a-904d-6b7fd358089e, 8505 
114099 78a9db00-88fc-4175-9702-1ccfd63d4f30, 3919 
230772 a25594ca-b32a-4119-a261-4d76ef4339d7, 3919 
238130 3a1c19d8-2d4c-4291-848e-234ffab80825, 8505 
105627 f72c32b0-ad31-44d8-a5a3-24ee717c3e1a, 3919 
287057 c0677f83-09c4-4e06-b1fc-6d00d0a8b1fc, 3919 
384616 13f3aefd-fcaa-4c0e-86e8-c97298a582b1, 3919 
307351 595d8211-9ad2-4f92-ba07-a707b32e5c54, 3919 
168038 d71baa41-57a0-4a58-bb77-83c37224972b, 8505 
67198 88437bbf-ab3a-4980-9e52-a306f9164a65, 8505 
55841 56629d6b-b39b-48ef-9184-b380cfe61898, 3919 
6594 45f95cad-200b-4f46-8140-09edd6e7d979, 8505 
116009 950d5c21-f8fe-4ffb-868d-d18377578cfd, 3919 
305367 4eaf9f8e-caa3-4368-a8a1-52c20312a449, 3919 
196505 33d2647b-8353-449c-bf31-fead3772389e, 3919 
268530 e4d65349-42a2-4c67-9623-97e94ba507e2, 3919 
110950 6fe6c44d-423d-43e0-9eb6-42ddd2788435, 3919 
37543 1ebeb4e3-6aab-4f60-8d0d-13593c2b8acd, 3919 
377952 ab871a72-7eb7-48ee-a463-73c7c3b15dd4, 8505 
102944 a1390279-dc02-42c1-a06e-7623459b9f91, 8505 
10190 c69e95c6-4d1a-46dd-8c23-1e69d1e136a1, 8505 
219588 2b56855a-cc5c-4dfa-90c2-faac315a30ae, 3919 
153725 3d5b7998-08c9-4204-a191-0caaa05d4c7e, 3919 
280815 247223d4-aabf-46e6-9368-0f78f14471ff, 3919 
8134 52b4c401-168a-45ee-8d99-15def0ebe459, 8505 
63492 81ecfd5e-b21a-40dc-befd-ffc586f99065, 3919 
249433 57a5c8ed-c3c8-42e8-a8fd-20dfe43b02e6, 3919 
27085 9d072645-c6d3-409d-9aac-85ce8e0f8870, 3919 
160084 0b6057ed-3e2e-48b3-a5a3-09b968a10a36, 8505 
260799 4d2bf26d-eccd-4df9-9b04-205aa38970da, 8505 
189817 c27ee06d-944b-4a24-be25-2519bcb44fa7, 8505 
86257 806f877b-2235-4144-a9d1-ae7c2d3c0516, 3919 
212572 5546a043-c390-433f-a7b3-6ec81566a8b3, 8505 
76679 2906e634-86eb-4d0a-9e44-e0da729db684, 3919 
308480 9e0afca3-8540-4fea-b8eb-926bb52128f1, 3919 
168964 af61487d-d1ac-465f-80f8-1c4b0013b665, 8505 
399557 2e8c02bc-3ffd-4f07-bf3f-e426dc521132, 3919 
366929 5cd6f4f6-a756-40d2-addb-f15c019cd1d8, 8505 
187863 91da183e-89f4-434f-9d89-be44492d147c, 3919 
70126 1ac6d1af-14c1-48e6-ab93-de03eafdb75e, 3919 
168094 6f2db849-8438-49f3-8b5c-ef8c70f8d2bc, 3919 
155812 fa6a3b4e-601a-47bf-9bd9-238f5fc13ae6, 8505 
67115 f0e76b20-a364-4934-bb08-791c6faf3bdc, 8505 
346608 aabc84f6-140d-4444-88e1-dc56650afbbd, 3919 
200024 72c29b5a-520e-4bf3-9af2-c2d5446a6502, 3919 
268581 359dd340-e41e-4ca2-a927-1ef5e016faa5, 8505 
308838 9d71ac56-eccc-48c2-ab18-db97e60d439b, 3919 
227518 dc048245-2561-4e6d-bbc6-1b6b2727e1bd, 8505 
90347 11bbeb85-f43b-4db4-9e3a-10001d68f1d5, 3919 
309892 fb9ade2d-ead3-442b-a8cc-994fdda4ebe5, 3919 
247262 5fe0715f-6ce6-434c-8d01-b63125141459, 3919 
125207 6f33f356-b12c-472f-aca2-0d60de51b4d2, 3919 
256796 07aaea21-b734-4af8-a6d6-13426bcc3ed4, 8505 
71457 92b74114-5801-45c3-bf43-897de6b204aa, 3919 
354521 200e6cf8-17e8-4163-986d-c96fec4ea4d5, 8505 
10189 f5bf96cc-4092-4406-ab6c-7b368d15d64d, 8505 
279939 db0e010b-8b6e-4f90-a3d1-df370c347278, 3919 
327441 bd2b72e1-2110-48fb-a85e-8b0d5fa7877a, 3919 
135352 caf2ddef-6542-498f-9ebe-04775d06fc21, 3919 
126088 566a48ed-1237-4264-8bf1-e4788cc4b32b, 8505 
19865 e231405b-be00-4e5c-9729-550d0317d63b, 3919 
271860 4e15cf2b-1381-4dc9-800d-9b396c31a36f, 3919 
173449 24084882-5e7a-4003-a687-4846adf3c290, 3919 
28930 a2de431e-4cc9-4bf9-8a18-087b27895504, 3919 
369751 930050d6-725f-4a9a-9f9e-3b100bdd8f43, 3919 
254226 ae5e59d9-cb04-4093-b88e-9e328c819b4c, 3919 
25321 151749f1-926b-4ece-a56e-c760b519af44, 3919 
164385 f4613080-20fd-4fde-92d3-6ed745189bc3, 8505 
80035 9d730a2b-1851-425c-acf6-531adb0fd7eb, 3919 
20559 22df0d9b-5c58-427e-9eec-88d6e44dbec3, 8505 
326235 0454bd46-ceb4-414d-9abd-ab0ac2c986e5, 8505 
201478 d109c0e1-1e18-4cd8-a144-7c6511972342, 3919 
8026 b1fbc532-aa3b-40d5-b817-2616e604e765, 8505 
232324 79577ca3-361e-4e12-a75e-4c3cdb6f6937, 8505 
35177 a06f3fc1-401a-48a0-ad14-6ea5599140d4, 8505 
273077 2981ff80-83ee-48cf-ac2a-3e9d26f8a2c5, 3919 
175642 065fc1a2-cd12-4282-a018-50955a027e42, 3919 
95312 5851123a-90a6-4e77-9288-ce26fc2db185, 8505 
186662 61733b50-225f-40ad-9b74-89c57b7dafe0, 3919 
55664 d79f2a65-f705-47aa-b701-762665d9f448, 8505 
207590 dbc1e19b-8788-4968-956d-c2d2dd5cf707, 8505 
23311 f38f28e3-ec31-4639-a10f-839480609e05, 3919 
28299 58598619-6132-4df6-9b7c-89c0d7180bd8, 3919 
155497 281628c1-a001-4c53-8901-db2c8c8fe81d, 3919 
164386 e802cf62-1591-412d-8241-a25ec66ee4af, 3919 
348727 ce4ef060-48a8-45dc-8931-ce2d4537987f, 3919 
107173 070ac21c-96d0-43d0-9134-f179b07f2d05, 3919 
245975 7fcf83fa-9930-442d-b264-5ac4f18015a5, 3919 
387517 7f3cbdc1-0f66-41ab-b61c-1c1070b09b37, 3919 
188158 c3c7d96b-0f5c-4fb1-96e9-9b9191703db8, 8505 
171265 7ebc5d69-6387-4362-ac58-48f6383b4e94, 3919 
252700 27edfae3-840a-4e34-8004-d2a2d24fcf98, 3919 
209834 f68d671b-6066-45e7-89c1-a49fe0d16c3d, 3919 
223926 60e0ead8-5db8-4c3f-a0a4-cc6339604ba8, 3919 
309278 9e15a12f-3844-4479-aa0c-49d13ba9576d, 3919 
193570 7375be3b-7753-42a4-bc44-62c8ce15ee92, 3919 
248352 7d49442e-1d36-4e0a-a3e8-ec71b6f841d7, 3919 
393970 2ae68196-0c0f-4b38-ba85-b694673415d3, 3919 
76507 74d99ddc-4041-4bc5-a492-a6f5a1c90a8a, 3919 
104337 612a3d62-7b42-4dff-99d2-03c45f9f6212, 3919 
10896 9de74f92-317d-4f90-a5c1-f04d747c9436, 3919 
81668 79d2d859-2763-434f-b31b-0fc089945f83, 3919 
308327 04a35abb-190e-467b-9611-495f6af05784, 8505 
373666 1c3c15f0-93ae-4993-be9f-71586d868592, 3919 
394234 b6efed7a-cc15-48bc-943a-5be3435209e5, 3919 
389864 91e077f3-0f2d-45f3-a8bb-55142070b199, 3919 
55322 533d9ed9-4147-40c7-afa0-4b412532eb37, 8505 
97323 a34d4c48-b455-4f52-9f92-d3cb65ef009f, 3919 
160873 f4a79781-555f-4c51-9399-26cd6cf8f20d, 3919 
305824 8974ca1d-a292-468c-985e-71d3c31a8405, 8505 
374321 9de86467-89ea-44a5-9110-fa851d0beba6, 3919 
227447 54e1a65c-710e-4247-b76b-08a35f70b3b1, 8505 
283934 4ba0f9e5-fd88-4d36-9cfc-5192998bfc88, 8505 
238040 358441b7-2f94-4533-8adc-917ad5ea0df7, 3919 
385916 7f0877ba-c000-41f6-a9b5-979d1e714057, 3919 
372381 b9a0f7b7-8f66-4b0c-9a3b-3db667a4d0c4, 3919 
283458 aa2e98f0-df30-48ed-8ae7-92babd456fb9, 3919 
129314 2a799635-2918-4406-ae23-807d18526a24, 8505 
284157 4b6fa073-dc9c-43f3-a823-21dc9c7ee8b2, 3919 
114029 547c3d6f-a222-4192-a642-35e999fc4ce0, 8505 
180094 36bc323b-1fd9-46d6-a226-14add0bd788b, 8505 
203273 05e00330-d4cc-46c8-9b73-fa9a5133ef3b, 3919 
125061 ab02a3c0-9f19-49ae-bd22-96b7a7181ba5, 3919 
215011 4f97f5f9-0cd8-4f36-b3b5-bf233209f77b, 8505 
126430 26a34b8b-e129-4f6d-bfe1-a1954fa275b5, 8505 
13063 2be793f4-1834-4cff-9b8b-a38fd54aa467, 3919 
266210 049ef9c6-8098-4738-b44f-70f09d1cffd6, 3919 
146023 9cda210b-7384-4ae6-8fec-115cf22e2538, 3919 
48448 14f16bfb-8f91-47db-af5b-18b2c9550fb4, 3919 
142572 3d933c5f-6d20-46f5-ad39-90d0674471d0, 8505 
204570 eb6273c6-92b6-415d-af47-2f76cd3fe437, 8505 
21367 cc0b8403-d56c-4a0e-aab7-0f5f01d054b3, 3919 
388970 fd1e8cba-e4e4-4978-8d29-8a44d1380752, 3919 
332142 8bf2bcc3-e181-4e4e-8dd8-9eaed31e6dfa, 8505 
291343 030133b2-b4d9-4c80-9cb9-9a18c01fd304, 3919 
90470 d0450e99-9e5b-479e-a6d3-e7b06f8a317c, 3919 
68336 6d5203f9-7747-4e8b-864f-ae9eb8478ccc, 3919 
241089 f848365e-2d3b-4e15-b0c3-b9562527c5f4, 8505 
160486 39c693a7-97f7-47d5-a8e3-03bda018aed8, 3919 
140400 34bc0078-96f6-44ba-a8ce-bef6722bba9e, 3919 
307714 e1e02318-fe37-4f9c-bdd5-2bd5f6dcebc7, 3919 
156678 8ce063a5-e5bb-43cb-bd13-14e6f702d432, 3919 
345479 a349f15b-7263-4ac3-a967-037f7e3895db, 3919 
251930 b157513f-b4cc-47fc-9bb8-b2fd06ae6c22, 8505 
310563 417b3fc8-c52b-4eba-bd81-60ccd1f07a7f, 3919 
287935 e1d32163-e6af-40a1-a937-66e8308cf382, 3919 
125820 2f0a5e6f-31d2-4511-8725-8af7f917644c, 8505 
357005 bc629475-d799-458e-88e1-7fd5aea70db7, 3919 
286713 b8462d1e-d2e4-44f4-adcd-db7fe4811bef, 3919 
37687 955bc655-df43-4d37-aec3-309c936c13a7, 3919 
259964 830e0459-0815-4cd8-8157-59ecf8863e93, 8505 
52959 46aace5c-3de3-40a9-b56d-740a61ed71ab, 3919 
355764 4073b081-d8bb-4a0d-9f17-2726558b77b8, 8505 
378384 3a153688-79a4-4bef-9591-d2a233c50f7e, 3919 
283741 6245c564-8b90-4d37-99c0-3d04eb9f0a71, 8505 
195163 d21d238d-288a-4b2d-bf20-bfeb5f6e7e20, 3919 
260483 277724f5-d6a1-4ec1-bed8-c71356992f62, 8505 
90270 07c6bfc1-f8bb-458f-bbc5-53a80993704b, 3919 
356989 8123c284-d522-41e3-b0e7-52db83568805, 3919 
2986 7d5f63f6-fd78-4115-a524-fd68a0f931d3, 3919 
240271 4696a684-70f8-4a1f-81d2-8f352518e9a0, 8505 
216124 e8922391-7c3e-4460-b467-be6ef63997f0, 3919 
10560 bd922508-6e9e-40a8-a3ef-d4f6df8fe74f, 3919 
167239 6cb3ab0c-012c-48f8-81ce-41f11245d4cf, 3919 
383301 d96c03a5-be53-48c4-9d83-5448897f5dbf, 3919 
350095 19b15f95-dee2-48bd-9474-ba871fba6e53, 3919 
41806 54334211-0ee3-4692-9d98-72cd27502443, 3919 
332547 71face5a-3da9-4091-93dd-92b6baa831a1, 8505 
149434 b989451f-df35-4a34-82d3-9b369d91d9d3, 8505 
269465 17852538-585d-45d1-b554-55b1846094af, 3919 
5019 435f5c19-98a8-4597-b1bf-1701f6ac095d, 3919 
391482 7951ff73-47e1-4e37-a7f9-596aba10482a, 3919 
389747 39407d65-6365-46e7-9f48-9a92c7ac6a44, 3919 
340544 e0f3adc6-72fa-4e6d-b4dd-75b2d420b53b, 3919 
124269 90911f7e-1783-41ca-8f20-497ebb8b531e, 3919 
336912 e63d52c3-e429-48e7-b8b1-12066ac79230, 3919 
61488 b784bcbe-bcaf-47be-854b-23ec3190889a, 8505 
98534 062e34e4-b1b2-4847-85ef-8ffa90e5e19d, 8505 
319342 7bf1aed6-e147-4e1c-9a73-6a4d1148f9c0, 8505 
21635 696aa032-d619-4e50-8abc-ead9f2a229ce, 8505 
6639 4562df50-6d99-4ed1-8230-883bb79f2e8d, 3919 
269456 45cee0b7-f9e8-445b-8106-ac67ec61de36, 8505 
293631 d5802377-f53d-4215-ad76-265937a5c70d, 8505 
195783 d8a24ce4-1070-4d49-aea6-d65a17e704eb, 8505 
335638 eb4de83e-b510-433a-a89d-02727cc5d862, 8505 
153263 90da6e45-76b3-4127-bd47-8aa354828eb7, 8505 
228328 18dde1fb-d727-440e-8a23-415b18a7b003, 3919 
9589 a11962e5-0fb7-4fbb-9205-e6b1c010b468, 8505 
228313 0b2cd2eb-ec27-4d6f-94ff-133d348a3141, 3919 
184605 d6d25569-8e8a-4a2c-a475-761172b3f96a, 3919 
95925 d3f9a28f-4162-4c90-a6da-bc14f64ad3cf, 3919 
118597 3b3a5777-c766-47b3-b0c0-6852e59e9241, 8505 
55913 ed17acf4-8210-493e-b55d-321dddfea406, 8505 
280165 6dc4e0b4-b2af-43ac-bdf4-45371c92015f, 8505 
332390 56fceb94-eff5-450d-9250-bbee4284a176, 3919 
365722 87c7f532-587b-4577-b6e2-4d682b35151d, 8505 
184196 512ab567-e774-4d2a-b2cd-7f986e16add6, 3919 
192661 097784ab-1139-447d-834f-86ecce732cc8, 3919 
158512 985ba6b1-bf02-48e8-938c-46ef79c719ee, 3919 
342371 bed15352-1596-4879-b6ca-d97e9bd3a703, 8505 
227142 d9cbdf8e-5207-41fb-8cd7-e5d578988c59, 3919 
34953 8c38a1e4-e970-4cc9-88fd-6bf94d0fbafb, 8505 
187190 e166a26e-d2ff-4003-b239-f92aebd21502, 3919 
31558 1db4de45-dad6-4477-81ed-ef981acff1df, 8505 
89042 618bc258-2e6e-4611-96f4-503e8d70d50e, 3919 
349088 648ae870-853c-4e02-a729-c7a94e4c8b87, 3919 
194483 3f517e8e-7aab-41b5-b7c8-a0f349050ff8, 3919 
17504 6caf4048-089f-4cfc-afca-6c1dc31b75fe, 8505 
1731 28504fbd-da12-48dd-80d5-6ddd3b5466bf, 3919 
293946 7ca3bf11-8bd8-4435-93f5-fe1c95c63e06, 3919 
101745 d5e8b87e-f619-4563-9789-7da286cb4e79, 3919 
88209 ff655b9d-28cb-457a-9f5d-9a26df5eeafc, 3919 
270016 13b1d5d9-f6cc-409a-a069-a1a05115942c, 3919 
100327 11e2124a-24b1-4c30-bde4-454ea4947b1d, 3919 
53813 425d874e-3eed-41d9-8247-37149f56fa80, 3919 
215956 0460809f-3a2b-4bf6-8483-2cd1918a0efa, 8505 
325660 fede32aa-b115-436f-8166-d1b63842f415, 8505 
143553 edb53a56-e6ab-4ec5-87d3-8bdea86d2b05, 8505 
193899 241112a6-6649-4ded-bc34-339e69607be7, 8505 
188366 b66982c6-ba63-4f12-bc82-992bcf7fff97, 3919 
346093 bb0e9e21-6e5c-4891-8a9f-1c6494782d4a, 3919 
364500 5869ec04-47d2-4bd9-9467-4c79e73d3423, 3919 
321798 f714f13d-a66b-4768-b55d-dcd45aebe85d, 3919 
346619 09b88c20-7d74-41c3-b1ce-b9fd9c147e40, 3919 
100270 5b3612ca-1919-4366-98c5-d8128d6e6eb0, 3919 
383899 907e023f-99f7-4a92-8df7-e102f74f69e4, 3919 
76281 006329f7-e68e-4c7e-935e-0e6d36971c1d, 3919 
109073 b5776ddc-148e-457b-94d6-3781de2ccf44, 3919 
180777 9154ca3a-b700-4b4f-9903-9c1d9bb4c6d7, 3919 
7795 5dfa2d26-732b-44b1-8696-93fcd5e3da79, 3919 
350229 399aad92-a4a4-44e7-89b3-37ee299dbc1d, 8505 
38981 56b6deaa-2152-4cba-8730-846543108a31, 8505 
133524 c3e0287b-fd61-43e0-a71b-5dc9cb0db5a2, 3919 
75550 81c2cf4e-9233-4c46-bbe6-fed5ef72671e, 3919 
80516 8248f2af-2ca1-4215-96c3-03573b580959, 3919 
128417 221815f5-368c-4dfc-8c40-ee86c89bf13d, 3919 
205458 16847579-f9ff-42fb-bb69-6d804f0d2326, 3919 
303541 b7e5ff93-3dd9-4d5a-9f47-f2a98cfad28d, 3919 
330308 6aecff2a-cbc3-4ea9-a124-ff80d01e112a, 8505 
394705 504cc40e-3dea-4a97-ac48-0f8d331530fb, 3919 
17831 d80e82a4-c7d1-4979-b06a-2a23bae64f96, 3919 
176499 191a01eb-8827-46db-bf38-8975ba968633, 3919 
3991 264ea3ad-681b-463a-8a66-5bd9115b5f74, 8505 
161873 0ca5762a-3b53-4fa5-be48-ffa198a42d86, 3919 
56467 73f2be19-6452-499e-b146-1b494863b714, 3919 
199982 a5cc6b4e-7083-4349-adbc-c02486e8e852, 3919 
68928 ae1e2d29-3fb0-4327-9992-8aed148abf7f, 3919 
341240 486a0deb-26b1-4df1-95a9-0ae7e55841d5, 3919 
36192 6a42d0ea-6039-4fed-914d-6e6285d92601, 3919 
358926 8690361b-0eee-484f-9b24-2d4fb6e1b740, 3919 
143197 8c6e6447-bb21-44e1-abc7-4d9234ef2f95, 3919 
299113 dd1cd0a3-506b-4433-92b2-31ba8f0cd535, 3919 
354687 d7f42570-b0b5-4112-9a33-6da5b75edc28, 8505 
112567 f242d75f-54ec-4204-bd45-59d43a24935c, 3919 
162870 904c2293-c22c-4908-a20b-3b67975061c6, 8505 
272057 da32c209-8318-4c81-876b-3dbdbe6d8770, 3919 
23289 f3c19359-2b94-4e31-b467-4138bf9719d2, 8505 
180279 da8d773e-f66a-425e-8b05-537594bb88e1, 8505 
185001 a1b2099c-d33c-4449-84fe-adc46bc9feed, 8505 
360248 f926c7fd-c62d-450f-bfc0-fd8643dd3760, 3919 
170859 46136a58-3f30-4574-a82e-72e95760549a, 8505 
397054 7157fb1e-4963-4f34-8cda-a27cf55c819f, 8505 
266452 22dd4ac6-6739-44b8-b5e2-b3e3d497b83e, 3919 
350589 ee2fbf79-3607-45b3-bf8e-32422bd3e8cd, 8505 
284750 aec82270-be1a-47eb-8a3f-bfb92e583575, 8505 
362741 7a0a7094-b24b-4052-b7b8-5955cc0eafc0, 3919 
269847 22de8e26-4cf1-41e3-bbf4-f8e3df5d5f49, 3919 
339640 1442854c-ba4b-4d6c-af43-190228fd3226, 8505 
151687 780fad5a-07e7-44c0-9baa-d731e0a9aace, 8505 
235247 9c53f658-7b83-44b6-ae41-0f6266b792f7, 8505 
119100 e323228b-85d6-4252-836b-bfcc007bd432, 3919 
369538 3e8096de-b8aa-4f2c-b2c2-3e99924837fe, 3919 
255539 91516a7a-10d7-4b74-b8c6-dc1cb207c924, 8505 
11636 4342060c-8cb9-4ff8-a88f-6b81538dd940, 8505 
135426 081a4366-dc27-4613-bf5c-9772163689e6, 3919 
342026 419aa4bd-5fc6-4707-a249-392bd29fb79a, 8505 
66361 fbabc21e-1048-415e-b64f-adab3ebe6b37, 8505 
73465 34c9dcd5-307f-486c-b5bc-c3cf8475f0fd, 8505 
84851 e54927d5-1746-47a5-8cd9-24874532127f, 3919 
327074 c927f92b-5f0b-45a7-b16b-bd37277c452a, 3919 
384924 a3a7d554-715f-44dc-a134-b4d3e9bc34c0, 3919 
124497 41e1db2a-8359-4465-acbf-572d38e88814, 3919 
234596 698ae89b-fa99-44a8-a1dd-85c30a99bd17, 3919 
296440 4c90442a-ab8f-417e-818f-1e91bd227fcf, 8505 
187887 9b26cf7a-9494-4af6-b6c9-3098279a785f, 3919 
233167 ed884814-379c-4375-a909-058223fb62a0, 3919 
137465 286c5594-ad79-4578-ad93-b0ba9868a0a0, 3919 
150672 8604ce9f-dd78-4e23-abe4-7f1bb028ece2, 8505 
203001 9193708e-722b-40aa-bd8e-bc8fa1ce0874, 3919 
153004 9def9111-5c55-4295-8294-7be5c8e84a14, 8505 
383911 02b5f534-a214-4c7f-b532-519949ac5bcb, 8505 
167970 25d7e1fb-7c0c-49d5-bc6c-afdbaee5cef0, 3919 
249904 b47ebed4-ffe8-4a09-98a3-c8161b0bb572, 8505 
9801 7ce4ca1e-05e8-4bfc-b73a-43b7793c7226, 8505 
15713 3679082a-fcf2-40dc-a190-93c5a83690de, 8505 
278283 3ba0e7b1-c112-4cdf-a88f-95c243c824c4, 8505 
382710 0e67ad8e-4320-4353-bfd8-cab26d5b6122, 8505 
154439 b6b4bcae-1b9a-4f38-b051-efcbb4e17e89, 8505 
212755 3779656c-7812-4452-a214-7373949e2436, 8505 
379617 ab958a4e-8168-4abf-913e-f276fdd87b4d, 3919 
63967 96ae8fcd-1a13-41b5-a0f7-860490bb42aa, 3919 
69279 0084d8b0-7eba-4bbc-ad5a-c1a90a9e74f1, 8505 
359906 26d3ac74-1dd6-4ef7-adfb-8c6ccd805428, 8505 
390107 f15391f6-6f20-484a-978a-8de791300a8d, 8505 
119716 72cd30df-bd88-4713-94e8-97225f508e62, 8505 
193240 ad2897df-0a9e-45c6-97d7-163d8e0e59c5, 3919 
382579 96b3b69e-99c8-4c7a-ab72-7b3df4289e14, 8505 
263033 5b24266a-8f3a-4828-a707-680d9aa3e8ac, 8505 
52890 bb1ef68e-426f-4ef4-afeb-0149b2a87738, 8505 
211783 80a88d72-018a-486d-97a8-0c684e27b8d0, 8505 
267450 ace11ec9-39ad-4354-9477-fc2f9dbdbf1f, 3919 
31062 37306588-4f80-4cb6-b9aa-2b7ff9e7fa37, 3919 
27897 367c4b8b-e10f-400d-bbea-6ad49fd627d4, 3919 
153133 a3d8e5aa-227e-4012-8a64-f1f369e301c2, 3919 
157725 e5ac0ad0-2dab-4e42-8ab4-d96e81402ef5, 8505 
348157 ac89c882-05f8-4cbd-945a-77ff5ec04e61, 3919 
6 f4da20f4-917c-44e2-a7ec-8796c829e17d, 3919 
127185 ea8a1dbe-7d70-4776-82cf-0f8f0d41ec9a, 3919 
6992 62ab9ab4-806f-4883-89df-142844a1071d, 3919 
174469 d6180028-22bd-40b3-bc9e-19f7e3bf4558, 8505 
328646 974f5708-b78d-4f80-80c3-b06e1231e1a8, 3919 
219924 776c9b88-6e77-4da9-b0f4-4ddfbb4cee18, 8505 
193106 a37b12e8-9652-427b-be39-4f440353ea95, 3919 
268204 5eb51a20-789a-4c6f-9ab9-61cf76327b1b, 3919 
357330 1f8089cf-4732-4921-9f33-035ae2a2e0b5, 3919 
263110 3a4f7b5e-4038-47a7-9d65-7d1388f7d91b, 3919 
208609 8dc31017-6eec-447f-82f2-acb8d0bc11d9, 8505 
52840 44563df7-bd1d-46ec-be77-1a36cf1c827d, 3919 
195787 573bc6da-1861-45bd-8a34-23f3c3ea58c3, 8505 
313540 6d1558e3-3791-4446-ba0c-ae0279eef3a6, 3919 
315388 aa2dff7c-d4f1-4594-950a-8a471bb56a06, 8505 
271514 1ee0b9f5-d67a-474f-af11-c30845314d72, 3919 
45184 480997a0-90aa-41ad-9110-d38d2d920e5d, 8505 
296202 7373f104-24f6-4dba-a609-f95aeb6bd2fe, 8505 
136409 d4d99833-7db0-4be5-b4e2-51e5e71d104a, 8505 
143796 1498bafe-59c4-4176-a915-33e4e74ba41b, 8505 
272532 650ab0ec-4be0-4e6f-a5eb-d60eda89136b, 3919 
173445 47e38c32-35b7-459c-a4ed-5e683e7f8afe, 8505 
44913 b7a4296e-d70d-45de-89d0-a6294f444588, 3919 
357192 32963943-c805-4167-822d-244bc1b2b054, 3919 
48235 fc211d34-8d7a-4a4b-bfda-0f96e28d6c5e, 3919 
272666 ea8a9531-f278-4951-8874-1941cfcd0cce, 8505 
266428 286e094a-89d6-4894-9d03-db8d6803818b, 3919 
164795 416ff738-b385-4e59-9b56-234776aa71d8, 3919 
131289 403addf9-0aa1-4102-a1a6-0dafcd6b3096, 3919 
307204 29259276-e545-4231-a0c6-5130ee367973, 3919 
86413 b03871d7-643a-412d-8bab-1f3d4bfff4dc, 3919 
370301 c2bb714a-8a7f-4286-abd6-46127fb13447, 3919 
345509 a20cec4d-777d-4086-bb57-7fb23521268d, 3919 
272172 7ab978a3-d6c7-4b14-bb41-501033a50148, 3919 
356252 b9e0f1ab-10f9-48aa-9ecd-c17203daf9f0, 3919 
161523 eba5c5da-b500-4446-bc48-f88def9e6d31, 3919 
67415 8b9479ce-5d84-4054-b9d4-b362140716c6, 8505 
329916 a6fafacc-3eac-44c4-b758-8fc385f4928d, 3919 
155336 d4060701-6d65-4833-8491-c676446ce659, 3919 
278605 db776ff0-7cd7-44e6-921d-46c0889e9ef6, 3919 
298003 4bd0e299-e91e-431c-909b-2d6cd84bbb11, 3919 
226658 599975a5-80e7-4e74-827c-76d50bd303ab, 8505 
363468 ba64ccd0-e364-4dbf-80e9-9a5d2878b2cf, 3919 
365121 8b6f3106-6150-423d-b699-2fdddb557e1b, 8505 
326323 8976dc68-983f-4825-acbd-14f79b3149fb, 3919 
41119 79324851-f59e-41b7-a066-27184034d27c, 3919 
196520 fa695921-b0fe-4920-a03c-3b5abe49ae05, 8505 
385857 ccd0b0bd-8152-4925-b4b3-dd3a98cea45c, 3919 
340270 d3e5d7a3-447f-43dc-9f5f-6cd4b6fac88d, 3919 
18450 7aed1edb-7d56-4089-a456-2ecfccf65748, 3919 
34947 fa12f62d-29c8-472a-9a1e-f0a0a0ad2c57, 8505 
297156 e3b7df2d-0e90-4f65-9e29-48175349ffac, 3919 
289274 c9838949-908e-4208-9b7a-38df4d73ae60, 8505 
187006 1ac2f7ab-168b-47ae-9c89-be2f31da4c0c, 8505 
114210 9196e505-4f3a-47af-b9f4-4b941d0af9f5, 8505 
342457 a7c11e3b-fa58-4bef-ab42-1a4c55b428fb, 3919 
389737 b51c2bae-75f2-4f03-b8f8-8396b8d3c9ac, 8505 
382777 b3f09733-7fab-4fec-95a3-2accbb8dac67, 3919 
291515 8d4fc22b-a8e1-400f-9623-ac793786ba06, 3919 
105726 47503b79-9915-437b-899c-ab1f39e3c28d, 3919 
162521 03f89740-77a4-43f8-916c-cff37fb042ac, 8505 
124778 96df1322-7252-4e80-9e37-af2182001f98, 8505 
394757 d370fd11-fd7c-4b3a-8aeb-1bd8c412e048, 8505 
345212 717d85db-15cd-45d8-8b1c-be89f4ed7221, 8505 
135594 3e90a76e-9e09-4c95-b23c-4b9dacfc86d2, 8505 
84415 63a982f6-fe59-44e0-a429-0ea4f29a6c4e, 3919 
233779 59f08001-90c4-40e7-ab5d-df73631510f2, 3919 
320529 741e6589-451a-4391-910f-4a1342113356, 3919 
386715 9b16a8dd-2d9c-4274-aa81-1e3fe79ee27e, 8505 
7732 90430df3-dbe4-4021-b541-174f8ee01214, 3919 
342849 b225b49f-ec41-48bb-a216-a48acc589f08, 8505 
295682 695908da-9506-48f6-a933-0cc79bfcc40e, 3919 
366453 863bab9d-2dcb-4f72-89f0-d65f0a1d0835, 3919 
144677 ed044541-b455-4441-86d7-44d76fa742c6, 8505 
118172 1e3c8260-89e5-4da2-a6c2-e4d84a17a09b, 8505 
184543 03dcf350-1283-4ecc-90c2-0df657634c7f, 3919 
76423 28b0d624-0a6c-41df-aa54-694ba58b219b, 3919 
368123 2ae1da32-2fe9-4840-bd2c-3e5c02a8c71e, 3919 
231427 8bb47e08-c45d-44bb-b627-5857981a3f3d, 3919 
379923 60668bdc-aa9b-4dc2-8e97-610034a4395e, 3919 
260990 77ef8ea2-8558-466a-b358-f9e2fea2a61b, 3919 
176531 35e4d880-cf34-4896-81f8-398f50d5bb08, 3919 
93342 95779703-4083-4b1c-93c3-eb698c8ee522, 8505 
246255 6c689946-6f93-4284-a516-ad26e15c2247, 8505 
141593 35576fd3-902a-4c86-8fa3-a1cd43abef2b, 3919 
167495 6ddc4fef-35f0-408e-8c9c-e2ba6fd1c74f, 3919 
239947 5003de3e-a5c8-41d2-bbb3-6d1897aa69b2, 3919 
37287 b565380f-e71b-45d0-9c6b-cc3290dd42a9, 8505 
40865 0a358cff-095a-4e44-ba99-7f2f2cd088fe, 8505 
264831 49c0c6be-d3d5-4295-bf42-2838e27993bd, 8505 
32993 4e2d8876-2146-4cde-a284-05923205dad7, 3919 
154098 4b96fcf0-2991-4ad1-833c-7ece03ec5a68, 3919 
344622 2641edbb-c2d5-4357-a3e8-c303e8cc3219, 8505 
106890 b8c89fd7-1e80-4cc6-bbec-5b39f8fd95ef, 8505 
107228 092bff85-3c28-4179-b4ee-72aec9156ea4, 3919 
50582 a02bea78-e0c9-48ec-b611-58505e820182, 3919 
8942 f3ec051c-e29d-4c66-9f80-a9ba91feb07d, 3919 
308474 094c1184-70ca-4e12-970b-b427ef10b0b4, 3919 
264559 2f6e78a2-3047-4e73-8bbf-bef35d743e6d, 8505 
92768 0fe7a283-3143-41bc-863d-08693a2e913c, 8505 
7711 36025c68-d147-42bc-9612-11022998e120, 3919 
190625 1a19ff9d-079d-4283-beb2-1df4e8e4b718, 8505 
164277 5fd10159-0fd5-4673-9719-49fe420b0c30, 8505 
301817 5a0e58cc-9f48-4be6-987e-f4d4bce2c745, 3919 
10578 bce79f4a-7ef2-4994-810c-f6417d7414bc, 3919 
175363 e869c23c-228e-4724-8b13-ce56751c500f, 8505 
177694 15ea60b9-e19f-4944-9c28-2f6530b75f83, 3919 
86438 1dee8a13-27e5-45a6-9b5c-f7269302d210, 8505 
191753 a0b55a2c-9db2-4d5a-b604-f8630bcb90ca, 8505 
217022 a4b27060-4154-47c5-8350-060e80ea3d1d, 8505 
232244 07425ef7-57cf-48ab-8b38-0e7a11585444, 3919 
180570 469fedc2-3378-4175-8fb0-4c40fdc6d66b, 3919 
265921 e41388a5-d028-4e44-a87b-e281964f5ce0, 3919 
53337 55deed36-d9a6-40ec-8d98-9076c20a91e1, 8505 
313553 c87b4899-a982-406c-9c5b-d70337af4ca2, 3919 
362588 94d9253c-f654-4ffb-8702-4b122c5ac7d8, 3919 
351726 c1ed2774-cdcb-405e-9855-50b4b10b4524, 8505 
368993 2b2f9843-ee0e-4353-a9e0-0287eba36e9f, 8505 
270776 c3fd71c3-a176-43e6-87ae-db6bfea75662, 3919 
54143 b668d8c6-6d12-49c2-901b-10ad0fe46ade, 8505 
268506 f9b37b0b-e71c-4efd-b84a-f23b597f589e, 8505 
175039 4685d058-c0f1-49a0-b84f-a56092506843, 3919 
122207 e828c5be-42f9-461b-ac12-419686a0f7bc, 8505 
266717 0bb30368-adac-479e-a042-063ca63f07f0, 8505 
4614 53373c70-874f-421e-ac6d-52d393c47760, 8505 
321905 eca8bc06-ade3-4792-b66d-b4273b46be66, 3919 
130846 0d6a6abd-acf6-46f8-a052-638e3298b2bf, 3919 
303225 38a5fcf6-a850-41a7-b50b-7d60c3efb35e, 3919 
61961 9586a2ef-38e0-4a7f-83c6-8eccb11e9a8f, 8505 
262334 2642f1df-6b0c-4e23-88cd-a5328c2a25cf, 8505 
134313 b9df85f5-093f-4512-a2e9-a1dec7a9f399, 3919 
79057 9d42df12-0b6b-4067-a590-5c287dddfdae, 3919 
94847 1c5b0e13-42cd-4d54-b8cd-6b3e7c9d268d, 3919 
23048 12105feb-fd3a-43e1-b2f0-956045840e87, 8505 
34874 21600a59-cc55-4d07-b9cc-10def49089bb, 8505 
90824 7cff406c-83d3-42b1-93af-c79a9c925edd, 3919 
129725 697438d9-5f10-4cce-b6f8-bf814705c1b9, 8505 
186639 de743b98-011f-4297-89ac-cbf23511a87c, 3919 
58330 36dc5ec0-3244-45ff-8e92-fe44fe268e2e, 8505 
380443 fc28cdc4-d34e-4ce8-8b35-ffa0c5ccb46f, 3919 
194048 f2be9f4d-c61f-4021-ac63-8368a1c4a3bf, 3919 
232764 4c049f6c-da2d-45cc-a2cd-5359370c9392, 3919 
403186 d14b60fb-2133-4d3b-a387-ed6255d433c6, 3919 
364023 addf73a6-9ef0-4e33-a382-6b0550698273, 3919 
256787 d6f46524-4446-4453-8ab8-a94b07d1801d, 3919 
196889 3972cadd-0f1a-41ee-aa75-223c4383d358, 3919 
35478 21d6ea01-c535-4143-b547-38b7efa1b3ad, 3919 
108242 21a05406-acde-452d-b6ff-e51d9f3e6774, 3919 
236796 dbc1cd37-b822-4fad-988a-ca0432665ac5, 3919 
82376 1ffc9f21-a256-413a-a64c-10a38d957c14, 3919 
303739 a3a35615-8093-40d1-b89c-a2a1a9f0da96, 8505 
28913 0e087963-f2be-49ba-9785-8b83c8a7efff, 8505 
777 c435f543-3b62-4706-8bef-5f60f01d97d7, 8505 
119464 c7bdef85-77fd-4b32-aa8c-b7b8826ed814, 3919 
97267 c2de2fd6-8d4e-401c-bb70-ac9a882d9430, 8505 
402123 7b9a054c-26a4-432b-98d6-29458bad9cd6, 3919 
212745 167aaef5-8e0e-4ef6-8dd5-0b8ebd32c18a, 8505 
174385 bf0918e6-67d0-4d5a-94b9-e5ac71b34a85, 3919 
239866 f862132d-9127-45b4-873e-c2e660b1e273, 8505 
400017 24f602c9-4e3d-4877-8f12-ddb6556cda8e, 3919 
284435 797dc681-ce03-4360-94b9-dbb02eeabf31, 3919 
107793 a15caf4e-e03b-4c81-82d5-3f2f9894d48b, 8505 
301722 3853e7d2-09d9-41d3-bf9b-9e8d6d8ecaac, 3919 
17903 961b91af-7e73-4866-9139-bea236c31ca1, 3919 
219005 38ccba9f-9b53-4bc4-89ce-78e1fc30248f, 8505 
267727 9cba404b-0028-4a62-a2dd-c1e30c8c975e, 3919 
112880 daa7a5fc-67d2-4a1c-8400-5fdb9a5aa903, 3919 
186041 24aa3222-f78e-4502-bedf-fe92e6f380fa, 3919 
182515 464ba329-6e51-4fad-9c07-8c6784997341, 3919 
126438 73ac79ff-171d-4b16-95af-3c3326547b00, 8505 
162750 486167f5-26d2-4cc2-919e-db68d0391a3d, 3919 
120836 41b14f7b-a764-4f82-95a0-149162e12592, 3919 
25028 a401b05c-865f-4315-b868-3be0773da325, 3919 
78271 9f29cb4a-2142-4b6a-bc4a-bc0e569191e3, 8505 
10779 85df7730-1cce-4450-afd8-b79c679bb3fc, 3919 
276023 524265dc-ba7f-408a-9c7a-11584f451200, 3919 
90553 fcb1d4bc-7a2f-4fd8-b542-a1bf28f6f643, 8505 
292334 085838d2-8a34-4a95-ad71-8af6e864824f, 3919 
215451 9c75544f-422e-48f1-a3b0-07432909abe3, 8505 
29833 6a7ca086-73f8-4983-a9e9-40288f3b682a, 3919 
233131 42664619-957c-4d92-b7e3-369ca35c86ce, 8505 
339923 0c38d4fd-35ca-4901-aa58-3197be2725d0, 3919 
93287 bf4ce347-edbf-4553-a669-bf269d73a970, 3919 
172177 4aafdd7e-8978-43b5-bcfa-3af74d132c5e, 8505 
385645 2887fce0-2f46-412d-b45e-f67392a21f1d, 3919 
303977 5a3b5871-4ff7-4ced-a047-a48060a12816, 3919 
65723 ac2adae9-87be-48be-af93-f9d56931c1c8, 8505 
174724 dd751086-5914-4f7c-9016-1e1bea449cd2, 3919 
275870 52c39cca-c92c-403d-8d01-e90cd1c3e42c, 8505 
66398 ad3b4b42-2b05-4050-9f41-878e6d851003, 3919 
261447 3556236a-5cbe-404b-a4de-a0570c62c235, 8505 
137567 f625382d-87b7-49a8-b733-015994c32aca, 8505 
117526 140a6226-1a09-4ed0-8a7d-7732fd7483bd, 3919 
16334 7872b112-3588-4295-8a74-540ffd5a8a51, 3919 
288091 28d40209-e041-48d7-8bf8-d4825073d598, 3919 
79139 e1e88ee5-c96b-4133-b2c5-717a6b55847e, 3919 
13705 c6c7d2a3-a94f-4b9a-aafd-99051aed9f87, 3919 
332492 1b96a3d7-0ccf-4bcc-9476-a7987de06e8f, 8505 
168686 2e57d737-d21c-4a72-a400-a339e3142a2b, 3919 
35984 fd383db5-b090-4b1e-9e84-f21fd18fc905, 8505 
336555 2ccaf420-19aa-46d0-b5c4-645cd93420b7, 8505 
272603 f544a256-fde0-42d1-81e4-3e10298a34b4, 3919 
207266 0f4b3340-ab4f-4e35-bef6-7614bf06240f, 8505 
316220 248b453c-b34e-4781-9371-84b7faf9d875, 3919 
286006 a7280853-5498-4c47-b5c6-b6672be5abd0, 3919 
322306 f309a842-4500-40af-a889-0bc951bbc354, 8505 
128664 5339bc55-f1b1-45ff-8197-efb5bf54a292, 3919 
289298 86b499de-f7ac-4abb-8760-0a243c640e46, 8505 
384627 c934a415-dc4e-4e72-8128-f5f686b7d46f, 3919 
117243 38971128-699a-4744-9f7d-ae56475e21ad, 3919 
366097 5112ec50-1957-41c5-a28d-ee8a51b74966, 3919 
265633 ece1fa68-ed70-459c-944d-52643ed72505, 3919 
285073 98a9e26c-dc9a-48a7-9e08-d04c9bb26534, 8505 
133820 2c6ee87b-e602-4b34-9490-1787ef7bbd3b, 8505 
64550 4139fbe1-d1a2-4b9d-bb11-4f7d0ba16031, 8505 
356731 ebf6c860-9bcf-465b-89d6-22e182261f65, 3919 
42437 29d6c677-8a82-4bfd-a589-f36259e5280e, 3919 
254244 c468108f-3124-43dc-90fc-0ff2dcad3420, 3919 
277732 958c2654-b628-45c7-9577-350dbbb0c528, 3919 
398276 4b90cd75-53f7-4ed9-876b-10dd4c5731c0, 3919 
316477 95c6750f-4727-4179-bcda-ca6bb22343e3, 8505 
36093 ec42edcc-9642-4844-91f2-828be38c44bb, 3919 
170733 da040ee7-0baf-4346-b2d5-6260b6594b04, 8505 
198303 f7f664e4-c668-4138-8f6d-1341b2a22ac9, 8505 
87398 3332bc87-981c-4166-985c-291c22c62838, 3919 
58215 b893a300-2b53-4b56-8556-f96390c2cda3, 8505 
399411 ca53d713-eb70-4528-80e3-bdbd910ef8d7, 3919 
333710 a64150c7-0d02-4a59-a042-5f36058de515, 8505 
70608 7d82b68b-c81a-4473-98fa-2dc060168470, 3919 
308140 fd9cd7ad-b5a9-48a3-9d6e-d2d3d986a2b4, 8505 
113746 7210edc0-4d66-4aaa-a989-e2b1d872a7e4, 3919 
60288 20ce45dd-e93e-4d60-8f80-b0e49adb0d76, 3919 
265335 b2b0ae43-b2b8-4a84-a529-03b2a9f0c259, 8505 
65546 7b6802e8-381d-4b9e-88d3-4b74c0ba1d52, 3919 
363891 27a06753-1b54-430a-92c7-fe33564c6804, 8505 
240869 a1fcf349-d924-4a36-ae51-aa3873616701, 8505 
293988 2664bec0-a36a-48b2-a7a2-b87ae6e8c600, 8505 
202954 f19fffa7-fd40-4760-b1fe-2bcf09672007, 3919 
260230 4e9813fd-9078-4d65-a8e0-362db8a7ed13, 8505 
112003 cffee433-6f53-4185-9bc8-232aa6b98d4c, 3919 
262160 c0f84a74-f7e0-4553-8e51-49d426f29b49, 8505 
380923 5a0b84be-e28d-4c55-adf2-6e3c6c9345b3, 8505 
15560 791fd57e-bdbf-49f3-abcf-e19c1b5990a3, 8505 
14416 11ba7aa2-9d73-41f6-a3e7-80a54e295d49, 3919 
113920 5d0c8fdc-51c4-468d-9335-ea69aae517c0, 3919 
221102 4fe36318-93e4-4700-8533-2ab8a4041e48, 3919 
226494 1054dc91-b517-4740-bedf-76d812f46809, 8505 
14715 d003aa01-8539-4134-a60d-fc3c8054390e, 3919 
6902 478f4de6-d45d-497a-b0dc-91022f9bf510, 8505 
298770 4d196a2e-6dbf-440b-929d-8e79ef579c01, 8505 
314010 076f1c33-8e2d-4f1c-8296-382b2ad88cf1, 8505 
336907 6c8e0a27-eaf6-4068-a477-d20ae5d9f023, 8505 
296293 1c4be65c-b126-48cd-af16-dc2af6a97a06, 3919 
105992 161b8e59-78a7-40ae-9b7a-bac13677e473, 8505 
63435 09e4eb95-d74d-4022-b020-2ad976be234d, 3919 
390944 94bdbaa8-64d5-4c9f-99f4-70553ed31f76, 8505 
34697 e827ebf3-7b2a-4183-9457-8ea986806cc4, 3919 
30067 05e03ed1-11b3-4e15-b828-26a9c211120a, 3919 
403500 1f7d6f58-e68a-474a-a514-ebc52d1213d1, 3919 
125871 58bb6985-80cb-466d-8e54-6c82a201ce35, 3919 
8093 972e7b05-b9f2-412b-8a72-3723470da8a6, 8505 
200051 fdb63e78-7ce2-4420-8a73-b349ed757bcf, 3919 
366424 078418bb-523e-4786-9b1c-6ba5c839fb2d, 3919 
204309 e15705d3-1372-410b-a6ef-de46fbec64c5, 3919 
385733 84ab2fd7-45eb-48c4-a375-cb3aa616f8de, 8505 
109868 b94bc302-9207-4108-8a00-61ee66511a0d, 3919 
2921 161c8469-446b-412f-bee8-b749552eb372, 3919 
263097 170e99e4-0e7b-49ae-9d38-ab4528f37dc7, 8505 
1040 378e7091-dad1-4375-b3cf-ceb6f2723378, 3919 
278833 4dafc2a7-af17-4ff5-95dc-7fe70faf7833, 3919 
317564 8ae2f29b-383f-459d-a191-d54d0eb4a3ad, 3919 
226407 80cab7b2-3c03-4f75-a9ce-c45e7e67337f, 3919 
386573 fb16653a-b7a7-49bb-9402-e5a6c0f0dbb9, 3919 
6153 5714a394-d844-4c69-8206-61e2bcdfe639, 8505 
372816 1356d978-4e1a-49ce-85d4-ab2751931b39, 3919 
189242 117a1a11-2cac-481b-a363-b988371d42fd, 3919 
372084 ba2a1b55-f1bb-4c4e-be5d-b7320fc236f9, 3919 
400831 3358ebff-1fed-476f-8c13-15fac42842e8, 3919 
33763 ce68a2f5-c62f-478d-9d33-148067e057d2, 3919 
396103 dc509d28-5f17-47b6-815f-a825dce9f6d5, 3919 
228450 dadf0ae8-eff0-4ed9-a035-b603deeb7637, 8505 
248239 36217f32-b47d-4bf5-b1ab-cbf818af2993, 3919 
45366 07d817d2-9fd9-428f-bf61-accf0122a33c, 3919 
293206 4ad56acc-923b-43e2-946c-9e0cba117d8f, 3919 
340661 0da2b984-7cec-43d0-8529-8c8656010548, 3919 
358276 6bd733c9-607c-4aa9-b20a-893a2984cedb, 3919 
24728 dc52d158-7d6f-41a7-80fd-5b6258e670dd, 3919 
31877 8202c4df-39bf-48a9-a54c-bf253417ca1f, 8505 
359243 56a454c3-9b48-4782-9d7d-fb2cf31d7e6f, 8505 
31259 fa183a9f-1e32-4c46-b367-171f46bec6e2, 3919 
382762 6367d1eb-4459-4b91-9e35-c87242f526eb, 3919 
327807 4de6f2ca-e2c7-49ec-8faf-0323a35da7e9, 3919 
103121 8a1d3340-16d5-4397-9fef-dcd9c9bae863, 8505 
248904 998e384f-0b73-45a0-92fc-d12717b7a677, 3919 
116310 f60ab8c4-c80a-420d-9032-a7dcfada683c, 3919 
80769 0209a7ab-0f44-4ba6-8590-691c95dbb2f8, 8505 
20077 8a702fbf-727b-43d3-a724-8ad49f9adfeb, 8505 
397163 facb4dc0-049d-4979-a9b5-4edca85be017, 8505 
137916 2526ca1b-60bd-4a86-bf65-69835489515d, 3919 
149199 e6f860da-3846-4fb8-8b57-878ceea83e5c, 8505 
372953 7b4198f4-7192-4db5-95dc-adf538665688, 8505 
222136 0bd3edd7-a164-4787-887b-f11bd9325fbd, 8505 
16881 616514f4-0c24-43ed-82ca-b8bd411e469d, 8505 
171551 5a25b6ad-8726-4003-a60e-f7fd90c22c82, 3919 
250754 0ffa8105-3c4f-4618-964a-417ce3fa44b1, 3919 
279019 95133c11-1b86-44d7-a0e2-ece6eb7ff60e, 8505 
137466 39f26db3-ddd8-42e7-b6e4-870031b70734, 3919 
201220 ad57ec2e-7b20-4f58-a7c5-c38cec54836b, 3919 
9868 884c92cf-14fe-47cb-934a-bfa27c0b5499, 3919 
68858 e5d92697-7bfe-43dd-92e3-aa62a4838af1, 3919 
372591 0d356749-2f72-42e0-9b5f-5cd796067bdf, 8505 
76121 391df138-cc82-44d0-ab67-efaa70020732, 3919 
208390 69fa511d-5a42-4690-8dd5-78dc1b2493a1, 3919 
345904 4075c7dd-5bf7-4555-a611-fcecde114746, 8505 
85298 5fd91bc6-ce62-40a6-883c-f716c8532757, 8505 
11889 f72c62cb-9122-4659-9558-9eeb4b5d5451, 3919 
376432 fb05c8c2-9080-4cde-a0c2-1c6a6b03855f, 3919 
247883 3a614684-6602-473c-acf3-53f4c1b32d52, 3919 
315472 44ebb18a-6fb3-47cc-a5bc-77082c7b08e4, 3919 
33341 bca0085d-5a63-47d4-b11b-6e4e3ee2e045, 3919 
37173 2204d74a-584f-493c-ae15-dc229b62ce5d, 8505 
180399 932c3cf0-e232-4596-9dae-db8068c233ab, 8505 
99459 b9d27d58-c8ed-44d0-a671-c3f8a73958f9, 3919 
198604 ead824bc-2d3d-4657-8669-f78a0f938aad, 3919 
164931 e2eea354-7596-4c36-90e3-688a981a187d, 3919 
387955 4e8be6c3-9bc0-4c63-9fff-d8905e86b322, 3919 
365856 19b506ab-d557-4128-ac14-8071d4691116, 8505 
381944 7fb23176-3938-46e4-aa79-a6b1b0053668, 8505 
112504 cbf4c08f-b7af-44fd-a7c6-2b2cc187a460, 3919 
403297 5a0aa71f-6b12-4f9b-9e66-e6a034fee8a1, 3919 
97414 294041a8-9862-4e5c-8bd8-c1b2ffc1cf6f, 8505 
39725 95e0f7dd-5d71-4a3e-8dcb-3061c44b1dbe, 3919 
107618 ff3b295b-c4d9-46c9-809e-86536f367da1, 3919 
379770 3ced9762-ee40-4a69-926e-d0d041e9363c, 3919 
269924 58c7b2cc-eace-40a4-aa8d-298c09b2ae62, 3919 
90403 15c6c688-5cb9-4513-9d9d-d1716cb5864b, 3919 
338986 de13fc62-a3d7-4fa3-9fbf-9843d11c81d2, 3919 
388067 ae3ac9d4-3611-4acf-b2c6-25b9c32ad5a8, 3919 
258300 6e2e404a-c292-489e-ab29-2d88b04ee831, 8505 
254519 4913d098-e6e3-4a25-8b97-163f8f7ddfc7, 3919 
150583 1a6ed155-cfe6-4e70-9d63-4feb86e7ba3c, 8505 
244779 3bee0b6b-5584-45e5-b259-5bea332352d4, 3919 
208833 f4e9b980-8574-49e4-9acf-3b57c556010e, 8505 
286778 7c4f3e46-11d6-4ed3-8886-dfd7e83fba77, 8505 
94925 33e71605-8629-40fc-bac1-5acfe09e990f, 3919 
131693 82470971-38e5-4f15-aa05-b454437e227e, 8505 
121610 69242ac3-0b92-4cfd-a516-1a9be4a60477, 3919 
171079 41d9f8de-d377-41a5-a7cb-41edde595033, 8505 
262707 ffb0ded9-bb52-44c7-b6c9-dd18bab5fe76, 8505 
21106 19f96a2c-c977-4dce-8454-01416f5ce983, 3919 
164964 ce36cf10-5cdb-436f-adf6-8e8ea4bb75e6, 3919 
317787 1999d41e-ddab-4411-b983-080d46671b87, 3919 
181342 2922eaa1-639f-404f-98cf-503e3aa2510e, 8505 
183685 6a7a7d81-a522-46a6-ab3b-20f130e581a9, 3919 
304875 8b11cb04-e0c4-4b14-ad78-191c089fe7e2, 3919 
202436 804e80d7-5945-4f6b-96de-0c54bec444b0, 3919 
130948 553b051f-9fd6-4a5c-b53b-991831d2ecf3, 3919 
103533 adfa3b75-4a33-4051-a833-0e2f6194f24b, 3919 
43276 4c67c92c-e759-421c-be11-be80aae7c632, 3919 
279317 5e70261e-2663-43f6-80a0-535266b2f702, 3919 
276871 85500591-99f7-48c4-92b8-d14f52fe0b20, 3919 
403672 645fa219-7f91-490f-b701-c251d4bba28d, 3919 
262065 b2e327a9-5600-4212-a090-0339439f4500, 3919 
28670 42b6c53e-fc27-48f6-aae6-0e9ec5173d5a, 8505 
194027 1188e2d6-d6c5-4873-a8dc-83ed8c10c004, 8505 
400196 2eb94321-0598-40b0-8705-0288aaa00328, 8505 
209826 5a59cd0c-f038-4b34-88da-f96b1615412a, 3919 
71635 ae5a0e17-7a33-4938-883a-6d9a807f1916, 3919 
21210 8dfa55b7-4c66-4137-8658-eb2fcd10b3e6, 3919 
332546 42dad729-52d4-4ab3-b393-559a14295ef1, 8505 
111190 fd14ad9c-a4c6-4d8e-a385-68b93bd47bb8, 3919 
20765 9e1cf413-6f1c-4de8-9456-8ec6e7fd6563, 3919 
307726 4eb3c288-c628-42bf-a112-1d9fa60e30fe, 3919 
251968 dcbacf4c-5617-447d-849e-4a04e95176ce, 3919 
41561 c63c3363-40fd-4f6c-9795-7e647d43124c, 3919 
102870 0eedeffb-f259-4e35-8914-ed6f22db31e2, 8505 
91746 05cf54fa-bff7-4b61-afdb-f2eff73948f5, 8505 
191229 db81fa8f-aa29-410d-9b0e-5dff1a16c4a8, 3919 
122882 8c9c8126-f0df-45ac-8a56-13b0b5cb9dc0, 3919 
22746 0c70d4d4-9d8c-4286-a5fe-b75bc1fe253a, 8505 
291485 198a30b0-3d4d-46b4-87bc-5da4562fe6c5, 3919 
329953 3086f4b7-1c4d-4834-8ee2-657de9b8eab9, 8505 
97791 ac63c1c2-8d65-4c31-82f3-ec9256017c20, 3919 
201932 ee2c6986-aec7-421e-b847-602c52984225, 8505 
236077 ba546ed7-4e82-486d-9bd1-149f14d81307, 3919 
214526 93189ce8-3ba3-4c7f-94ca-86ef2c38e98b, 3919 
237367 6192e392-4c3e-4fdc-b54b-171c603e0535, 3919 
108853 15b6ec9a-84d7-4a0a-8379-21acd1763c9e, 3919 
49783 51425a59-04e9-4181-ac3e-75046b878151, 3919 
354939 86c79b01-c661-4f63-8ecd-ec914a95bd47, 3919 
188662 db29c316-2cb7-426e-9e79-1d93c98fe130, 3919 
263485 44fc5b99-ebe5-48b0-9a20-52bf51ba9f1c, 8505 
356106 e441547e-4760-44ad-9388-9b2b54451e6d, 8505 
177465 060902de-9366-41fe-b3cd-f3b56a939409, 8505 
104007 292c20b1-00e6-40fb-a9aa-859c4241b07a, 3919 
346708 0cb30c83-3256-4e0e-8d43-4112d3f14c98, 8505 
142578 58146e01-511e-44fe-8697-9b26bf4fb89d, 3919 
254774 75cf4615-7f0b-4f73-ac73-d13c6731d601, 8505 
350792 8e49b2b4-72be-4232-8eed-32de4f3b0e2c, 3919 
139371 3d919fec-e7ad-4f5b-abf6-d80c03c9fc56, 3919 
181591 7de48906-7a5c-4f6b-a8e7-8f7646acb599, 3919 
99066 9c027188-4f6a-415d-8b0a-559b83d0fcb8, 8505 
343337 088f5682-7ac2-4421-a978-3e27a47fe141, 8505 
359727 2d913d6b-8a31-4cd0-b676-0b97c94793ba, 8505 
271624 53b9042b-7412-488a-9ad9-fcf7cd7b0268, 3919 
372738 5de1b4ee-68c7-435b-9aa5-b75cdd8733cf, 3919 
40358 5259b25f-ee4d-4753-98bd-8f0c902b2ec0, 8505 
341352 d36f76f3-fa2e-4498-9db9-0a712a42ec3a, 3919 
56422 cf1136fb-7821-4113-9d3c-bc0b8648fb96, 8505 
280576 a848494b-9229-4169-8bbb-eaeb637ca104, 3919 
174945 ce3fd2eb-1885-4c0b-9ec1-5985344c1acc, 3919 
227469 4c458621-d355-4b24-aea3-29eb81006c13, 3919 
150971 8900b68c-1139-42c6-9f39-f3523daa108a, 8505 
46861 fac9e953-3350-41ee-8af5-2c03cf54efa6, 8505 
31120 b62a970e-422b-476f-ad8d-a114e3cbe498, 3919 
324300 ca47a69d-8d1d-49e8-909f-1af201c1ec02, 3919 
20602 b377d2b0-a1a8-4d67-89b5-70f9ae1b9532, 3919 
229279 c0195bd8-732b-4d99-a6be-d801e082af03, 3919 
392967 37700b48-2bc0-4ce6-a864-15e9415a7b59, 3919 
114577 3c602e58-4b28-4733-bdb3-1b3305965493, 3919 
314112 5af69401-f61a-4e9e-a0c9-449ead878867, 8505 
220599 3633507d-de0a-437b-b8d7-2d243a019148, 8505 
220237 650fc39d-3161-4368-bdfd-1ce5ede579a6, 8505 
84064 db479c82-7aea-4d5e-9db0-d96c5cfb7b1b, 3919 
234316 e7029ea1-49d6-4bf9-8337-58734cced588, 8505 
224384 313f0f35-fbbc-4220-8bc3-9cdf00b4b315, 8505 
346538 385bb397-dd14-464d-9cfb-2ebd3cd096c1, 8505 
221338 24ecc3f0-590e-4ed2-ad58-da7443b02271, 3919 
370457 4c85c908-1ccb-436c-b770-978030fb0723, 8505 
202 68185042-4b36-4c50-94cb-9dacf2e8ae4c, 8505 
224789 a072b9c2-e23b-40c7-8bcf-7b277d83ff78, 3919 
331675 206032de-105c-4b2a-9fe3-14141c297324, 8505 
269031 55439064-fd19-4db8-a52b-cc29cc38897e, 8505 
268313 e775e963-ad5d-4735-8292-e517b2461899, 8505 
319707 6dd7b6df-1e0b-4b59-910c-7402ecb91857, 8505 
181142 1a30b3a7-efa1-4726-8127-3cb4998c521b, 3919 
119157 6fbed1a1-2ed9-4cb4-a85f-bea37a5d5a70, 3919 
147017 17474ce6-273b-4cd7-a03a-07b27960609a, 8505 
90664 0418036b-0739-4d41-86c9-90017b0cda10, 3919 
363482 ad0a8271-195f-48b5-8aab-47b16a128878, 8505 
46569 8db68d8d-fe23-4ec4-aa3d-83f0668737dc, 8505 
162142 f7af7c11-8f42-4652-89b0-816f1cc0141b, 8505 
294517 5dc2e9a4-16dc-4e89-bd31-5995e02f92d3, 3919 
7695 9634ce41-055c-4c59-b16d-21689d9d464f, 8505 
273590 69f762fd-38bf-4d87-bfa8-a5bcf9e18898, 3919 
394478 53372688-905a-4659-b8fd-3ce22c4f27e7, 3919 
222505 96d749ba-176b-43d1-a2e8-3d4bc0b53526, 8505 
39312 e71241c5-c150-4cff-a666-0d5660ef8988, 3919 
68445 dc25b14d-4fd4-40c0-a675-e1f2a39bd8b1, 3919 
77978 88db2cdf-8556-437e-90c1-e14e26f27361, 3919 
250839 7321f5d2-efe0-455d-b721-9b4eb4726bdd, 8505 
228873 553646f7-02f2-4723-94d6-b7a03b12d560, 3919 
204941 626ce664-4b43-4fef-880f-b097ce9d046a, 3919 
359143 07197a01-8cf7-4ca3-bed1-27b7648e13b8, 8505 
298425 edc4dfaf-ca2e-4662-b2dd-8aff6acfbb78, 3919 
95252 a3dbad44-becb-407c-a918-2fd0e16e4ece, 8505 
227665 2f0a2912-e7f6-494c-96ab-ed98aa0b3e58, 3919 
264618 28c58613-be8b-4a49-ac5c-8c46f4f5e030, 3919 
400768 3512d630-5dcd-4c99-849e-74963ab766c1, 8505 
235390 3d8f6877-7590-4a6e-82b3-2c356e42ab0b, 8505 
10297 53aa7231-0523-435d-b0d8-818ec44fc8d6, 8505 
287141 92ba1c77-a7cd-43e4-a2fa-1c4afb8b5b04, 8505 
338450 4f55e699-1aa0-4c5e-9843-baf33c9a3209, 8505 
175369 7378b1e9-fd15-45b1-a35f-27cb166a6839, 3919 
240286 9affe104-f8f9-4375-b1fb-aff12efbc053, 8505 
35479 508274ad-798c-491a-9857-78f77de07ef2, 3919 
349038 01cba8b1-7cde-4793-8e73-3e7dba5284d5, 8505 
312892 9061b991-7c14-48ac-8ff4-00810da8c587, 3919 
153012 3279880d-1d7e-4d06-aa78-2738f6f266e3, 3919 
326174 8ca79d17-daaa-47c3-9169-d6e42f5560b3, 8505 
219410 42c8c1f0-b390-43cd-a6a4-4a6ff5fb9fa4, 8505 
123571 bc8a0ba5-7835-4bc5-89cd-fbda2cf1fc3a, 3919 
343888 88556e6a-90df-4577-b817-e2486cb3413e, 8505 
312402 dd0d0cdf-9206-4bb8-98e0-168ef5437d45, 8505 
120093 4ce43b21-ed41-43f1-8b78-4a7e6349f364, 8505 
382554 217d6de2-11ab-4860-8f29-4e42b221895d, 8505 
195018 ad1db801-63e3-46fd-a9e7-1bee6df1ab23, 3919 
34700 95563da9-7de5-4ba2-b196-6dcb0e23a7d4, 3919 
201346 551d91be-90da-4f83-9b53-69dd4452ffce, 8505 
370508 2dae5018-e5a5-4a3f-9367-95febf1a4edb, 3919 
19003 19297387-4652-42a2-b7e2-d91558d5c1e0, 3919 
384133 d030e947-f6ac-4483-b6bf-d24a43d7ca57, 3919 
249263 d06d0276-f2fd-4057-9f1b-8317c4f401d2, 3919 
121452 50133560-8de8-4e07-9f8d-22779324015f, 8505 
225379 0651a238-6337-47af-af24-df96cc1387b6, 8505 
188390 1a52064f-8427-4b18-83a8-1b52612566ef, 3919 
233329 597bd0d2-bd4a-4aff-a496-eb0440329fdd, 8505 
2646 6ae58729-7a25-4187-8eb2-b57d095455a5, 8505 
396093 9e03fc00-351a-40f8-8829-c1922cd2d6d5, 3919 
279716 b09f7745-8c1e-4151-bd0b-0ac5f1d0779b, 8505 
107854 47dc7c3a-b9ad-4718-bba3-e6d4465aff90, 8505 
228303 3d726080-c623-4289-b228-c9c15b126624, 8505 
4382 0593c57a-24ab-4849-8b83-c06a211fd132, 3919 
392310 9959057c-5c22-41cd-80d0-28f192c89d6f, 8505 
314595 17027d6f-feb7-451d-94cd-f629f82722c3, 3919 
273356 f0e75a37-2b1a-4f32-b65a-6fa07b97ffe8, 8505 
14598 7492d517-b700-4079-8fca-bbf4c8c9511d, 3919 
163360 6cb8cea4-8be3-4067-8e4b-3f97d3f6dbd4, 3919 
163909 614a5e0e-aa88-4a86-830c-a074f8ae8305, 3919 
342548 83adab5b-38b0-44cf-9c23-ebaa874d509a, 8505 
179097 df1595f9-390b-45ca-8b4b-95dfa64e12d3, 3919 
219551 c9567507-b060-40b9-8cd4-56b3aeafe61c, 8505 
161174 cbd75e1c-ce4b-4737-a532-0bbbf0bf1348, 8505 
9122 0b503f7e-b57a-48ee-b9b7-862d6cca1071, 3919 
147810 5519f5b3-3b96-437f-872c-a10046e934d2, 3919 
97992 cb31df79-f1c7-4d21-9d2a-80bea87ed631, 3919 
14331 79f68d0a-2fe0-4b3f-85d4-026bfd93a373, 8505 
146314 8498e251-153e-40de-b146-ba601aaf742f, 8505 
166622 15e9c8ce-05c3-48b2-8f67-ed05b5731780, 3919 
291008 48ff43cd-3870-4ee5-880e-eb208e9b11ee, 3919 
182055 8c952457-2d1a-46b0-805b-96914a3fdbb3, 3919 
308349 b274b311-59ff-4389-b6bf-fe9bb6fecba1, 8505 
143490 a2a4353c-d8ef-4bdf-8eef-0dde7ffa3588, 8505 
74600 2c9f96cc-e4b2-46eb-9a40-8cc25866ba14, 3919 
396728 ca417b7b-c3ce-4a59-91bd-a266fc422ec9, 8505 
378498 a92cf594-eb85-428d-9dc2-d9f424232632, 8505 
357949 6e4aa473-efc2-4833-b78e-785df813e998, 3919 
152928 b8c3c592-a526-4bf4-9cb7-bff81845375a, 3919 
341533 4a572085-ff36-48e5-a5c7-6eee832c08c6, 3919 
279124 ed0fe38a-17aa-4aac-924e-81ad3cff7a4e, 8505 
113866 4c976863-0c0b-44ef-9959-0beac5429d58, 3919 
18401 966dfc33-051b-47e4-972b-c93ce7f66f0d, 3919 
187667 579f84ed-2939-4be9-ad34-7d17c5a495e4, 8505 
273423 81c4eccf-7eb9-4358-85ae-7aebc0797c5b, 8505 
215654 04c47222-3c0e-4848-9ce7-c5d71e5bf863, 8505 
169549 a0f08969-9243-48b5-a152-f2de20caefa9, 8505 
333898 f399eba9-ef80-4bcc-b1c5-b0e1090fc8b1, 3919 
99451 9b596552-c6b7-49bd-a142-dbfd107dd8e9, 3919 
150408 1694f232-6c9e-4836-a860-006a4998c70d, 8505 
194551 3021d347-511b-44fc-bee3-04760908c784, 3919 
128494 af5e8e65-5eaa-4d00-8431-4a5769d6b98f, 8505 
116733 8f1f3360-4feb-4066-9e1a-a8aea97c1d03, 3919 
377851 4b8acbe4-d79c-40d1-8cc8-1a2ffe77af41, 8505 
241435 b511dc16-e8ca-447c-a439-8164c9be07ff, 3919 
25226 f9b41a8b-f714-44fd-b685-ca5bcff59190, 3919 
135867 c3528da6-05cf-49c6-81c3-ef94826bd068, 8505 
58738 6fe27d17-5045-4f8f-960f-9fe903cdb39e, 3919 
337272 5781fd21-8348-4673-9b59-12f13c5a1069, 3919 
314772 5961fded-8077-4da0-87d2-708a4b657ea0, 3919 
347450 140ac471-0cd2-4a4f-b545-73533c4894bb, 8505 
25013 ad6b8678-0357-4dbf-9d0f-f62667be8278, 8505 
243331 4582c93c-be24-4a52-8efa-1cabd3aef6a8, 3919 
169582 12e04de3-4284-4f88-965b-7b4d4446002d, 3919 
138005 24e0aec8-4a9b-40b2-adb2-e31821c4ef8b, 3919 
46530 1b4a2440-bc65-483f-9ce0-1fe50bf8e0ff, 3919 
89476 b69352bf-80ca-4ec7-9a5b-60a9aa837a79, 3919 
344348 60113363-0f89-4c70-95be-25c4100199e9, 3919 
384031 9f57836f-f4e9-4a8d-be22-59a21872601a, 8505 
362656 64716ae9-c34e-4a58-a461-5649e938c779, 3919 
178244 4853dffc-56bd-46c3-9785-345b4249b1d0, 8505 
222866 c2dca076-328b-4da4-901f-2d8d317bdb5c, 8505 
116601 d5655245-52a8-44a9-86e2-bd89197a1748, 8505 
82477 3f170023-993f-4875-ba7f-c1ab5fb100c8, 3919 
101219 1f39fcc9-65d7-4625-994f-8948d0cc60a6, 8505 
9594 4cec383e-4a4b-43ad-8958-89f2ead6ba3e, 8505 
205218 adea27cf-c4b2-471c-b25b-2c4af5b68a5e, 8505 
191664 6fd44197-cc72-495a-9d5b-c498f9d50b57, 3919 
132272 90a32d87-2c33-4f9b-9504-0c3fe4be4334, 3919 
196552 c948af73-57b2-4820-970d-0b7ad3d0509a, 3919 
218079 3bde15f7-542b-4a1d-810f-eac49ab7a5db, 8505 
294382 3ca3b073-77c8-4db9-9a20-4c1f44c235a4, 3919 
302090 c7e56e3b-32ee-47ba-91b4-b15c54b50898, 3919 
284147 075384b9-5857-4037-b1bb-8a53ddd67c46, 3919 
30397 a7240efd-0436-42aa-8d39-527dc23f20e8, 8505 
224338 21d24cf9-d26e-418a-b86c-b232cb347ac2, 8505 
123702 c9686223-39aa-4a9d-95ce-30d343bdbfe2, 3919 
58532 07cc765f-cae9-4b14-9931-5777a235f674, 8505 
309578 c41fc34c-4eb0-4449-a62b-c10add59625f, 8505 
50401 ca21322e-c245-41cc-b7b8-ea4209134007, 3919 
112686 c196e38a-d6e6-429d-aced-fa9c35d7a598, 3919 
240719 65756b66-57bd-4e7a-b5f9-7ee1d89f06cc, 3919 
367640 64b7d686-0018-4bf0-ae66-f1d718ed913e, 8505 
326925 472696ea-5e8d-48e1-ba1b-4956322203f9, 3919 
193304 6c7636ff-d01b-494b-a846-e8be935a157b, 8505 
62458 2ef88e3d-1652-4202-952f-25dbb59a8398, 3919 
379594 60388115-3374-495c-bfd2-80f94d89a812, 8505 
327525 cbe173fe-ff81-417d-88ba-9469423b95be, 3919 
318724 1fe8c9f6-c6be-4087-bee6-3bdfec20a826, 3919 
330213 f7a615fe-5abf-4613-a1f7-26d3059eb823, 8505 
79915 ae24ebb3-2d68-441b-88f0-dc9971955c0e, 3919 
271060 321fed7c-2a04-4e8e-b4e6-7a7d1317147e, 3919 
146962 671fd2ff-683b-44f5-9443-fc89fca7ad43, 3919 
171685 33c3947c-5828-4c85-a128-ea55e0078174, 3919 
26300 97ad5230-2c36-40c7-896e-ea9a171734bc, 8505 
124499 dcba8604-683b-44ca-a86e-7217ae4b9b4c, 8505 
237678 9dc81097-9ba5-4ce0-8ee8-6fd3dbeb7bd8, 3919 
143463 9c3d0c52-298d-43d5-9f1f-7f59f2d483cd, 3919 
188222 09bad391-2630-48b6-aef4-61136ef13f48, 3919 
178240 e4ab1a79-fc13-4347-8a67-6ee821ae9e0e, 3919 
82301 a917d5e2-f213-48b2-be4d-882799283d4b, 3919 
14842 3d3bc9f0-cb45-4e75-ae92-f3d431f83112, 3919 
232908 c6adae64-d879-463e-b17a-fc74d2ca0fd0, 8505 
108782 b9f9b40f-05e4-4b35-99e2-badf33e3c8ac, 3919 
31071 769c831f-4113-404d-b108-2562bfcf3ad7, 3919 
281277 649bbe23-1675-44ce-a797-287431349ba8, 8505 
129843 1303381d-049e-4c93-9fd7-9a068f1286a6, 8505 
181088 888cb5fd-ddbc-4448-a723-9281fb629e12, 8505 
378149 4b18f698-2684-4427-aee1-aaf3ba87dc8e, 3919 
233199 8aad4bc7-3ab0-4041-a684-4b3d14a54035, 3919 
83590 0902723f-a6cc-4290-aaf1-e9dc92c0cb05, 3919 
196463 5b3eed12-511f-490c-9340-24e0e539ef55, 8505 
316551 3caada5f-3de7-428d-8f26-4e5bdc9ac7b2, 3919 
5787 7787daf4-3104-4846-97c3-3a0084429e30, 8505 
356996 6e62976f-58d0-4f65-8279-cf87d7edf130, 3919 
282375 db274b19-d63c-4778-874e-81345592f340, 8505 
68039 d4b1e564-18d3-4c0b-a2d2-eb2fac83a08d, 8505 
289480 f40dd09d-dc70-40e8-814d-f9d220c0c06c, 3919 
195580 24b16686-dcfd-4a2d-8cb7-64ec878925ec, 3919 
345829 8c7ccd88-31a0-4bdb-a6ab-950a9c729192, 3919 
335375 5d9d6e9f-4fc1-4a2f-b361-e3025c25c67b, 3919 
24560 b9de1515-5f1e-403b-8f8a-1aa0d81478af, 3919 
37186 a19922b7-3a09-42fe-8864-38fd39abf1a4, 3919 
215307 86917e86-2f1a-4748-a3ff-1d0115913a35, 3919 
403511 6763a128-0bcf-4575-befb-50b3a86591a3, 8505 
10406 34add6b6-6eeb-40dd-a4b1-feff13618171, 3919 
220717 94357908-97ae-4891-bdf9-4430a1266d8d, 3919 
349835 09ae068d-7002-484d-ba77-713f75b721f3, 8505 
87466 790d7c79-7b0f-46ab-ad19-19ac366e93ca, 3919 
187364 c49825e6-764b-47ca-9254-b082767c7b85, 3919 
211946 48c5af7e-a540-4bd0-8608-f0906f876669, 8505 
273896 ae8a9b07-7d07-467b-b24d-ed310bbdffe7, 8505 
301618 2acfc74c-0970-4c2c-835e-4fb69b69714c, 3919 
130899 a4cd0907-9adb-46a1-8efd-601b19bd479a, 3919 
262208 36c8dee2-5c83-43aa-bd21-3d54b179fd5b, 3919 
90154 6513ea5a-5306-41c2-8b38-5fa33c3cbad2, 3919 
272156 5c90d65d-1e81-4532-a383-0126d5281f12, 3919 
312410 aff84301-1421-47b9-8b3f-1cb69def145c, 3919 
149323 898695ee-0944-491f-979b-f3436e6eb89c, 8505 
91994 cdbd5b9f-9dea-40d3-84c9-6555353ee370, 3919 
262699 6a0dc396-888a-4c4b-a0ea-af22379a0574, 8505 
216361 bda5c9bc-09fb-4522-868b-2f1931fa06ba, 8505 
134429 f82d47e4-89e8-4bd6-9e40-a05f679570ad, 3919 
175184 1500e7e3-704c-4d77-8e3d-181890c735d8, 3919 
295914 b0b40b84-bc87-449e-84b5-28cb1f7bd937, 8505 
381671 b0d64f6c-9579-4bff-999f-254d80ca7a69, 8505 
328342 bfaf0178-5ddb-4906-9a55-71f9b1ce43e8, 8505 
15548 1e1c91da-7acc-4cb8-8018-b5fc1e96c6b4, 8505 
374576 7f91f87e-91f2-4334-a024-f8183204623b, 3919 
294757 d38de58e-8d08-42be-8f17-4b7f349abc0c, 8505 
372821 78991111-5cfa-4064-9f5d-25bbb1a7af18, 3919 
222128 d2f85979-8104-4e52-ad70-35a307a5c540, 8505 
287608 e63b7755-fe7f-4c63-8cac-1412c90d68a1, 8505 
137523 ca023af8-b8f9-4c71-a666-6ab76733f4d1, 8505 
379071 198ed173-0478-417e-a29c-8c303bb878dc, 3919 
148087 91b40371-1130-40a9-ab8f-03dad6302e04, 8505 
54688 c206ed08-3986-46ab-98c5-d0b2660531cc, 3919 
152989 fbbb33e1-0de7-4779-831e-0c4fc5ae4be4, 8505 
367417 3d9c4f08-4f14-4f88-bb36-9e31ed9149dc, 3919 
359170 e098e662-6de9-438c-93c4-e3c820265fe5, 3919 
315999 565e4872-ec07-4a99-b44d-e64da15de8be, 8505 
210419 db6f1eb5-28e2-483f-a14e-47f1170fa637, 3919 
222988 e95367cd-7b83-4d6d-b279-aed710ff0d1b, 3919 
52352 c17d550c-aa82-46ea-8850-77315bf8faff, 3919 
131043 6652d48a-ef36-42d9-b757-2e97b62df025, 3919 
60983 d34bdab8-214d-4e52-b061-b16b9552acfd, 8505 
166549 42a0dc74-d495-4015-85d9-dcbbc5cdc39e, 3919 
4740 081480b2-0767-4b61-8cfe-e4dda6c7f593, 3919 
101224 e93b49a6-4a02-4c2b-87b3-cccaf421eba2, 8505 
15351 020b653a-090a-4db7-87ae-6559c04903c0, 8505 
196937 e59968fc-ff6a-4814-8961-37991cac5d8a, 3919 
111679 db7eb76d-4377-4c1f-a02b-8537e0de7b60, 3919 
81525 93f09984-63be-4cbc-805f-ef58af9fd821, 3919 
192368 fc542004-9f8f-4d01-a33a-44fc03d108a7, 8505 
378788 b55f2395-f791-4f34-8368-5073cd397fb3, 3919 
87143 c145fc2f-ded3-49ca-abb7-858a779ea22c, 3919 
288221 dd6fde4d-966a-4da9-9bfe-066c03241905, 3919 
149039 656c28c4-fa75-45c4-86a2-087f1e35ece4, 3919 
154784 bc958391-88c3-4c5c-b972-f1fb907b67de, 3919 
243991 eadcbc09-005f-4507-9670-0621cf648171, 3919 
116233 9999791d-75e1-4945-a908-3e17f8344e5a, 3919 
337403 d87c7d31-960d-445f-bee8-8a1e64d82207, 3919 
69602 069d5a0b-d2e3-4430-aab8-65a7bff3f8a9, 3919 
323071 b08e11e2-e2ad-4aa0-b1b1-fd85eaed6f74, 3919 
362333 eb68f172-a254-4ca7-b760-07e2a0b59785, 3919 
126486 5388b2bb-e4c1-413a-aca3-85192783d1cb, 3919 
59588 f5e5a217-92f3-4ccb-b27c-326a9a69e730, 3919 
143310 ad802fe5-a634-402d-87af-b4466a4aec77, 8505 
9661 3cf8a2af-aac6-4864-80fe-db7a1ffe54aa, 3919 
22158 b28c4131-6af4-4c3b-bbb2-32de01df322a, 3919 
308294 8a86ae45-75be-4a76-88dd-e2b42b9f1c21, 8505 
395300 a802df54-cdea-4623-aecd-245b4bf2d5d6, 3919 
399978 94874769-5c99-44a1-a93b-42b8cc4a4a81, 3919 
176378 94fa5c8d-a9a0-46cc-8f35-e4b825e814d8, 3919 
379042 3054e772-c538-47bb-8c61-5032a30c5c2d, 3919 
149488 21f92e2a-09dd-4418-a736-2914aab9e3ca, 3919 
38442 a4a99dc9-3993-4480-8859-0d800eb386d4, 3919 
281197 6a6ac339-6966-4e7d-8cb4-7e79128628cc, 3919 
9990 45663475-6df3-4a01-9858-87c58ff4384c, 8505 
386320 8d5091f3-8eb5-417f-b09b-3dd70f91a155, 8505 
304466 d35e715e-99b8-4dca-92b8-c725c34b21eb, 3919 
301003 20cdbdf8-b915-49cb-9f88-aa4e1896d56a, 3919 
223434 ca1fbb5f-ec1b-4943-bf40-032f8eccf0ad, 3919 
169563 3c111f45-e07f-4b5d-b3c0-47edf5ee7052, 8505 
324116 5150e32c-7ffa-4539-961a-5eb7885c5c12, 3919 
42066 13a98b6a-2c42-4166-a6b1-0bfad17be917, 8505 
381600 0513f4de-36ee-4e8e-9a1a-1c32d14841be, 8505 
55024 9065a869-4b81-440d-a15c-605a0894916e, 3919 
242430 e992e37b-0e51-4fce-86cd-08f7de5ab9c0, 8505 
18430 a7420daa-9e37-4ac0-a067-eaf937742c15, 8505 
73753 7e1f7dcc-a633-4993-8135-ef11fd3bc3a3, 3919 
179790 ed3a75a8-f890-46ce-9a05-765aa6ae9348, 3919 
87818 ec1b6b3d-1458-469f-a2c4-99a39b70b933, 3919 
322435 7c998be2-0a9a-40c3-8425-f46d6237056d, 8505 
158581 75736249-0af1-4dfd-afca-e7718891096c, 8505 
88177 ab7cb51a-282a-4b90-99a1-753c8afc68dd, 8505 
67193 0eea68b9-803d-4046-b11e-4b8e131cac66, 3919 
400274 8b641638-abd1-41ff-a32a-2a16d2d3e27e, 3919 
143948 7ab648a0-63d5-4c16-99b6-2ff34ab235fa, 3919 
52888 44486006-e274-42b7-bea5-d723740f3107, 3919 
164306 8e05f55f-e3ae-4ba7-8b29-50f44549ffed, 3919 
38594 e19c444c-7f8b-43c3-8acc-8fd0dfb0ed2d, 8505 
324145 196f5169-ed62-433a-9819-183868739295, 3919 
103139 ffae65f2-9a7f-42bf-b10c-ca3380c8b2cd, 3919 
142565 8bb64c00-66dc-4921-8c2c-d2ba8e197eea, 8505 
235808 73dc9bfc-5712-4bf4-8ad1-9f78c872fdc0, 3919 
132394 0d4f5a8c-1b9a-470e-b82a-fce7961835ac, 3919 
189439 de50838b-9331-4cb7-9bda-e4bd8ec702ef, 3919 
5499 4efb5b61-6f98-48f3-a50f-93315b537f8c, 8505 
202423 43d69da6-7699-41d2-965f-e57a32e450e2, 3919 
196249 406fff6a-7804-445f-b62d-f300de174605, 3919 
108376 55014971-3e19-473c-83dd-209f4a2daf5d, 3919 
9178 5ade4522-67a9-4be1-9778-ec9f28a472d4, 3919 
212045 dfc353ec-e85b-4d68-859d-2b01e2430f8b, 3919 
5058 3b0cbebb-b399-4bb2-85cc-ab6a4bc9a3ea, 3919 
151343 43058e08-31a7-440a-b7d7-2e4492f498f3, 3919 
35115 280c6d24-49c3-4d5f-9ae4-f917d600f610, 8505 
321590 8f010022-3695-4448-863e-8ee134ff20f5, 8505 
103804 ff812b67-25ff-47a0-9c47-5d846bdda1c0, 8505 
15001 6f20421b-0a07-47f0-8ff8-fd9c55936ac9, 3919 
30576 1da84213-6290-44b2-bf8b-93aab8647219, 3919 
347383 06c2ddaa-8386-4ef3-87ab-ed70728bd797, 3919 
370853 f50618fa-e001-4438-8752-5d04cb8c6951, 3919 
356134 37e03504-f4e4-4b96-99f0-6f65d582736f, 3919 
344808 26b00752-dba6-4dde-a9f8-71ded1599a85, 8505 
126495 eea21984-23f4-46dd-83d3-3c8ae9deb47b, 8505 
311847 73be3333-eb0a-43b9-956c-3ac4a0e301c2, 3919 
334378 b41a7110-b934-49aa-95fc-046882cc7f94, 8505 
403221 1026984a-1c1a-40b1-b55c-f8d4dee67cab, 3919 
356752 a4c2c7b9-d747-48c5-926f-505fee5bdd99, 8505 
344919 0aaa8655-3b14-45f7-aef6-8fba23f88faf, 3919 
78974 c3b02b47-6ed5-4b7c-8c7e-54cb5c1b4517, 3919 
21440 d7b766b5-e2e1-4b6b-9407-47d38cd115d9, 3919 
388953 e17f8b89-8b67-4f2c-b486-a13cf7bdc05f, 3919 
40940 250077ec-ef85-418f-ac10-e9dfae15688c, 3919 
120358 cf3f52b4-ac19-4e60-9b1c-1b1cb3b76f53, 3919 
94220 57cbc53c-41c1-4da5-9b96-e5bb9342f94e, 3919 
198599 160a0d9c-f2d7-4152-997f-f4523ac28f49, 3919 
350953 5baf9a86-b8d4-4f0a-97e7-134597fda766, 8505 
130055 9dded0f1-1208-4792-ab10-8db55ead6e10, 8505 
404166 9b276bb5-8844-4f8c-991b-b400c882bf1c, 3919 
43475 fa84cff0-92cd-4e52-9d86-ba650ac2b5bd, 8505 
350785 ea175ff0-e5b3-4ada-a13a-ad433f9ac5ee, 8505 
299510 c2192a32-89b0-4f11-af1e-5c7f9358cc4f, 3919 
6666 8e311d84-6948-44cb-ac07-b4c5d3ed2162, 3919 
248273 8fb10259-9873-4fd0-a570-97cd023c8fba, 3919 
56555 65963fd3-31a9-4ae6-923f-c740de02c89d, 3919 
200681 f7e25c6b-c7c9-4e83-9c90-0a2cefa64d9a, 8505 
346890 3d00009b-9606-48c0-b1f9-85c336e92a31, 8505 
371292 89e2a530-724f-4c5b-975f-2f2c1a12362b, 3919 
96548 5ad583de-57c8-4f7b-a76f-8a6c03ffd70d, 8505 
8803 4cc35ac9-923b-4846-a773-7b3570903a44, 3919 
47382 9b7ebb02-164a-422f-a40e-dda9d4c0005d, 8505 
312623 1bdab491-fc2e-4797-912e-0682966f5196, 8505 
307379 c46c071e-6de0-435c-a328-d2597e0233c6, 8505 
252093 1bc7ff97-d070-445e-9ff5-6b2ecef054fa, 8505 
74958 636ca17d-03a9-4918-b3c2-949bde7f5df3, 3919 
48697 e227e42a-5766-43ea-a129-263680abed7d, 8505 
384646 6d237980-83ed-45b8-97a5-c3328c183c72, 8505 
163351 d834bcc9-9b6b-452a-9d20-50a71368c87a, 3919 
289896 ae89e66c-a816-4495-9713-59d7edbbd52c, 3919 
21801 4e4595a0-f88f-4c29-92fd-a974b87a424a, 8505 
252972 2cf51b97-0379-42e4-b7f4-268b38869254, 3919 
148077 6458b6d3-9d53-42a1-8c4e-7ace5a031d16, 8505 
308392 f4397798-8a1f-496d-98d8-de7fa9fa3012, 3919 
99788 2f8ec20f-2930-4278-991a-56fcf122be42, 3919 
299578 6aaa1819-1d33-4eb6-bf6c-a36c0e1fc4aa, 8505 
204093 18eb6002-92f4-4603-93c9-96dbd1b3d673, 8505 
200478 5021e930-7489-41de-a459-425d6d0bec6d, 3919 
207981 59b241db-4a1f-4833-aafd-3261224462f7, 3919 
239717 5ee19a8d-faeb-4fc4-9993-297a27b01dcb, 3919 
396510 e6830f01-a805-459d-a769-6c2650763b7a, 3919 
81378 0c01c206-fc61-438a-a1dd-4ce0ac9fb4d9, 8505 
54673 5cc60200-a161-47ae-bf5b-b79ac47af90d, 3919 
286190 bcb584bb-9e70-4766-8409-7e88e8eac499, 8505 
264144 03f3024c-d26c-4ce2-9d96-6f2132e9deb9, 3919 
120082 9ad3fbc4-d183-4d53-9764-55b0aff8e6bf, 3919 
74866 454c1b4b-923c-40e3-94a5-5b0064ee130e, 8505 
27757 90c5adc1-690c-4d73-b586-4ed5d5508cc9, 8505 
22641 00a4228d-e580-4cb7-ae95-0e7c86ca8904, 8505 
341326 9d898c36-e2da-45db-8cd7-01eef97f9147, 8505 
170787 bd458494-3981-45fa-afea-f55bcf589305, 8505 
200964 941d3288-4bdb-412b-9a9e-583b33d38f0d, 8505 
315445 3f13d259-ba28-49d1-b4ff-42336288b9cf, 8505 
107729 41e33e4b-4f14-467e-a7c4-d07b983e685b, 3919 
248003 c472508a-9177-4bba-87d0-8360563b7bca, 8505 
375823 f6ef2444-cd66-4cb3-972d-033901c32b3f, 3919 
348767 34977f28-814d-4492-bb7d-ddd8805bcc41, 8505 
123423 91350ebc-0e1d-4435-b6cc-e2e383f911f5, 3919 
56309 467c1874-62e6-4fc7-9922-583f68cb0f42, 8505 
342166 4eaa4e2c-5e20-437e-82e0-90a555d24c16, 3919 
93410 44ce2fe1-bb17-47e6-aa41-d63c5b623193, 3919 
331859 58693665-3af7-4a0b-9bf0-e0c1b15e1d97, 8505 
330922 07e6b95c-e680-4282-b926-0c700f94d803, 3919 
314724 cd4712d4-d441-4780-aa38-14e407fd0cf5, 3919 
335653 3037e7ad-659b-4be3-af7b-2c02946853e6, 8505 
266176 41736102-404b-4366-b747-77b85249c741, 8505 
79654 ed59780b-9c3a-424b-ba6a-0215cfe79bac, 3919 
2058 55c7095c-b47e-404b-8f52-2f9781cb8f0d, 3919 
344340 c7a97791-e16f-4a6a-91e1-b0eef80e282e, 3919 
371251 2c2d8e71-9184-4fea-acd9-13bd2f9bf2b1, 8505 
356871 ee38fc80-f619-4f96-a9c2-cf49e798f475, 8505 
404028 b3e069ce-5da6-4016-9c4f-e4bbaa4d289a, 8505 
57503 67b0e7d9-7ef0-4851-9e46-5a74f6bffa82, 8505 
321134 df66e9a6-4790-47e9-a3f5-ae499e7b72e4, 3919 
236639 74a5fb34-1737-4eaa-befb-584eccca8162, 8505 
321353 c9c7ec07-f25e-4782-b121-edef0e3babbf, 3919 
165864 cedc8658-7b3e-47b0-bd14-d4551a975c0a, 3919 
354300 8a95f5f9-a224-4caa-ab48-41557d17ee58, 3919 
348109 0a5e6b46-6987-49c8-954d-d97385a7bceb, 8505 
314366 1c3d02dc-7fbc-4ca5-83ed-bb3ef048af14, 3919 
348643 95972801-4108-4a3e-98c8-04743eda58d0, 8505 
106215 86d33df3-152d-48e1-9001-57484fb6c537, 3919 
104861 1d42e051-fead-442a-920d-ed82b9baaf97, 8505 
32546 8c069554-20ea-4e4a-b493-f608a0bf22f4, 3919 
255164 58677b22-bd02-42e5-82b7-0a475a060195, 3919 
155300 affc6cbb-37b7-4034-a6cb-d35dc205e907, 3919 
106902 ef406536-a2c8-454d-b4ef-ff5b2d3dcefc, 3919 
1176 9193907e-3eef-4df3-8f10-cf2c97de51af, 3919 
305056 d6e9fadb-c055-403d-82ef-4386f29138d0, 8505 
335976 93de412a-be10-436a-bdfb-ea91593eea9c, 3919 
210872 8481186d-95eb-4c06-99af-9b1de404dc90, 3919 
398611 f0b4bb7c-363d-492e-8d24-2ccd92cea49e, 3919 
15084 f4d49b7f-bc5d-422c-b6b7-dc5ed8891447, 8505 
342843 0ad45c22-bae6-4d04-8fdc-75031c8603b0, 3919 
322102 3617accd-badb-4468-a0bb-af1b0a1559e1, 3919 
44202 142e3366-40d2-4f47-b93d-aa4c53edb915, 3919 
24016 cd6172e0-172f-4386-a315-daacc6332bf3, 3919 
385377 68307feb-41d8-498e-a1bc-8e080bd1102f, 3919 
260310 bb4521cf-ae1d-44b1-804a-cc0dbdbec8b5, 8505 
95328 18e562b0-c33a-4703-ae0a-9c8db96b197b, 3919 
273194 4649902a-0016-4d56-988d-6095f0e8761a, 8505 
191451 972e6986-c5b1-47c8-a6da-3e348a1a2544, 8505 
47387 1b1bde4b-5b14-403a-b430-0fd63cb62691, 3919 
126789 830a4fd5-a955-4667-94df-3e617fd0f15e, 3919 
349043 98a9965e-5392-45e7-98ee-96082e145b8f, 8505 
160124 41b0b505-b76a-4e28-a33a-915c7a43e8f2, 3919 
350435 2eedf491-890e-4edc-900f-a72d2a750ce1, 3919 
224263 36c73aa1-59bc-4b5b-994d-4f81a18ff7df, 3919 
93269 872aeaa8-15fe-4a44-98d9-0e2616fa8d4b, 3919 
401392 5db142d6-f6d5-447d-97ec-ec27383795ed, 8505 
305433 0a60a8e5-af01-4c7e-9ad7-2517bc154773, 8505 
70653 5bba2040-4f8a-43d7-afd4-1f6ec1125295, 3919 
88024 1bfad520-8952-44b0-bb91-d3b506ae1808, 3919 
162394 d62d9df0-029f-40ec-b495-bd297f37ea0f, 3919 
185850 2dfc3576-2bfe-44cf-8fac-edacfb35ce27, 8505 
143736 6b33346d-4e6c-4cd3-ba89-0d999e53b34b, 8505 
208248 fdff06b1-1dc1-40d5-a871-15f95f3c2591, 3919 
16077 14d3c5b0-9b2e-4e91-a61e-0429a95131ed, 3919 
379246 e57aebcf-2a80-422a-ad7b-6db6075b7cd0, 3919 
33498 e7194784-731f-4a98-8f26-db37dd93684f, 8505 
369748 8a78afe7-6aa7-4d00-b17e-46679fa76fcd, 3919 
67836 0baa934e-d11a-49d8-bd49-e30a5c332024, 8505 
55855 09a6b1f6-bef2-4fc3-96d9-7c2d0f97a949, 3919 
113217 ca1b47f8-85f2-493f-b5d7-7fd1e1cfd6f6, 3919 
252762 a1a713fa-27ca-4972-abd8-a29f85a95be4, 8505 
230339 9eb6a790-841a-43eb-9a27-2123dd1bd591, 3919 
39922 4fa66772-6503-400e-bfcc-4c8af47473d6, 8505 
206536 66e041b6-5e6c-45a0-a245-ac7f1451bb0a, 3919 
248077 f70df606-49eb-4936-a4d2-6ee9d968e371, 3919 
305888 1e4082ab-f45a-4839-bbbc-74b49045e73f, 8505 
259782 7ea24bd2-9d57-43a4-9e12-b6e6406ef71a, 8505 
211564 cf92be8d-e72f-41a4-8eb8-524c0522505c, 3919 
248938 b515be5d-000d-4207-b023-1c9848daf446, 8505 
71231 39215a25-6552-4fbf-be45-de7edda0ae0d, 3919 
213988 4226264e-b0ab-4fdb-860b-0c7ee01386d6, 8505 
293620 3559615a-1c97-4d79-bff8-453f27966bcc, 8505 
321941 defbfde9-8159-4da1-87cb-2f9598fe25f8, 3919 
117669 f832e37f-e5e5-4903-a508-6bdf1edb6ebc, 8505 
41799 a9be3ef0-5397-4bb3-aaf4-02686132b417, 3919 
318463 f04716c2-5683-42d1-a005-2c8834167169, 8505 
130627 62b287f4-11b5-42fc-96bf-6a490602a6c6, 3919 
357517 b3120d8c-0b08-477a-a692-508daa7d802f, 8505 
8405 3ce3e358-99cc-46c8-a7b4-8f4dbed9ab34, 3919 
345722 046b87a0-e9ec-4007-af92-ba54ec46978e, 3919 
193962 4d938864-b8d0-4571-9577-e06a0751eb24, 8505 
144197 79e73406-ea91-491d-b152-f8f97b51ccec, 3919 
184850 2f222325-9ce6-4e8f-939f-640216b3750b, 3919 
246930 f8de3ff4-313c-4fbf-9789-e45f4a4d8eec, 3919 
102990 77a16723-48d3-479c-a7d3-3507d626c316, 8505 
187107 54f1173d-4d4d-4059-9f74-08c35ab5d28b, 3919 
331155 e2d18fa4-297d-4870-9e70-cfb2c4b0748d, 8505 
89666 3157338c-e368-49ca-bc33-5b6b96b93b16, 3919 
209898 e4957274-19ad-4e69-b030-983bffc3a46a, 3919 
170217 c89852d0-8572-4caa-aaba-1adc5ebc246c, 8505 
16438 3fc0435f-d256-4034-874c-8df2ba2251aa, 8505 
36528 c3ad4614-bcae-4aa6-8ebc-d5b18be2dc79, 3919 
52588 cdbda85e-900f-4ca4-b183-772384598b55, 3919 
24399 279e68b8-1f85-4962-891c-dc56088affb5, 3919 
266962 aa10a64f-028c-45f7-815b-83c159296b82, 8505 
17930 9357ab6d-0a24-45a7-8d98-9d549923f68d, 3919 
18442 d548a7b6-0ab1-43cd-a728-0139d7346bcc, 3919 
14791 5b12ee65-bb3b-4f5b-9e59-c3bdf2658d30, 3919 
22553 00e550c5-044f-447b-a4fa-19192985b952, 3919 
93582 0829e416-6652-4d81-bf59-41e69dcab28c, 8505 
186046 16cd7594-3c77-42cb-bf6a-8da86adad634, 8505 
388283 ecc689f3-4cb1-473a-8dcf-7a6b2c815dd1, 3919 
100428 3332a5cb-cce0-453c-867c-9ec61588254a, 3919 
166371 859da6a3-4f63-46f5-865d-f1f73db52396, 3919 
350418 c785f248-4477-463a-a064-3fb5667b7c36, 3919 
234403 1a2666a3-e386-4146-a6c7-80780fecd95e, 3919 
177918 16eaa487-a128-4df2-a8dc-799460a1a89d, 8505 
331261 46688f71-91b8-4305-a103-b1154196c203, 8505 
38783 0c91225e-eaf8-49f4-8b84-d974ec381e35, 3919 
82243 96ab1f7e-5341-4315-a951-1066c58e9389, 8505 
362161 9431228a-8c87-400b-8f51-56a4607c4c51, 8505 
314868 ee48c2cd-3704-4e3e-aafa-c5ce673e480e, 3919 
365739 55670620-1253-4a13-b072-018116bd28d2, 3919 
12456 97c0f662-1847-412d-b6ef-030a3f04fc97, 3919 
392597 442ae1c4-e93b-44c3-a0e4-45b11361e94c, 3919 
20141 8927755d-91bf-477b-adf2-9a5ec6381464, 3919 
21148 dd8bb9d8-19f1-4acf-9181-9324f01c274e, 8505 
26933 04c4f519-2461-4d69-a21f-fda84f3cc453, 3919 
364933 d1cb4c28-3372-4e67-8d27-203c2b5e06d1, 3919 
403561 6afd16a3-f5e2-48ec-86d3-7bd7995bc3e7, 8505 
388204 6c4f2aa9-47c7-4cfe-9fce-428403527740, 8505 
346455 b088a508-15c2-4a7f-b0f9-d99980480695, 3919 
402890 18571774-f6b7-4087-bed1-d0f147c20ffd, 3919 
383499 c64ea0f9-2221-413b-a992-29abbd1b34fd, 3919 
182551 e6e77cd3-658f-4cc3-9422-6f6a14b60cde, 3919 
293758 f3cf7c54-d82c-408f-8cea-17a620387d40, 3919 
95553 543ac5ee-0264-4d21-8f11-30b138e9cf78, 3919 
388445 ffaa824a-a457-4f23-86d9-2ecd2836460c, 8505 
6767 07582ae6-fe79-43f4-b407-db1df998ca15, 3919 
141041 8f0f18db-8f0a-43f3-bd96-12c61aa91bca, 8505 
158154 0f907aad-e4ac-4815-a352-7338171e7b96, 3919 
74149 390219c5-6046-4a36-be17-8e3759e29fd4, 3919 
66348 8f93945d-7caa-4fe7-a157-dc66c28694a1, 3919 
369871 f13af12f-c611-43ec-bd4d-29e3ece56fd5, 3919 
75172 caa29000-9779-454d-be55-e011e82bde5b, 8505 
43491 8fe528c4-51ce-4a26-9e96-825dcb37e447, 8505 
379203 c5809a74-ff3a-40c7-acca-d6beafb11f67, 3919 
20646 cde0b3ee-24c8-4ffa-83c9-9c61b4f12c2d, 3919 
53186 0fb90efc-72f7-4e47-9673-4c15a865f371, 3919 
304015 36a9c083-6e1a-4526-b7ad-12dcd56ee8e3, 3919 
308681 55387f41-57ee-41ee-9c30-5ffcb03bbb7e, 3919 
323751 1ad5ac81-f794-4238-85d1-f4208bcf1031, 3919 
112946 ffaa818d-da0f-4d05-acbd-d8e8b36e1c75, 8505 
279133 5a150659-edc2-4482-a792-dfc50ba41aae, 3919 
162610 d0ec34f7-3fe6-46cd-a8ee-69cb8ba3e7c3, 3919 
337736 c49b12d6-1500-46ff-b4f7-7788b8f48deb, 8505 
196748 4fa0e3c6-8034-4c65-8870-5fb9bc0c1c73, 3919 
318975 d5a4c0e6-074d-4a49-8633-4d7f0cd095a4, 3919 
22483 41ebac4c-b904-42ec-bd48-9c834a9010d7, 3919 
193014 c300b451-9d88-41f4-aeb7-b236b2f72e25, 3919 
345023 3330f13a-dd94-47d6-a498-5cfbd7f60b8b, 8505 
192569 85028359-3f24-495a-8dd0-fb429019f9c5, 3919 
85129 a56502ba-493f-4c63-a333-71bc6925d7e7, 3919 
295985 10745bd3-d395-4975-b9c0-c178a4a047ac, 3919 
212825 af6b0dc3-5e57-40f2-8e01-d21c4604102b, 8505 
239635 79b39f65-a7e2-4aa6-a316-8c260bd26e84, 3919 
133784 fedf1584-7ff7-40b3-a161-cac54f8e8d50, 8505 
103843 1542ee1c-9868-497f-9d6f-1a9cf732144c, 8505 
251842 275bd473-c81b-4619-85b4-d40e8bb96274, 3919 
228673 abc778cf-fc43-416f-afcf-c0a8e6240046, 3919 
143572 cfbb8581-ab97-4c5d-a91f-fcb101ec54c1, 8505 
38310 8b60381a-16da-4220-95ec-af6fb0716327, 3919 
287782 fe7b97d8-febc-4127-ae59-1a05d0eb055c, 3919 
77856 705040ef-ceff-4d54-a74d-a3140087306d, 3919 
224913 ef116cb0-c850-4295-8543-4c4765359bc0, 3919 
42262 1d596b6b-494e-49d5-bcb7-ffbb035d60eb, 3919 
388629 2f2fa1cb-11ec-4316-98d4-9f632d657bfa, 3919 
316932 3fbec28b-978d-460c-b441-4ea4eeb7ea74, 3919 
55311 3600549c-c99a-4134-b202-7077c6ab1941, 3919 
140639 9e9d23f2-fc1d-46c9-b734-b06a568f4111, 8505 
252321 2fba95a7-d8f5-429b-882d-dbf81f38120f, 3919 
280189 37408ca3-ab1f-4084-a9be-a3e9d53d1101, 3919 
40459 ea5a05dc-2d31-49a4-a517-27865efead6e, 8505 
341938 5be54fb2-e8f1-4030-93ac-9d700c944551, 3919 
200659 6ecd17b1-630f-4083-8270-eb4a154e9a05, 3919 
263256 cf175595-2fb5-4635-a11b-72939dd11b07, 8505 
316427 1ba548e0-cf6f-4c7b-b257-abe9d274ac1a, 3919 
66433 a38bf07d-02ab-4149-862b-e3ebf9f33b71, 3919 
219973 2dc9f296-57fc-453b-8f66-e944b5784115, 8505 
379006 6c5fe1bc-6432-42c7-b84b-0378343fb14b, 8505 
277052 01d08000-6f20-438d-a1c7-9f3c355f7f0e, 3919 
76581 fb4db64a-e4c4-422e-9e0f-afb86104e08e, 8505 
97718 b4c970b1-0d86-41af-84c4-3409a2dc9c45, 8505 
199554 8690127c-45cd-442b-be38-bc79aa159887, 8505 
227534 c9639a4c-be76-4667-b36a-8012bb591fe2, 3919 
128766 8d978d75-196f-4ccc-ae80-7bc18f4326bd, 3919 
32677 c7bca884-3ee2-4465-85e0-9ccaf79fdea2, 3919 
90378 7aa76c9d-fab1-4d6f-8360-1060110f6898, 3919 
62487 ac850613-42b6-49f6-992b-217b5592df7f, 8505 
380122 b61c88c8-40b8-4aac-8309-ba70ef8ebca7, 3919 
161558 6cc44ac2-c842-4c61-bc41-71f0534449a6, 3919 
12857 739b207f-aed4-4014-9c1a-42c17bded385, 8505 
75717 a55b9f3f-87aa-4356-be6e-bbb1ae4fdc06, 3919 
257762 0ae9430c-cbfc-4a61-a2d2-aa427de431f6, 8505 
215115 a732e4d3-021e-4679-bbe0-d7d663a15ae0, 8505 
187429 c19a35c4-47d4-474d-bb8b-4db2f1de41fe, 8505 
379293 cf1bc279-febe-4976-bf39-9f3ece08b0e1, 8505 
227934 a7966aa7-5d99-430c-9c14-65193cd839bd, 3919 
203149 5c991d5b-3bec-4c5c-89e8-70bd800ab21c, 3919 
53507 d40b879c-b55d-4ac3-a1a9-1e9d523d180a, 8505 
401662 7f0a93e4-af97-4312-abb8-afab2221e72c, 3919 
396147 dc109d2c-f191-43d8-b27c-0159fc15f887, 3919 
67724 9e4aeaa8-7ca6-4c83-a36f-b21c1368858c, 8505 
309216 81397b40-5194-4a1d-91b8-8d266a82a26c, 3919 
119050 aff9090a-f1a6-4961-9534-dc7ad35bed08, 3919 
203225 0093455f-64ab-4776-ad62-c1493e2e79d5, 3919 
256702 28ea9526-1906-4a50-b463-63a6cfebdd1e, 3919 
115973 734485fa-0b4b-4db9-8958-7d3be8dbbcda, 3919 
387792 f01bac60-1af3-4e97-9273-17f00e526e46, 3919 
132333 72ddc804-3e5f-42c6-9ac2-4bf119a2ddce, 8505 
234409 0dbb2dd0-7b89-4d1f-9dd9-46a908d60363, 3919 
303145 67ef1a81-4109-4fc7-a4d3-46442a0b19e3, 3919 
139043 8db624d9-6e0a-4152-9b60-5f181377398f, 3919 
36833 0378f145-42d0-402b-9a44-dba7d251a5a2, 3919 
335326 6629b711-bf41-4af3-916a-192adbc93c0f, 3919 
249866 81d06190-4f2b-4e3a-8e8e-750111440d09, 8505 
171522 3c34220a-c74e-4734-b77c-a01ca5612b0e, 3919 
108757 79395c48-9e98-4d23-b5d0-523d10a08942, 8505 
241556 0af1d60d-0b0e-486e-8f9e-8fdcd106945f, 3919 
135482 ff2e9636-29df-4b87-8205-ae0d23cb5de6, 3919 
158425 aee73f28-d532-4825-9159-d43a5a8ee296, 3919 
105490 bcc972ca-5073-4eb1-b925-9cf07f368b25, 8505 
296278 8670c4f7-e37b-4b98-b38c-d784a7e3d5a1, 8505 
91124 d8f83414-aedd-453f-9f06-80d9dc003957, 3919 
313766 3a631c79-7be2-4569-ab97-ef8ac817cf78, 3919 
28604 1b108c80-619a-4526-9bea-bd8717fb96bf, 8505 
297486 48ecb925-8190-467a-82b6-d97fc8154bbb, 3919 
25179 6903eb5a-3930-4599-b4ba-36cfbaf5d605, 8505 
118420 dd30a7cb-7e57-4ee2-be17-50b5ba22a558, 3919 
394300 31aba9b2-5653-49d5-82f6-49822558c53a, 3919 
154494 63ed442b-707d-4cdc-9a79-166c143c51e9, 3919 
260721 4031f62e-8df7-4590-acfe-1d0fbd8935f3, 3919 
164057 84bc7183-15a8-479b-b72d-db297f62a06d, 3919 
362338 1654c6b4-443a-4217-b33c-bfae7e9a048d, 3919 
291169 ad98378f-c9e4-43ed-93ce-6c35948763cd, 8505 
43043 a7b4436c-4ea9-47dc-b53f-93c587374e17, 3919 
288560 7776c404-c944-44d9-8f20-7cf3979b9bf9, 8505 
78024 95dc6b22-d7d0-434b-952d-ccbc77ef16be, 3919 
155898 d6ef7aa0-0d15-49b8-89d5-7749b4312d30, 3919 
84538 75c72f52-8798-44d3-b022-9bd72f26e1ae, 3919 
289801 0cc6aa5a-1911-42a2-bf76-f0e8673902e1, 3919 
322959 b8cfe380-452e-4cfa-b6cb-df0c48c43bad, 3919 
6400 7dd93c61-3404-4687-8540-354eb910f3c0, 3919 
351442 661bdf81-9407-4d5b-baf3-4d3c86eafb73, 8505 
738 7cfdf087-4a43-4cfb-a50f-840e9d7e91db, 3919 
321989 afcf5df1-c1f4-424f-92be-0f3c8b4c61f9, 8505 
49317 aea555ae-0ac0-45c7-8032-604d956645e8, 8505 
204175 cc7069f1-8b2b-4e22-bdb2-be2c608dfdf7, 3919 
288870 410d991c-aef2-425d-af79-315c92e9aa6b, 8505 
291339 81a71507-b29a-45b6-a9c2-3062d3845d2f, 8505 
52145 b7a32a8c-74ee-4eb3-be17-afb2232f342d, 3919 
228788 b9a551a4-f904-4be5-a6ca-334aa820df08, 3919 
323501 8d81ed92-78b9-4f8f-99bf-76a6ca509705, 3919 
376645 ccd6238d-fc31-455f-8fd1-bef35a400a62, 3919 
43017 68ecc8e7-67da-46c5-9c9f-602d7baf40e1, 3919 
147267 a6b1b712-0584-46df-8584-11d354a2357b, 8505 
339281 cac17e75-71b7-419b-8eee-01f99ed67315, 8505 
345679 7c72d489-7db5-4321-9eee-c53efa56a105, 3919 
216477 9a95863e-1c20-439f-80f7-2ec50e29b5f4, 3919 
314783 dea83108-54dd-4730-b3a2-79003a736f19, 3919 
384683 833fcda4-951e-45fc-a1e7-ef36e34b03a3, 3919 
215528 3b186fb7-6370-4792-b5ad-cba6bfb5f589, 3919 
385119 0739442b-7b0a-43f4-a4bc-2596ab53447e, 8505 
144507 f0ace3a1-bfc6-42db-9bbe-dacb65aaf2f9, 8505 
44601 84dc048d-ff11-4a70-b518-21f5bc381056, 3919 
369780 f5d11415-eff1-4166-9cc5-78011b642ed4, 3919 
84306 949ed91d-c3f1-4c56-bab7-4978a713801f, 3919 
115156 c8184528-dbda-44b1-acc1-d31b5e9db4dc, 8505 
237026 22cdff7f-8fc1-4048-ba8c-215da49e4db1, 8505 
351845 45bdc1ad-44bb-4d04-aedf-30f34c29e737, 3919 
222222 56e2d5e5-426b-47fe-b25e-d10fefdd0952, 8505 
219834 2d42dcf0-661b-457d-b579-18cb92dadbf5, 8505 
155397 4ffbad90-edb3-41e3-bcd0-c9ba8ba11b2e, 8505 
86726 f1db0558-2d64-431d-938c-e99e8c0a0110, 3919 
330517 2d1ff8e9-abb6-456f-9508-f1fd51f5fc84, 8505 
171173 56878f17-2e87-4e7b-860d-b2fe093d6c6b, 8505 
104187 8b5e6cbd-2b9f-47e5-b76d-a8e7b263005f, 3919 
390074 d80b1104-2c34-4020-81ca-58993ac6cf07, 3919 
255277 5401475f-9927-4364-aa97-93c716306abf, 3919 
190664 28f039c4-5c62-4ce8-8894-9b7326437fea, 3919 
127935 7db40044-ccfe-4f41-ab01-e1fafc30bd0c, 8505 
191698 a53ebad4-5eb2-4013-9a78-bc22c6359a7e, 8505 
275014 90063a01-075b-4b7e-ba44-6ee7391594bc, 8505 
92928 70660a5b-436f-4248-aa60-e8e8ecd9c62a, 3919 
104058 40e6a60d-cd82-4136-afe9-4c2f5734a128, 8505 
89367 a346dd2e-0811-4ca6-81d8-cb65141f07df, 3919 
185560 9f555b66-2939-423a-9d95-0a29bf920713, 3919 
7069 58eb4b61-f353-4ce2-acc8-461ebd2e08fc, 3919 
264525 e9f653fa-1c34-4848-b595-854af2604285, 3919 
199847 5163cc90-4394-423f-8301-719026696b95, 8505 
313960 6ddf8b3f-40b6-468e-814d-017891b4b841, 3919 
55246 cca1ff14-86d4-4f77-bd1a-b99b3fa272ba, 3919 
224070 c9299891-44e1-4043-8780-938046541d0a, 8505 
208242 d2576ed4-6e40-48b3-842d-d8eefc90fbee, 3919 
333038 d85b20b1-eba9-4d42-a76a-fbbaf13811c1, 8505 
336266 7dd81ae5-e3d4-4cea-babd-2ceccee29916, 3919 
133224 7e320374-3922-41aa-b29c-218b9791da08, 3919 
175072 7227cdf6-97ce-4bb3-9218-8474a74f4f83, 8505 
328173 45d6d055-6421-49b0-b6f1-9ad2b78729d5, 3919 
306031 bbf3736e-4858-4e05-9eb7-1bebed5bed7e, 8505 
65927 734a2b3d-99ab-4bed-b117-e358b08d7ed3, 3919 
39472 62f55016-8270-4f81-b3c8-58e7564c718b, 3919 
355391 5e84d73b-00e6-4923-8a61-4d98b83d3259, 8505 
175076 0b4d9858-80c2-4e6e-ae6e-5c5c33a4909c, 8505 
78841 74d1b015-4ee8-49e0-8d1d-a9b5a7fb3434, 8505 
364144 01baffe7-d61f-45b4-9726-40debbb31d79, 3919 
24165 b09c94ae-fda5-49b1-95bb-aa8c6739b7df, 3919 
97717 d70ff196-4598-4a11-aa06-73f9cdd5c9fd, 3919 
277165 f63ddad1-e5b8-4e52-bd88-33927be093d0, 3919 
349569 5a8749b6-221a-4b2b-b1a3-b1200f2bf03e, 8505 
366926 a5128f73-9394-4507-be8e-818afc80fa78, 8505 
14242 304668ee-8214-4770-a4ce-09dd9232fd54, 3919 
83315 9c0dd767-3335-465f-98fc-bfbe5cde7524, 3919 
307693 bca88919-6d1c-4724-9c8d-79802d0cad42, 3919 
161950 e1febac1-c2d5-4e9d-86dc-769e2540c3cf, 3919 
367564 aad640a9-d5ce-4c52-826e-3335a684d651, 3919 
232627 06e87f47-9eab-4f8f-be3a-0ba2e0fcf818, 8505 
41617 6b68df24-585d-43de-a670-faebe98dd2b2, 3919 
108076 9c3df96b-2895-47bf-9ccc-591c604e31ee, 8505 
212076 2ee9d80a-a105-4b06-b661-e49e11cee060, 3919 
106674 c0f8c0f0-2821-4fa9-ac91-d0bf182554a6, 3919 
185368 3e6ac016-bc38-4cbe-bcb0-5ba44dbc11a9, 8505 
302641 df2c5680-6428-4dab-918c-6a384f53d825, 3919 
44721 2913f34c-a24c-4807-8cab-bf20081821fc, 8505 
381299 019b1a07-f660-4125-bf6f-21a109811284, 8505 
213947 e6c89945-310a-48dc-bd0a-67713d3cda8c, 3919 
357545 52034b14-8cfa-47ea-85a4-5e80b579b481, 3919 
19665 4472ff92-81b7-41f9-8c29-fe5e8968c16c, 3919 
333663 5449bfa9-6a8d-49cb-932e-9c9141bdc336, 3919 
48034 8633739d-dad7-4b78-87c4-72250f66d0e4, 3919 
197958 5fbea543-5c02-47e9-b4df-ab152d766c54, 3919 
126878 a8a45afa-f77d-46f4-b737-4199c2cd4a08, 8505 
61262 384607fd-9c4b-40a2-8083-56fca50b87d6, 3919 
183482 2da454f8-ab76-4ef3-9d54-fde2227a63c4, 3919 
326847 bc003c1b-f574-40dc-80fb-bcfdb1b83706, 3919 
144887 12f72f6f-67f3-4c28-80c8-53da7bf44277, 3919 
143633 d4ef06df-caa9-4e7c-8bf8-8dadc7ab8123, 8505 
23409 81668e1e-a9e1-4184-a299-236461c2b6b7, 8505 
190970 faaf8372-e93d-422d-b3e3-ef76acf7be4e, 3919 
208316 2d98c9ba-8874-4053-a5bd-643be81b3022, 3919 
55846 10882239-e8b1-453c-b408-9ab8f9c2165f, 3919 
171243 e6889679-1634-47b1-84e6-0b777e8f5ea2, 3919 
165679 23c162a0-aefd-454a-927d-f1719b92b72d, 8505 
96006 ee45d654-98db-4d34-9e57-1ec585ce6ab2, 3919 
321640 a9648c68-b55c-442d-8b1c-525c15595a53, 3919 
225725 5366ce0f-4367-4164-b696-effc7875c540, 8505 
328579 043ce07a-e3b0-4d90-b9ed-7140550cb60a, 3919 
150299 967ac79e-21ab-4bed-b28e-6f40b87770ab, 8505 
219391 ad4dd459-b008-4bf8-8a84-a606032352e0, 3919 
78788 8a5d71fa-fb09-4ba2-8415-c0209db74551, 8505 
162618 e23ef321-b22d-4b6a-9fd3-2c0e9ae9fa12, 3919 
283598 2237760d-e4df-411f-80ee-afdd2d45496a, 3919 
172526 b6ec32d8-c8e1-4e85-97c4-34fc2ee02c51, 8505 
26734 3cd6ea0b-1ae8-4a63-92f3-76dc5bd71e80, 8505 
105931 dbeb5a5f-96c9-473d-a12c-f4cf9d7bb1cc, 3919 
381605 2e8868ba-b6f8-4fcc-99b4-d59a839873c8, 3919 
51716 463de9d9-d07b-440e-9ed0-82a5f81d751e, 3919 
131978 f1a64c66-2c18-46e4-a66a-07695e174c2c, 3919 
100495 a88fefd2-eb58-4cd1-9095-66c95a049225, 8505 
343363 c70f9385-6bc7-482c-9e90-478b16934d6e, 8505 
304788 10bd3307-ad66-481a-8f9d-5c7d2e7f0fb3, 3919 
223192 f2fd214f-b5a7-4014-8f02-29b195646d3f, 8505 
167897 2a80c7d4-873a-4639-bc8e-4c2f73378308, 8505 
51043 e295610a-573c-40ed-ae07-c7b666abfdf6, 8505 
249459 bb6f2edc-740d-472c-b2c5-11ee88fecd9a, 3919 
104972 d1f03799-a0df-4246-a992-2ad1b5003d30, 3919 
333241 8f3aa3d6-3a91-4906-946a-d56f8b24ad7b, 3919 
225388 405b5296-5f2a-4d74-8662-7bb3c0fa4db9, 3919 
281298 e046e730-fc23-4f39-aac5-fd0a10c12eb9, 3919 
77369 ccd1af1f-86ac-4b77-91ad-58b62aca01d2, 8505 
56530 9d17946c-c904-4d39-9ee9-d0321f522544, 8505 
343391 da7acfe1-2f1c-4a25-a302-14040ab92d3c, 3919 
107186 3385d06f-2324-4aad-ae6a-0c83568aeb4a, 3919 
24709 4a528dad-df8d-4ecf-8e4d-a996c979ddfb, 3919 
140220 8fa2c799-fb52-4db4-b100-6bc9cd2e4c0f, 3919 
230247 144fc0fc-ce2f-4434-b2c3-40cacbdfc717, 3919 
